-7.259894264301983036e+00 -1.267223044045559799e-01 0.000000000000000000e+00
-4.004504652048184177e+00 -2.098674042266406581e-01 0.000000000000000000e+00
-3.962324277232865288e+00 -2.770729105857061003e-01 0.000000000000000000e+00
-3.144286874226260409e+00 -9.016099232098528926e-01 0.000000000000000000e+00
-3.048699480771219328e+00 -9.320811364261484266e-01 0.000000000000000000e+00
-2.993511654513051123e+00 -1.030748889792910905e+00 0.000000000000000000e+00
-2.963790513707680763e+00 -1.078731693973128181e+00 0.000000000000000000e+00
-2.960383479805161144e+00 -1.136384915725958678e+00 0.000000000000000000e+00
-3.731915028718501226e+00 -1.507791758212261302e+00 0.000000000000000000e+00
-3.804446385112061790e+00 -1.614891900851573414e+00 0.000000000000000000e+00
-3.826841957011751116e+00 -1.703820038231335099e+00 0.000000000000000000e+00
-3.821899857707279136e+00 -1.782181399859001258e+00 0.000000000000000000e+00
-3.793014652303595913e+00 -1.932637727972722264e+00 0.000000000000000000e+00
-2.911078077973516365e+00 -1.547847851427255783e+00 0.000000000000000000e+00
-3.722381410512865418e+00 -2.063349944106908307e+00 0.000000000000000000e+00
-3.935219454082873547e+00 -2.272000264141377901e+00 0.000000000000000000e+00
-3.675533370772362307e+00 -2.208483496962200476e+00 0.000000000000000000e+00
-3.573674760996496502e+00 -2.233080070101053582e+00 0.000000000000000000e+00
-3.439387751580409436e+00 -2.233564755631726406e+00 0.000000000000000000e+00
-3.263501609243113499e+00 -2.285128658983076377e+00 0.000000000000000000e+00
-2.941585623874309441e+00 -2.137187268583572219e+00 0.000000000000000000e+00
-2.673032863987171215e+00 -2.014274938832645745e+00 0.000000000000000000e+00
-2.868359120157407904e+00 -2.241007969979630587e+00 0.000000000000000000e+00
-2.760422385602504747e+00 -2.235346187564667186e+00 0.000000000000000000e+00
-2.654343825270800927e+00 -2.227259136795741057e+00 0.000000000000000000e+00
-2.529031753848721031e+00 -2.198453970634304255e+00 0.000000000000000000e+00
-2.439001263078097725e+00 -2.196086807113482031e+00 0.000000000000000000e+00
-2.311958005253451631e+00 -2.232632100486200422e+00 0.000000000000000000e+00
-2.207587254056663451e+00 -2.207587458000753511e+00 0.000000000000000000e+00
-2.140937007571892980e+00 -2.217005375595914707e+00 0.000000000000000000e+00
-2.051450895801679941e+00 -2.199911953348494986e+00 0.000000000000000000e+00
-1.971258732459430840e+00 -2.189304819819193781e+00 0.000000000000000000e+00
-1.899946788116289920e+00 -2.185638961963563887e+00 0.000000000000000000e+00
-1.804304672251646258e+00 -2.150286774053363548e+00 0.000000000000000000e+00
-1.778459309837355784e+00 -2.196214548514896503e+00 0.000000000000000000e+00
-1.676656562166957354e+00 -2.224998617288717728e+00 0.000000000000000000e+00
-1.614058233150827304e+00 -2.221560780808689906e+00 0.000000000000000000e+00
-1.601425339466933107e+00 -2.287072624772031215e+00 0.000000000000000000e+00
-1.609916233594240298e+00 -2.386799200662232945e+00 0.000000000000000000e+00
2.241960958579428009e+00 -3.731249320035860961e+00 0.000000000000000000e+00
2.180087895010794696e+00 -3.488869656944342257e+00 0.000000000000000000e+00
2.175833001987748538e+00 -3.350488745403879420e+00 0.000000000000000000e+00
2.200239301310189521e+00 -3.142267135934313949e+00 0.000000000000000000e+00
2.131897268405492873e+00 -2.934304639079700294e+00 0.000000000000000000e+00
2.125631344704962178e+00 -2.445258973647959522e+00 0.000000000000000000e+00
2.105084906837548342e+00 -2.337933480438430855e+00 0.000000000000000000e+00
2.138853195649994987e+00 -2.214847169437859975e+00 0.000000000000000000e+00
2.124856030682899188e+00 -2.124855886092147816e+00 0.000000000000000000e+00
2.113420376489522301e+00 -2.040906195613815477e+00 0.000000000000000000e+00
2.117269018879971654e+00 -1.974385167908115912e+00 0.000000000000000000e+00
2.192277336954095990e+00 -1.973935246965153878e+00 0.000000000000000000e+00
2.282241783759773046e+00 -1.983922380951978592e+00 0.000000000000000000e+00
2.383164375984510475e+00 -1.999712213494508228e+00 0.000000000000000000e+00
2.513754414058203768e+00 -1.963960058369168982e+00 0.000000000000000000e+00
2.627510862814407488e+00 -1.979971316657190838e+00 0.000000000000000000e+00
2.726387243443947117e+00 -1.980836143514738357e+00 0.000000000000000000e+00
2.848191721588338776e+00 -1.994325175043416554e+00 0.000000000000000000e+00
2.948057667960367834e+00 -1.988489865622877550e+00 0.000000000000000000e+00
3.032632784714152319e+00 -1.969414618072257372e+00 0.000000000000000000e+00
3.198837546280649757e+00 -1.998855400892641576e+00 0.000000000000000000e+00
3.354982539005388009e+00 -1.936999928894725942e+00 0.000000000000000000e+00
3.361163537177713323e+00 -1.863123232078605307e+00 0.000000000000000000e+00
3.427602586351865988e+00 -1.822488483666089287e+00 0.000000000000000000e+00
3.476707469157930941e+00 -1.771470797640420036e+00 0.000000000000000000e+00
3.526867914071673660e+00 -1.720168279932825506e+00 0.000000000000000000e+00
3.566321142214563089e+00 -1.663002724071250160e+00 0.000000000000000000e+00
3.588406583048062704e+00 -1.597661411238154416e+00 0.000000000000000000e+00
3.695754947054351813e+00 -1.493181789969176387e+00 0.000000000000000000e+00
3.815543148457177125e+00 -1.464649654075713903e+00 0.000000000000000000e+00
3.844282629789407491e+00 -1.399204315941155352e+00 0.000000000000000000e+00
3.889863312996693079e+00 -1.339387217843264200e+00 0.000000000000000000e+00
3.983975909429502860e+00 -1.294472108509692854e+00 0.000000000000000000e+00
4.033693435926167581e+00 -1.233223709589135408e+00 0.000000000000000000e+00
4.101320910805207554e+00 -1.098945494219768060e+00 0.000000000000000000e+00
4.154806393741094617e+00 -1.035909448698232982e+00 0.000000000000000000e+00
4.167380747338611080e+00 -9.621155245133089506e-01 0.000000000000000000e+00
1.043683527324603011e+00 -2.218417497923425297e-01 0.000000000000000000e+00
1.039543208195709889e+00 -2.020666984247694031e-01 0.000000000000000000e+00
1.037002542980677733e+00 -1.828514960708314541e-01 0.000000000000000000e+00
1.033122012801132472e+00 -1.636304209066369308e-01 0.000000000000000000e+00
1.037800918552972629e+00 -1.458533766351500782e-01 0.000000000000000000e+00
1.041264477864964233e+00 -1.094412763873323924e-01 0.000000000000000000e+00
1.039031055610137866e+00 -9.090340845710476181e-02 0.000000000000000000e+00
1.039461797619245953e+00 -7.268621989545970274e-02 0.000000000000000000e+00
1.040572031997354596e+00 -5.453403980471051987e-02 0.000000000000000000e+00
1.044363372374573995e+00 -3.646994309481903923e-02 0.000000000000000000e+00
1.047840363106222084e+00 -1.829009214547401216e-02 0.000000000000000000e+00
1.046840586857719968e+00 1.827269952881885318e-02 0.000000000000000000e+00
1.049360319701456046e+00 3.664449890853078984e-02 0.000000000000000000e+00
5.175362484518862161e+00 3.618967416869427467e-01 0.000000000000000000e+00
5.193162770156693142e+00 4.543430129020457620e-01 0.000000000000000000e+00
5.158584855495067067e+00 5.421892577804273694e-01 0.000000000000000000e+00
5.135433559540799386e+00 6.305520953663288353e-01 0.000000000000000000e+00
5.169199091552531655e+00 7.264836966466281520e-01 0.000000000000000000e+00
4.994229134003263404e+00 1.719651139663761041e+00 0.000000000000000000e+00
4.128749726405392728e+00 1.668123289278667931e+00 0.000000000000000000e+00
3.855024730746844597e+00 2.600247144455185122e+00 0.000000000000000000e+00
3.728759431220757037e+00 2.709102434927809888e+00 0.000000000000000000e+00
3.712856556083353077e+00 2.797838228809400807e+00 0.000000000000000000e+00
3.604361029598947663e+00 2.816035597521107547e+00 0.000000000000000000e+00
4.608090761896610488e+00 4.449981717893185973e+00 0.000000000000000000e+00
4.117224126670295803e+00 4.415182516671404045e+00 0.000000000000000000e+00
3.947201465189077219e+00 4.383811534893392370e+00 0.000000000000000000e+00
3.836633139996967312e+00 4.413541744347062590e+00 0.000000000000000000e+00
3.651033420522072692e+00 4.351132382743334581e+00 0.000000000000000000e+00
3.328638883936244852e+00 4.417253184896946294e+00 0.000000000000000000e+00
3.209895151405673719e+00 4.418041844754895919e+00 0.000000000000000000e+00
3.063471702793814977e+00 4.375091196981166775e+00 0.000000000000000000e+00
1.033180192820987164e+00 1.590958050705641114e+00 0.000000000000000000e+00
9.618034639703469946e-01 1.539207362380037081e+00 0.000000000000000000e+00
2.569009789075246797e+00 4.275550475250681437e+00 0.000000000000000000e+00
2.399322668028811112e+00 4.328492874452843253e+00 0.000000000000000000e+00
2.290551758335134025e+00 4.307901515396427072e+00 0.000000000000000000e+00
2.194136084733242509e+00 4.306234737165284265e+00 0.000000000000000000e+00
2.087961694606752960e+00 4.280956093079127278e+00 0.000000000000000000e+00
1.990954534780571938e+00 4.269615991744219130e+00 0.000000000000000000e+00
1.820806918146833819e+00 4.289552511009686597e+00 0.000000000000000000e+00
1.645983889219109209e+00 4.287934868992342885e+00 0.000000000000000000e+00
1.380687833467380443e+00 4.249320478266715106e+00 0.000000000000000000e+00
1.300761602855791343e+00 4.254599769696039147e+00 0.000000000000000000e+00
1.220246510497437820e+00 4.255505593807014542e+00 0.000000000000000000e+00
1.138027223262700227e+00 4.247175720006857169e+00 0.000000000000000000e+00
1.043409110708939824e+00 4.184885682033057996e+00 0.000000000000000000e+00
9.023366960330974074e-01 4.245160752133538828e+00 0.000000000000000000e+00
8.235315480127856080e-01 4.236702922994932230e+00 0.000000000000000000e+00
2.451911927869221963e-01 1.390548493222297344e+00 0.000000000000000000e+00
2.136894651264232836e-01 1.349182332457270928e+00 0.000000000000000000e+00
1.839868211222816519e-01 1.309134416420153046e+00 0.000000000000000000e+00
1.402771763703251351e-01 1.334648393498026664e+00 0.000000000000000000e+00
1.192290363237307749e-01 1.362794379352002316e+00 0.000000000000000000e+00
9.954246800481446333e-02 1.423523947009415203e+00 0.000000000000000000e+00
7.651514505721628001e-02 1.459996393429771944e+00 0.000000000000000000e+00
4.962706327695466657e-02 1.421133807331225629e+00 0.000000000000000000e+00
2.567246570812049822e-02 1.470775916121084492e+00 0.000000000000000000e+00
-3.731327858841271272e-02 2.137674383103264297e+00 0.000000000000000000e+00
-2.207531247641998928e-01 4.212219309441697312e+00 0.000000000000000000e+00
-3.675358312482089329e-01 4.200953043905037099e+00 0.000000000000000000e+00
-4.401694178850038552e-01 4.187931660666437850e+00 0.000000000000000000e+00
-5.145324448590905542e-01 4.190529965761975006e+00 0.000000000000000000e+00
-5.874497476320363898e-01 4.179921702184681287e+00 0.000000000000000000e+00
-6.621871203367154513e-01 4.180884540179075515e+00 0.000000000000000000e+00
-7.373101902113922135e-01 4.181493524577603260e+00 0.000000000000000000e+00
-8.097934278810579034e-01 4.166025713793662710e+00 0.000000000000000000e+00
-9.625655762027421902e-01 4.169329304163247762e+00 0.000000000000000000e+00
-1.037119267541691814e+00 4.159657938116174236e+00 0.000000000000000000e+00
-1.157394855208432549e+00 3.361318584094754591e+00 0.000000000000000000e+00
-1.017897840129371456e+00 2.086999787031167841e+00 0.000000000000000000e+00
-1.124534493740980690e+00 2.207023145084280991e+00 0.000000000000000000e+00
-1.076762168319771673e+00 1.942530318427263092e+00 0.000000000000000000e+00
-1.139264188646338605e+00 1.896053964404449843e+00 0.000000000000000000e+00
-2.837903925473456379e+00 4.207365490877101877e+00 0.000000000000000000e+00
-3.043970287604201630e+00 4.347239996679396867e+00 0.000000000000000000e+00
-2.098393342939582240e+00 2.888190593028864939e+00 0.000000000000000000e+00
-1.515400292892181033e+00 1.625067824815508821e+00 0.000000000000000000e+00
-2.926714952525972802e+00 2.926714895819521711e+00 0.000000000000000000e+00
-2.909348300221709760e+00 1.889352844059534631e+00 0.000000000000000000e+00
-2.930006122038572247e+00 1.830870994260745732e+00 0.000000000000000000e+00
-2.827645560007845393e+00 1.567389500398404634e+00 0.000000000000000000e+00
-4.275601613624080422e+00 1.556191690397573213e+00 0.000000000000000000e+00
-6.698502395081969318e+00 1.060938519757167464e+00 0.000000000000000000e+00
-6.714017718255417044e+00 9.435936222514321736e-01 0.000000000000000000e+00
-6.677850674782958684e+00 8.199369320351099777e-01 0.000000000000000000e+00
-6.702082900450959002e+00 7.044172680228610872e-01 0.000000000000000000e+00
-6.777868654570823104e+00 2.366883626411259711e-01 0.000000000000000000e+00
-7.360000133514403409e+00 -2.652358968595440343e-08 0.000000000000000000e+00
