-7.246896232834430407e+00 -1.264954222434216957e-01 0.000000000000000000e+00
-4.029470009402247754e+00 -2.111757844630846037e-01 0.000000000000000000e+00
-3.932397384373871763e+00 -2.749802168208689834e-01 0.000000000000000000e+00
-3.108720248824913934e+00 -8.914113555601270722e-01 0.000000000000000000e+00
-3.049655716200321720e+00 -9.323734869877797760e-01 0.000000000000000000e+00
-2.993511654513051123e+00 -1.030748889792910905e+00 0.000000000000000000e+00
-2.967549235730328583e+00 -1.080099757119262094e+00 0.000000000000000000e+00
-2.959449967061586584e+00 -1.136026573704503440e+00 0.000000000000000000e+00
-3.771783696696706656e+00 -1.523899747950999251e+00 0.000000000000000000e+00
-3.806287700276457908e+00 -1.615673492874406314e+00 0.000000000000000000e+00
-3.834150226421070506e+00 -1.707073889841688619e+00 0.000000000000000000e+00
-3.816461973078856929e+00 -1.779645672288900249e+00 0.000000000000000000e+00
-3.784104808212270576e+00 -1.928097935111444450e+00 0.000000000000000000e+00
-2.908429216738256606e+00 -1.546439426760549463e+00 0.000000000000000000e+00
-3.719757324585942548e+00 -2.061895389359950315e+00 0.000000000000000000e+00
-4.001037154988044797e+00 -2.310000135708026647e+00 0.000000000000000000e+00
-3.742392477152439056e+00 -2.248656505384924120e+00 0.000000000000000000e+00
-3.571130396801082352e+00 -2.231490174725606845e+00 0.000000000000000000e+00
-3.438549141824715605e+00 -2.233020156031642056e+00 0.000000000000000000e+00
-3.304459171033856002e+00 -2.313807455397643764e+00 0.000000000000000000e+00
-2.941585623874309441e+00 -2.137187268583572219e+00 0.000000000000000000e+00
-2.671435708792974761e+00 -2.013071395949039388e+00 0.000000000000000000e+00
-2.868359120157407904e+00 -2.241007969979630587e+00 0.000000000000000000e+00
-2.740216573586240489e+00 -2.218983842043640298e+00 0.000000000000000000e+00
-2.658940123893262175e+00 -2.231115889641719363e+00 0.000000000000000000e+00
-2.533560042814975599e+00 -2.202390352549197683e+00 0.000000000000000000e+00
-2.442716894916233006e+00 -2.199432377361166591e+00 0.000000000000000000e+00
-2.313396752019320601e+00 -2.234021482216599797e+00 0.000000000000000000e+00
-2.230214715865204589e+00 -2.230214921899693614e+00 0.000000000000000000e+00
-2.145799594733904136e+00 -2.222040732469730440e+00 0.000000000000000000e+00
-2.058952984059239544e+00 -2.207956958796422509e+00 0.000000000000000000e+00
-1.977280790194023696e+00 -2.195992993120079895e+00 0.000000000000000000e+00
-1.905195348917248177e+00 -2.191676741049041421e+00 0.000000000000000000e+00
-1.822945540119873309e+00 -2.172502097357882800e+00 0.000000000000000000e+00
-1.779088584580472254e+00 -2.196991638177955064e+00 0.000000000000000000e+00
-1.720158007252171606e+00 -2.201702052764594519e+00 0.000000000000000000e+00
-1.613470350398234832e+00 -2.220751629540136385e+00 0.000000000000000000e+00
-1.597983857000986108e+00 -2.282157677978994936e+00 0.000000000000000000e+00
-1.605442748258057994e+00 -2.380166985270046887e+00 0.000000000000000000e+00
2.196515465916035748e+00 -3.515159263799075617e+00 0.000000000000000000e+00
2.215591628794604251e+00 -3.411711657055365610e+00 0.000000000000000000e+00
2.177497310617921400e+00 -3.228272274479925930e+00 0.000000000000000000e+00
2.109614224164235274e+00 -3.012841122392208693e+00 0.000000000000000000e+00
2.182052400917552593e+00 -2.510163969686057595e+00 0.000000000000000000e+00
2.118467506713789916e+00 -2.352796362312863376e+00 0.000000000000000000e+00
2.103965044184133326e+00 -2.256226125240571534e+00 0.000000000000000000e+00
2.117318855626693974e+00 -2.192547709080634899e+00 0.000000000000000000e+00
2.096571616859686848e+00 -2.096571474193614115e+00 0.000000000000000000e+00
2.139209609694938674e+00 -1.994845098457294741e+00 0.000000000000000000e+00
2.184102627396623753e+00 -1.966574705916265930e+00 0.000000000000000000e+00
2.266392951209521112e+00 -1.970145201937840262e+00 0.000000000000000000e+00
2.340265890352803524e+00 -1.963716112460686558e+00 0.000000000000000000e+00
2.458112825207291241e+00 -1.990540382469327962e+00 0.000000000000000000e+00
2.544486861297280189e+00 -1.987970876027383760e+00 0.000000000000000000e+00
2.667442601226114096e+00 -2.010062037802582857e+00 0.000000000000000000e+00
2.817063855698368702e+00 -1.972529210214502893e+00 0.000000000000000000e+00
2.940596277461922092e+00 -1.983457094537405929e+00 0.000000000000000000e+00
3.044374321678704920e+00 -1.977039660791963360e+00 0.000000000000000000e+00
3.141170208260861241e+00 -1.962820851345109530e+00 0.000000000000000000e+00
3.269236054804022462e+00 -1.964355056669206734e+00 0.000000000000000000e+00
3.324671574981450828e+00 -1.919499886949201262e+00 0.000000000000000000e+00
3.433783192660714523e+00 -1.825774770082374099e+00 0.000000000000000000e+00
3.480271449426628028e+00 -1.773286736147001497e+00 0.000000000000000000e+00
3.525070241950130079e+00 -1.719291496725589230e+00 0.000000000000000000e+00
3.556351830743293529e+00 -1.658353958165793784e+00 0.000000000000000000e+00
3.625862064075577873e+00 -1.614337664414067897e+00 0.000000000000000000e+00
3.674655518221826345e+00 -1.559798591077883101e+00 0.000000000000000000e+00
3.782910103142880232e+00 -1.528394755611564904e+00 0.000000000000000000e+00
3.841463308139889232e+00 -1.398178166877747763e+00 0.000000000000000000e+00
3.905937316507828161e+00 -1.344921940559727913e+00 0.000000000000000000e+00
3.990633276085328252e+00 -1.296635217837661225e+00 0.000000000000000000e+00
4.046125408812656588e+00 -1.237024544720540797e+00 0.000000000000000000e+00
4.121890290436913240e+00 -1.181932887103807728e+00 0.000000000000000000e+00
4.148651530918735730e+00 -1.111627694136227973e+00 0.000000000000000000e+00
4.194588411474162726e+00 -1.045828218468118465e+00 0.000000000000000000e+00
1.050530530722067812e+00 -2.232971250806939645e-01 0.000000000000000000e+00
1.041506437297713639e+00 -2.024483114445705667e-01 0.000000000000000000e+00
1.037002542980677733e+00 -1.828514960708314541e-01 0.000000000000000000e+00
1.036085098559127227e+00 -1.640997274974901887e-01 0.000000000000000000e+00
1.038791232901021377e+00 -1.459925562109347374e-01 0.000000000000000000e+00
1.035225622795415301e+00 -1.271096931759385096e-01 0.000000000000000000e+00
1.037286322931520566e+00 -1.090231555709233469e-01 0.000000000000000000e+00
1.038464186950789792e+00 -7.261646019040508826e-02 0.000000000000000000e+00
1.040572031997354596e+00 -5.453403980471051987e-02 0.000000000000000000e+00
1.040365860529601338e+00 -3.633034701804784689e-02 0.000000000000000000e+00
1.040841459749627829e+00 -1.816792602951155383e-02 0.000000000000000000e+00
1.047000050544738325e+00 2.925284348087586419e-08 0.000000000000000000e+00
1.047840362084182075e+00 1.829015069811706917e-02 0.000000000000000000e+00
1.056356144121513019e+00 3.688879867431379966e-02 0.000000000000000000e+00
5.178219982727300774e+00 4.530356879899826161e-01 0.000000000000000000e+00
5.183447997653379602e+00 5.448024800052290173e-01 0.000000000000000000e+00
5.164217678026465030e+00 6.340863415042601314e-01 0.000000000000000000e+00
5.146423160266966335e+00 7.232827476288301582e-01 0.000000000000000000e+00
8.532373896314688011e+00 1.504487961322155787e+00 0.000000000000000000e+00
3.830982407494269548e+00 2.584030391840094421e+00 0.000000000000000000e+00
3.797588943729683031e+00 2.659100536765560019e+00 0.000000000000000000e+00
3.772446267944647325e+00 2.740842781261774608e+00 0.000000000000000000e+00
3.615393131856546205e+00 2.824654820850227122e+00 0.000000000000000000e+00
1.804355580248214519e+00 1.624649134538882933e+00 0.000000000000000000e+00
4.454065366293060713e+00 4.454065560986452788e+00 0.000000000000000000e+00
4.231164094945566667e+00 4.381498873391040938e+00 0.000000000000000000e+00
3.992702238131236925e+00 4.434345264937205044e+00 0.000000000000000000e+00
3.828760376783456376e+00 4.404485165878833541e+00 0.000000000000000000e+00
3.708884402015251158e+00 4.420076500738414182e+00 0.000000000000000000e+00
3.538039283374367461e+00 4.369114838748214602e+00 0.000000000000000000e+00
3.424924820050258223e+00 4.383704053246159305e+00 0.000000000000000000e+00
3.299149790208547817e+00 4.378119834079883255e+00 0.000000000000000000e+00
3.063471702793814977e+00 4.375091196981166775e+00 0.000000000000000000e+00
9.777010262249071770e-01 1.564648781321390070e+00 0.000000000000000000e+00
2.576220290448997474e+00 4.287550765287113208e+00 0.000000000000000000e+00
2.482000027295268030e+00 4.298950348512168063e+00 0.000000000000000000e+00
2.371203668517240626e+00 4.277764854147608986e+00 0.000000000000000000e+00
2.195043999888333541e+00 4.308016621072328967e+00 0.000000000000000000e+00
1.998984303994104872e+00 4.286835888253757609e+00 0.000000000000000000e+00
1.820806918146833819e+00 4.289552511009686597e+00 0.000000000000000000e+00
1.722815634610105118e+00 4.264118558227182554e+00 0.000000000000000000e+00
1.637382998696149228e+00 4.265528781897964805e+00 0.000000000000000000e+00
1.424259310928176703e+00 4.383419705445045444e+00 0.000000000000000000e+00
1.310994706717574010e+00 4.288070746420775237e+00 0.000000000000000000e+00
1.210047879550862904e+00 4.219938738529034339e+00 0.000000000000000000e+00
1.140615472780767803e+00 4.256835199398694591e+00 0.000000000000000000e+00
1.068568892860034980e+00 4.285796064170367181e+00 0.000000000000000000e+00
9.749378203869325521e-01 4.222919985660073650e+00 0.000000000000000000e+00
8.244856147413138769e-01 4.241611171266952418e+00 0.000000000000000000e+00
7.390465796657058606e-01 4.191341850799354951e+00 0.000000000000000000e+00
2.133765816095249956e-01 1.347206863461331006e+00 0.000000000000000000e+00
1.835692989495018301e-01 1.306163591430240745e+00 0.000000000000000000e+00
1.629392914580857499e-01 1.327034219773839618e+00 0.000000000000000000e+00
1.189675673160432573e-01 1.359805774352429886e+00 0.000000000000000000e+00
9.870538466096337449e-02 1.411553094673735576e+00 0.000000000000000000e+00
7.651514505721628001e-02 1.459996393429771944e+00 0.000000000000000000e+00
4.983645746507382734e-02 1.427130075096136874e+00 0.000000000000000000e+00
2.612622826142665597e-02 1.496771979087066384e+00 0.000000000000000000e+00
-3.748780264268759821e-02 2.147672850516808563e+00 0.000000000000000000e+00
-2.933260306620311120e-01 4.194756750766840625e+00 0.000000000000000000e+00
-4.404830304340685010e-01 4.190915484326247942e+00 0.000000000000000000e+00
-5.147761659093316178e-01 4.192514914183647079e+00 0.000000000000000000e+00
-5.884239551933604373e-01 4.186853548430977234e+00 0.000000000000000000e+00
-6.631257337774631999e-01 4.186810711654037398e+00 0.000000000000000000e+00
-7.413041403565093779e-01 4.204144339514129136e+00 0.000000000000000000e+00
-8.128464237108167234e-01 4.181732014552562937e+00 0.000000000000000000e+00
-8.888225572404435670e-01 4.181581073844212071e+00 0.000000000000000000e+00
-1.040264255128130477e+00 4.172271793618266500e+00 0.000000000000000000e+00
-1.153162465312370655e+00 3.349026831847242036e+00 0.000000000000000000e+00
-1.199464675270193181e+00 3.295501976744768857e+00 0.000000000000000000e+00
-1.024035009582591638e+00 2.099582848746100794e+00 0.000000000000000000e+00
-1.126804498248769937e+00 2.211478279645311851e+00 0.000000000000000000e+00
-1.169453659712486937e+00 2.199422384219437365e+00 0.000000000000000000e+00
-1.084000013413708219e+00 1.877543047838506229e+00 0.000000000000000000e+00
-1.154200315700812496e+00 1.920911853554931215e+00 0.000000000000000000e+00
-1.203446622600798932e+00 1.925917134956283361e+00 0.000000000000000000e+00
-2.882639582473196960e+00 4.273688828246960725e+00 0.000000000000000000e+00
-1.989736747055233179e+00 2.841638502480015482e+00 0.000000000000000000e+00
-2.971969878671871790e+00 2.971969821088585650e+00 0.000000000000000000e+00
-2.931153554343500556e+00 1.903513341407792048e+00 0.000000000000000000e+00
-2.935094446226239384e+00 1.834050532042091008e+00 0.000000000000000000e+00
-4.292515751049914563e+00 1.562347932838041187e+00 0.000000000000000000e+00
-6.700477628590851609e+00 1.061251366001221497e+00 0.000000000000000000e+00
-6.697182964641934078e+00 9.412276520070187447e-01 0.000000000000000000e+00
-6.697701578895560282e+00 8.223743164884151913e-01 0.000000000000000000e+00
-6.733907665612110627e+00 7.077621854855769001e-01 0.000000000000000000e+00
-6.750215299598233187e+00 5.905672859637594030e-01 0.000000000000000000e+00
-7.104250355548546558e+00 3.723179560434178859e-01 0.000000000000000000e+00
-7.361999988555907315e+00 -2.653079666062695807e-08 0.000000000000000000e+00
