-7.254894911407262725e+00 -1.266350401144318572e-01 0.000000000000000000e+00
-3.958334072419226413e+00 -2.767938880766447896e-01 0.000000000000000000e+00
-3.088864332804155843e+00 -9.443607662038190353e-01 0.000000000000000000e+00
-3.026261711468069215e+00 -9.832922027705316426e-01 0.000000000000000000e+00
-2.989729628968091024e+00 -1.029446633753333229e+00 0.000000000000000000e+00
-2.967549235730328583e+00 -1.080099757119262094e+00 0.000000000000000000e+00
-3.794036264387792290e+00 -1.532890370166532623e+00 0.000000000000000000e+00
-3.777510593983334442e+00 -1.681856297427491098e+00 0.000000000000000000e+00
-3.770240169817878684e+00 -1.758092088703098410e+00 0.000000000000000000e+00
-3.796505940707239457e+00 -1.851679899122756767e+00 0.000000000000000000e+00
-3.806386860158234686e+00 -2.023892030851417889e+00 0.000000000000000000e+00
-3.780106296291198209e+00 -2.095347374436835164e+00 0.000000000000000000e+00
-3.843420810088107764e+00 -2.219000286417763146e+00 0.000000000000000000e+00
-3.577914694020800201e+00 -2.235729474584772003e+00 0.000000000000000000e+00
-3.504804111435860570e+00 -2.276046640888112371e+00 0.000000000000000000e+00
-3.379157214162956446e+00 -2.279270555117485220e+00 0.000000000000000000e+00
-3.229916467165022453e+00 -2.261612086948517675e+00 0.000000000000000000e+00
-2.749039653740578792e+00 -1.997294418738564614e+00 0.000000000000000000e+00
-2.715360713595510678e+00 -2.046171264474365703e+00 0.000000000000000000e+00
-2.832898577430606135e+00 -2.213303154947193097e+00 0.000000000000000000e+00
-2.724673669771580098e+00 -2.206397445495416942e+00 0.000000000000000000e+00
-2.587898970599691317e+00 -2.249626466277908410e+00 0.000000000000000000e+00
-2.485076267255847071e+00 -2.237572931103740004e+00 0.000000000000000000e+00
-2.371779973909092565e+00 -2.211720812693319438e+00 0.000000000000000000e+00
-2.288219798392386650e+00 -2.209708378461160638e+00 0.000000000000000000e+00
-2.201223248812876232e+00 -2.201223452169038808e+00 0.000000000000000000e+00
-2.124265256499360266e+00 -2.199741270385121794e+00 0.000000000000000000e+00
-2.043948970145192501e+00 -2.191867122268885026e+00 0.000000000000000000e+00
-1.967243920947595370e+00 -2.184845919498909161e+00 0.000000000000000000e+00
-1.857013264421029097e+00 -2.213102433938209046e+00 0.000000000000000000e+00
-1.787899181192427633e+00 -2.207871819890991905e+00 0.000000000000000000e+00
-1.726930379379605363e+00 -2.210370294607607367e+00 0.000000000000000000e+00
-1.660407587359212567e+00 -2.203435497389634179e+00 0.000000000000000000e+00
-1.610531497190935690e+00 -2.216706644736121667e+00 0.000000000000000000e+00
-1.609455374053295973e+00 -2.298540703755068026e+00 0.000000000000000000e+00
-1.626692003587876911e+00 -2.411670304869880432e+00 0.000000000000000000e+00
2.218784204528798210e+00 -3.692676726940017584e+00 0.000000000000000000e+00
2.172669057230417700e+00 -3.476997035624355803e+00 0.000000000000000000e+00
2.223910293118799064e+00 -3.297082345497182931e+00 0.000000000000000000e+00
2.162383263350552198e+00 -3.088203114849690678e+00 0.000000000000000000e+00
2.118414748906452871e+00 -2.436957230413201003e+00 0.000000000000000000e+00
2.140792889339834915e+00 -2.295719151327813456e+00 0.000000000000000000e+00
2.140242577362887921e+00 -2.216285916220634977e+00 0.000000000000000000e+00
2.126977197346925141e+00 -2.126977052611834118e+00 0.000000000000000000e+00
2.122052514745477403e+00 -2.049242154064844001e+00 0.000000000000000000e+00
2.123851248434956318e+00 -1.980523195853191698e+00 0.000000000000000000e+00
2.199708778346637139e+00 -1.980626546397585175e+00 0.000000000000000000e+00
2.297335961408619731e+00 -1.997043548513059541e+00 0.000000000000000000e+00
2.383930364926738044e+00 -2.000354954489888204e+00 0.000000000000000000e+00
2.507450221152634384e+00 -1.959034683401132959e+00 0.000000000000000000e+00
2.617927359841326851e+00 -1.972749629672622573e+00 0.000000000000000000e+00
2.728814311458774622e+00 -1.982599511524216762e+00 0.000000000000000000e+00
2.841638589454171804e+00 -1.989736622843262470e+00 0.000000000000000000e+00
2.955519058458813131e+00 -1.993522636708348950e+00 0.000000000000000000e+00
3.066179576145104946e+00 -1.991200157609569477e+00 0.000000000000000000e+00
3.185268748970674135e+00 -1.990376675920128680e+00 0.000000000000000000e+00
3.318609423471972963e+00 -1.915999902401952726e+00 0.000000000000000000e+00
3.353292113149278109e+00 -1.858760030819664344e+00 0.000000000000000000e+00
3.428485469964240195e+00 -1.822957921173919527e+00 0.000000000000000000e+00
3.463342490042188970e+00 -1.764661001180798383e+00 0.000000000000000000e+00
3.517879982042360965e+00 -1.715784572928281904e+00 0.000000000000000000e+00
3.591697866069546219e+00 -1.674836083776101381e+00 0.000000000000000000e+00
3.594801373461152583e+00 -1.600508555127649668e+00 0.000000000000000000e+00
3.696682063718909728e+00 -1.493556369382727178e+00 0.000000000000000000e+00
3.816476661229496692e+00 -1.465007996022287262e+00 0.000000000000000000e+00
3.869654284233249086e+00 -1.408438842072324837e+00 0.000000000000000000e+00
3.962668377536734621e+00 -1.364456009467220232e+00 0.000000000000000000e+00
3.995388667553515294e+00 -1.298180338029287562e+00 0.000000000000000000e+00
4.031780965021060759e+00 -1.232639008619281995e+00 0.000000000000000000e+00
4.085362243002125915e+00 -1.171458639241114819e+00 0.000000000000000000e+00
4.171301151009410013e+00 -1.040022053062656049e+00 0.000000000000000000e+00
4.210253175443247287e+00 -9.720134030979314943e-01 0.000000000000000000e+00
1.044661604036080105e+00 -2.220496463849633006e-01 0.000000000000000000e+00
1.039543208195709889e+00 -2.020666984247694031e-01 0.000000000000000000e+00
1.037987396758883740e+00 -1.830251523342369124e-01 0.000000000000000000e+00
1.034109747301005910e+00 -1.637868626530673555e-01 0.000000000000000000e+00
1.039195874622231841e+00 -1.275971786867541591e-01 0.000000000000000000e+00
1.041264477864964233e+00 -1.094412763873323924e-01 0.000000000000000000e+00
1.039031055610137866e+00 -9.090340845710476181e-02 0.000000000000000000e+00
1.038464186950789792e+00 -7.261646019040508826e-02 0.000000000000000000e+00
1.038574679592879191e+00 -5.442936305751731874e-02 0.000000000000000000e+00
1.040365860529601338e+00 -3.633034701804784689e-02 0.000000000000000000e+00
1.042841129395635669e+00 -1.820283033686002222e-02 0.000000000000000000e+00
1.046000003814696822e+00 2.922490249801512288e-08 0.000000000000000000e+00
1.048361001310498253e+00 3.660960191366714744e-02 0.000000000000000000e+00
5.162394140474116710e+00 3.609899063746515036e-01 0.000000000000000000e+00
5.178219982727300774e+00 4.530356879899826161e-01 0.000000000000000000e+00
5.167535852238055227e+00 5.431300456934741172e-01 0.000000000000000000e+00
5.233695605510035875e+00 6.426171602264855176e-01 0.000000000000000000e+00
5.233566572441361586e+00 7.355299579013679923e-01 0.000000000000000000e+00
5.064197396173495846e+00 1.743743146368484931e+00 0.000000000000000000e+00
4.130603959692646043e+00 1.668872448209382853e+00 0.000000000000000000e+00
3.800865314367500858e+00 2.661394676297446082e+00 0.000000000000000000e+00
3.719051159555590402e+00 2.702048962347404437e+00 0.000000000000000000e+00
3.705668595939504595e+00 2.792421712072532092e+00 0.000000000000000000e+00
3.605937312602034428e+00 2.817267124832607994e+00 0.000000000000000000e+00
4.579317197934746453e+00 4.422195408941183459e+00 0.000000000000000000e+00
4.119269973410942143e+00 4.417376418796522763e+00 0.000000000000000000e+00
3.939171841948383435e+00 4.374893734448232152e+00 0.000000000000000000e+00
3.822855960789981022e+00 4.397692911964450779e+00 0.000000000000000000e+00
3.577057019370133428e+00 4.417297732057097193e+00 0.000000000000000000e+00
3.325629740031177395e+00 4.413259915887616458e+00 0.000000000000000000e+00
3.212834144850332141e+00 4.422087022372075182e+00 0.000000000000000000e+00
3.069781133117760685e+00 4.384101997715212029e+00 0.000000000000000000e+00
1.069126424627518723e+00 1.646310396097575124e+00 0.000000000000000000e+00
9.522649139833514464e-01 1.523942490796182714e+00 0.000000000000000000e+00
2.492499981158305289e+00 4.317136802912837190e+00 0.000000000000000000e+00
2.393989917745316109e+00 4.318872337827684760e+00 0.000000000000000000e+00
2.286795810463593259e+00 4.300837604498678246e+00 0.000000000000000000e+00
2.191866080365983294e+00 4.301779602532650237e+00 0.000000000000000000e+00
2.084454770721955175e+00 4.273765833214030252e+00 0.000000000000000000e+00
1.989263982807166098e+00 4.265990591156493927e+00 0.000000000000000000e+00
1.821588510044370057e+00 4.291393826227268171e+00 0.000000000000000000e+00
1.645625547261176935e+00 4.287001356224384274e+00 0.000000000000000000e+00
1.381923959137127733e+00 4.253124882126042117e+00 0.000000000000000000e+00
1.296376066579989939e+00 4.240255325957805965e+00 0.000000000000000000e+00
1.218041440178593948e+00 4.247815599206863801e+00 0.000000000000000000e+00
1.135180296890261786e+00 4.236550845383030506e+00 0.000000000000000000e+00
9.598661206270182600e-01 4.157637276544583038e+00 0.000000000000000000e+00
9.002575317078542749e-01 4.235379052209816919e+00 0.000000000000000000e+00
8.225774812842573391e-01 4.231794674722911154e+00 0.000000000000000000e+00
2.432810772600111637e-01 1.379715688676438790e+00 0.000000000000000000e+00
2.135330233679741396e-01 1.348194597959300856e+00 0.000000000000000000e+00
1.612331137930801683e-01 1.313138515881824953e+00 0.000000000000000000e+00
1.402771763703251351e-01 1.334648393498026664e+00 0.000000000000000000e+00
1.189675673160432573e-01 1.359805774352429886e+00 0.000000000000000000e+00
9.961221940639022887e-02 1.424521438758120651e+00 0.000000000000000000e+00
7.641047452464960754e-02 1.457999160072487532e+00 0.000000000000000000e+00
4.959216216543032435e-02 1.420134369802071861e+00 0.000000000000000000e+00
-2.318441821342748919e-08 1.470000028610229270e+00 0.000000000000000000e+00
-2.940236115174037490e-01 4.204732619583105624e+00 0.000000000000000000e+00
-3.667514447218857554e-01 4.191987466442387067e+00 0.000000000000000000e+00
-4.415282892971381656e-01 4.200860456667296461e+00 0.000000000000000000e+00
-5.152636661216520864e-01 4.196485284309876107e+00 0.000000000000000000e+00
-5.880063997454142433e-01 4.183882487355930380e+00 0.000000000000000000e+00
-6.642207703593733248e-01 4.193724499880408629e+00 0.000000000000000000e+00
-7.364420121815061782e-01 4.176569842715688097e+00 0.000000000000000000e+00
-8.886146606050697727e-01 4.180602997141821930e+00 0.000000000000000000e+00
-9.639152920500574373e-01 4.175175565419238843e+00 0.000000000000000000e+00
-1.036877247809587788e+00 4.158687250046504857e+00 0.000000000000000000e+00
-1.158045944348442324e+00 3.363209484176406416e+00 0.000000000000000000e+00
-1.450315116064305965e+00 3.778199903174064733e+00 0.000000000000000000e+00
-1.132252314235874247e+00 2.222170220213271374e+00 0.000000000000000000e+00
-1.186824192099060760e+00 2.232091603251367573e+00 0.000000000000000000e+00
-1.070944527653215017e+00 1.932035017135115718e+00 0.000000000000000000e+00
-1.190728597423663215e+00 1.905564040642455881e+00 0.000000000000000000e+00
-2.861949344443866394e+00 4.243014289654849946e+00 0.000000000000000000e+00
-3.017012234055040487e+00 4.308739907142131287e+00 0.000000000000000000e+00
-1.963722455496663022e+00 2.605947657276005192e+00 0.000000000000000000e+00
-3.020507764419520402e+00 2.916870386556583039e+00 0.000000000000000000e+00
-3.089238046029099571e+00 2.880761028201912044e+00 0.000000000000000000e+00
-1.977906997545888279e+00 1.545310279906452422e+00 0.000000000000000000e+00
-2.918573607733030428e+00 1.895343828701184341e+00 0.000000000000000000e+00
-2.997001918731867498e+00 1.872734613582401453e+00 0.000000000000000000e+00
-1.667025184608659671e+00 9.240471324305850054e-01 0.000000000000000000e+00
-6.707391416838439646e+00 1.062346402449173777e+00 0.000000000000000000e+00
-6.712036853467787445e+00 9.433152298702104366e-01 0.000000000000000000e+00
-6.686783415984619339e+00 8.210337346999571073e-01 0.000000000000000000e+00
-6.722321969647017781e+00 5.881269359253301632e-01 0.000000000000000000e+00
-7.369999885559081143e+00 -2.655962627771838399e-08 0.000000000000000000e+00
