-6.895796789217895295e+00 -2.408068891928717148e-01 0.000000000000000000e+00
-6.885187000514836342e+00 -4.814595345264816584e-01 0.000000000000000000e+00
-6.859796815899444233e+00 -6.001548121545865477e-01 0.000000000000000000e+00
-6.841316267128989104e+00 -7.190516704409624094e-01 0.000000000000000000e+00
-6.859486187372182187e+00 -8.422393569361907861e-01 0.000000000000000000e+00
-6.765664984169984741e+00 -1.071576416053630965e+00 0.000000000000000000e+00
-6.719298005123704343e+00 -1.675309511707767207e+00 0.000000000000000000e+00
-6.657395506251862827e+00 -2.163119292442630126e+00 0.000000000000000000e+00
-1.443625270826888629e+00 -5.832625524829210262e-01 0.000000000000000000e+00
-1.429543982997301343e+00 -6.068055023951773874e-01 0.000000000000000000e+00
-1.454248759756058940e+00 -7.092845997925290025e-01 0.000000000000000000e+00
-2.630646374754805006e+00 -1.580651981339130430e+00 0.000000000000000000e+00
-3.971918790661908449e+00 -2.679093328043352429e+00 0.000000000000000000e+00
-3.821344128145888863e+00 -2.675734235377961401e+00 0.000000000000000000e+00
-3.590417460933041482e+00 -2.608591238727826944e+00 0.000000000000000000e+00
-3.393174363433204554e+00 -2.651038615962103329e+00 0.000000000000000000e+00
-3.248469861840487916e+00 -2.630559279245567428e+00 0.000000000000000000e+00
-3.122397191004415706e+00 -2.620002580735915743e+00 0.000000000000000000e+00
-2.956952002234515930e+00 -2.570439402508340798e+00 0.000000000000000000e+00
-2.826179632870295499e+00 -2.544703809807147277e+00 0.000000000000000000e+00
-2.685530625772769131e+00 -2.504298056095572100e+00 0.000000000000000000e+00
-2.577394349518810301e+00 -2.488961022333368245e+00 0.000000000000000000e+00
-2.215491397742378687e+00 -2.460552699388067310e+00 0.000000000000000000e+00
-2.154497685504797033e+00 -2.478466299347424240e+00 0.000000000000000000e+00
-2.068490374084619887e+00 -2.465131062427638131e+00 0.000000000000000000e+00
-1.967884811348590723e+00 -2.430135583411528799e+00 0.000000000000000000e+00
-1.899931181690525106e+00 -2.431801244538961626e+00 0.000000000000000000e+00
-1.815675792052578119e+00 -2.409483383729066119e+00 0.000000000000000000e+00
-1.739844261507161649e+00 -2.394690412460591666e+00 0.000000000000000000e+00
-1.684848112890058980e+00 -2.497890290916096934e+00 0.000000000000000000e+00
3.171679042266423831e+00 -3.522506193471941938e+00 0.000000000000000000e+00
3.221760355808590770e+00 -3.454914759222367682e+00 0.000000000000000000e+00
4.768253286485932385e+00 -3.725367502280222176e+00 0.000000000000000000e+00
4.759069210859189880e+00 -3.586215632766022399e+00 0.000000000000000000e+00
4.821529171104358191e+00 -3.376070836543719533e+00 0.000000000000000000e+00
4.815050399809490678e+00 -3.247792275755873703e+00 0.000000000000000000e+00
4.739741095849034025e+00 -2.961718734134003661e+00 0.000000000000000000e+00
1.724396633313324489e+00 -9.168778836845854485e-01 0.000000000000000000e+00
4.545802107008920956e+00 -2.023921325917368730e+00 0.000000000000000000e+00
4.553737594625937746e+00 -1.932946761679865233e+00 0.000000000000000000e+00
4.538565007106898364e+00 -1.833699127320327138e+00 0.000000000000000000e+00
4.530666016457335132e+00 -1.739159578478372881e+00 0.000000000000000000e+00
4.514283307404318712e+00 -1.643064596280022771e+00 0.000000000000000000e+00
4.494692980736772370e+00 -1.460414127030001952e+00 0.000000000000000000e+00
4.499413845441575077e+00 -1.375608712360693042e+00 0.000000000000000000e+00
4.471122547464323915e+00 -1.114775913549975295e+00 0.000000000000000000e+00
4.547384945117781463e+00 -1.049846394388122217e+00 0.000000000000000000e+00
4.488719588121687920e+00 -9.541066632609335185e-01 0.000000000000000000e+00
4.444437423569453038e+00 -7.836740976130938119e-01 0.000000000000000000e+00
4.438671381686975614e+00 -7.030163499105411828e-01 0.000000000000000000e+00
4.399760888705923634e+00 -6.183459375809680081e-01 0.000000000000000000e+00
1.456065217194664418e+00 -1.787822856451324327e-01 0.000000000000000000e+00
1.408243016633007327e+00 -1.480122643959536077e-01 0.000000000000000000e+00
1.427514153056664847e+00 -9.982147287241151246e-02 0.000000000000000000e+00
1.450010108522098440e+00 -7.599176851178118808e-02 0.000000000000000000e+00
1.512078334206586661e+00 -5.280289625443162355e-02 0.000000000000000000e+00
1.541765201991381007e+00 -2.691156840676990278e-02 0.000000000000000000e+00
1.514000058174132635e+00 4.230067296440153561e-08 0.000000000000000000e+00
1.557762676831170756e+00 2.719089199281614008e-02 0.000000000000000000e+00
2.226943878336566041e+00 1.167092447368413277e-01 0.000000000000000000e+00
2.204616584904398380e+00 1.541618700395379071e-01 0.000000000000000000e+00
4.261875228145659555e+00 6.750148394894320836e-01 0.000000000000000000e+00
4.247476017936353543e+00 7.489447383160162675e-01 0.000000000000000000e+00
4.245537359350738171e+00 8.252489809146278388e-01 0.000000000000000000e+00
4.249073019490583469e+00 9.031684681840740359e-01 0.000000000000000000e+00
4.240458726762886599e+00 9.789871527319913280e-01 0.000000000000000000e+00
4.197913799826558545e+00 1.124827729143699662e+00 0.000000000000000000e+00
4.184372289169262515e+00 1.199849562943143377e+00 0.000000000000000000e+00
2.195374442652530789e+00 1.267500095348985001e+00 0.000000000000000000e+00
2.150632780725331816e+00 1.292230613441392562e+00 0.000000000000000000e+00
1.874453854039374479e+00 1.264335152639769921e+00 0.000000000000000000e+00
4.038699832457508521e+00 3.043378761137914612e+00 0.000000000000000000e+00
3.993752975187661480e+00 3.234077541720417059e+00 0.000000000000000000e+00
4.062601513511801876e+00 3.531565776471932150e+00 0.000000000000000000e+00
4.049395984978533924e+00 3.646092685065761785e+00 0.000000000000000000e+00
1.554220638710678726e+00 1.554220706647824413e+00 0.000000000000000000e+00
1.160941583947792566e+00 1.289356307736360119e+00 0.000000000000000000e+00
2.706778533999910863e+00 3.225813181002718188e+00 0.000000000000000000e+00
1.168621380650815667e+00 1.944912674399838171e+00 0.000000000000000000e+00
1.730499923404018370e+00 2.997313927077154716e+00 0.000000000000000000e+00
8.675758179934257575e-01 1.702713496470337873e+00 0.000000000000000000e+00
1.355336716992164403e+00 2.906529114541346992e+00 0.000000000000000000e+00
5.860351020668549404e-01 6.698413136806746770e+00 0.000000000000000000e+00
4.694609601126881193e-01 6.713606084933728901e+00 0.000000000000000000e+00
3.522208777891409626e-01 6.720776793643616465e+00 0.000000000000000000e+00
1.167215914118312908e-01 6.686981589210788890e+00 0.000000000000000000e+00
-1.052761857038976193e-07 6.675000190734861505e+00 0.000000000000000000e+00
-5.051067486402031070e-01 7.223361455286774202e+00 0.000000000000000000e+00
-6.312691563032675202e-01 7.215438219150503762e+00 0.000000000000000000e+00
-8.536948675771424133e-01 6.952785893179057375e+00 0.000000000000000000e+00
-5.381824520008018364e-01 3.829366715912157826e+00 0.000000000000000000e+00
-6.125974040871128290e-01 3.867787423590027363e+00 0.000000000000000000e+00
-1.114165981052946064e+00 2.902501501299548980e+00 0.000000000000000000e+00
-1.148169266622597329e+00 2.841818552607597859e+00 0.000000000000000000e+00
-1.190557757191883281e+00 2.804778210188546339e+00 0.000000000000000000e+00
-1.240953581038537923e+00 2.787227283754126539e+00 0.000000000000000000e+00
-1.354566839992268790e+00 2.777273509318034517e+00 0.000000000000000000e+00
-1.774648869331221457e+00 3.482944410163913762e+00 0.000000000000000000e+00
-1.908401972608404273e+00 3.589181992619862260e+00 0.000000000000000000e+00
-1.978508030398400619e+00 3.569322871268758579e+00 0.000000000000000000e+00
-2.051000159874980966e+00 3.552436387119548566e+00 0.000000000000000000e+00
-2.128137350826708740e+00 3.541815235697510555e+00 0.000000000000000000e+00
-1.677724362669146041e+00 2.684920159412787832e+00 0.000000000000000000e+00
-2.358675669653412132e+00 3.496880400916174469e+00 0.000000000000000000e+00
-2.509970483472894642e+00 3.584609258727716519e+00 0.000000000000000000e+00
-2.494560623505150065e+00 3.433468062977569790e+00 0.000000000000000000e+00
-2.483088777393015256e+00 3.295170029829433744e+00 0.000000000000000000e+00
-2.464492785404932995e+00 3.154406849136696778e+00 0.000000000000000000e+00
-2.440504521336312571e+00 3.013772029212622883e+00 0.000000000000000000e+00
-2.316606632771683660e+00 2.760824219125578516e+00 0.000000000000000000e+00
-2.155938760003649257e+00 2.394412519463952282e+00 0.000000000000000000e+00
-2.423822129903549616e+00 2.599230958880579756e+00 0.000000000000000000e+00
-2.406991218501193686e+00 2.492512322788289492e+00 0.000000000000000000e+00
-2.379414348487352893e+00 2.379414302385103319e+00 0.000000000000000000e+00
-2.360153833965310533e+00 2.279174020707876114e+00 0.000000000000000000e+00
-2.328630217564583660e+00 2.171482766915982410e+00 0.000000000000000000e+00
-2.314153066827290051e+00 2.083672741600620881e+00 0.000000000000000000e+00
-2.307901980888810378e+00 2.006228547104079940e+00 0.000000000000000000e+00
-2.326774992716860613e+00 1.884185203742183790e+00 0.000000000000000000e+00
-2.312811532540687498e+00 1.806966374635318173e+00 0.000000000000000000e+00
-2.301667530510620896e+00 1.734430858549807608e+00 0.000000000000000000e+00
-2.290327197695921413e+00 1.664020082531016298e+00 0.000000000000000000e+00
-2.279700146312656273e+00 1.596263198985945042e+00 0.000000000000000000e+00
-2.233427237560897893e+00 1.506465666834621242e+00 0.000000000000000000e+00
-2.262733165776956490e+00 1.469436073289244638e+00 0.000000000000000000e+00
-2.249871708920710756e+00 1.405875851824092582e+00 0.000000000000000000e+00
-2.269852637956032204e+00 1.310500008362733393e+00 0.000000000000000000e+00
-2.318616873315757498e+00 1.285230296922932780e+00 0.000000000000000000e+00
-2.395436881044648469e+00 1.273676359896254828e+00 0.000000000000000000e+00
-2.493036350566197434e+00 1.270265444348249062e+00 0.000000000000000000e+00
-2.591223151904648692e+00 1.263823952595316324e+00 0.000000000000000000e+00
-2.710766542809140311e+00 1.264051175334495625e+00 0.000000000000000000e+00
-2.821028435818075053e+00 1.256002758547594356e+00 0.000000000000000000e+00
-2.952153414934412634e+00 1.192747379732629787e+00 0.000000000000000000e+00
-3.112557252918161765e+00 1.194798763374903539e+00 0.000000000000000000e+00
-3.265431775111835577e+00 1.188519944841620379e+00 0.000000000000000000e+00
-3.402921339173226922e+00 1.171719759434972419e+00 0.000000000000000000e+00
-3.540783464276543668e+00 1.150470264005493348e+00 0.000000000000000000e+00
-3.808961888178049815e+00 1.164516489140378530e+00 0.000000000000000000e+00
-4.023081035717737564e+00 1.077981290321880170e+00 0.000000000000000000e+00
-1.472886874610676244e+00 1.548066420142567012e-01 0.000000000000000000e+00
-7.093678024339941324e+00 4.960382596519924414e-01 0.000000000000000000e+00
-6.970434173098906783e+00 3.653049476270870954e-01 0.000000000000000000e+00
