-7.528462550614405835e+00 -9.243793608070187684e-01 0.000000000000000000e+00
-6.707458658021361764e+00 -1.303798241007266823e+00 0.000000000000000000e+00
-6.662163110003157307e+00 -1.416086836653628778e+00 0.000000000000000000e+00
-6.570177299954257144e+00 -1.516845298217936344e+00 0.000000000000000000e+00
-6.540763578926105382e+00 -1.630795870230926647e+00 0.000000000000000000e+00
-6.502935151236489020e+00 -1.864687001178213510e+00 0.000000000000000000e+00
-6.922715509211402996e+00 -2.519662774277375838e+00 0.000000000000000000e+00
-6.849679359507393706e+00 -2.629345946159632685e+00 0.000000000000000000e+00
-6.620092465948936855e+00 -2.674691353352840473e+00 0.000000000000000000e+00
-3.755659653477379845e+00 -1.594183159076639322e+00 0.000000000000000000e+00
-3.637738035725810448e+00 -1.619625536860627601e+00 0.000000000000000000e+00
-3.346094300013473077e+00 -2.431080054045851035e+00 0.000000000000000000e+00
-2.584384467194537738e+00 -1.947473573824081816e+00 0.000000000000000000e+00
-2.505086015301223767e+00 -1.957187887082451505e+00 0.000000000000000000e+00
-2.461998298846173050e+00 -1.993687103763753354e+00 0.000000000000000000e+00
-2.422232388589499408e+00 -2.032494497346489126e+00 0.000000000000000000e+00
-2.930534133098966709e+00 -2.732767544116041059e+00 0.000000000000000000e+00
-2.972311900073599578e+00 -2.870328503235057838e+00 0.000000000000000000e+00
-2.962070261279144745e+00 -2.962070534924829079e+00 0.000000000000000000e+00
-2.929374213815277184e+00 -3.033456078432724468e+00 0.000000000000000000e+00
-2.864392841126070621e+00 -3.071685538842298335e+00 0.000000000000000000e+00
-2.907372196398615660e+00 -3.228964243898309050e+00 0.000000000000000000e+00
-2.842703743458505627e+00 -3.270156879068498945e+00 0.000000000000000000e+00
-2.833829425251146894e+00 -3.499488224060266717e+00 0.000000000000000000e+00
-2.537853805300046339e+00 -3.367846066445197017e+00 0.000000000000000000e+00
-2.402278114629971650e+00 -3.306452477640119625e+00 0.000000000000000000e+00
-2.325852202000506797e+00 -3.321661503265444626e+00 0.000000000000000000e+00
3.695127267367676271e+00 -5.913439284338081414e+00 0.000000000000000000e+00
8.454996948291426673e-01 -1.253504750425428638e+00 0.000000000000000000e+00
2.158998319579870984e+00 -2.235708054516277521e+00 0.000000000000000000e+00
3.527708754912091571e+00 -3.176363015285024183e+00 0.000000000000000000e+00
3.472418752998411851e+00 -3.018527366001480861e+00 0.000000000000000000e+00
3.354508853473057162e+00 -2.814766951102298354e+00 0.000000000000000000e+00
3.343529738007632979e+00 -2.612251548000456669e+00 0.000000000000000000e+00
3.273607018667326063e+00 -2.466839658286426484e+00 0.000000000000000000e+00
3.258720432258823241e+00 -2.367598817574558367e+00 0.000000000000000000e+00
3.133256680144944628e+00 -2.193929794024300328e+00 0.000000000000000000e+00
3.051687366804017643e+00 -2.058388975184977099e+00 0.000000000000000000e+00
2.936655330265851571e+00 -1.764520411190714899e+00 0.000000000000000000e+00
2.920355242036070997e+00 -1.618779222485734914e+00 0.000000000000000000e+00
2.814836941518991775e+00 -1.496675235846496310e+00 0.000000000000000000e+00
2.808452565260462830e+00 -1.430977943945976660e+00 0.000000000000000000e+00
2.746714642486208557e+00 -1.339662135681497723e+00 0.000000000000000000e+00
2.762426263392729897e+00 -1.288140416377479447e+00 0.000000000000000000e+00
2.736068579080783714e+00 -1.218176114141864996e+00 0.000000000000000000e+00
2.695238221850861038e+00 -1.144060650097773024e+00 0.000000000000000000e+00
2.767132404366455578e+00 -1.062202512498336526e+00 0.000000000000000000e+00
2.865122856032225496e+00 -1.042819337682658665e+00 0.000000000000000000e+00
2.969873907814076563e+00 -1.022609493100145039e+00 0.000000000000000000e+00
3.047185104653962640e+00 -9.900903562455495299e-01 0.000000000000000000e+00
3.150067809535379126e+00 -9.630722738949485384e-01 0.000000000000000000e+00
3.267328464859400317e+00 -9.368912546137618813e-01 0.000000000000000000e+00
3.364319718669185999e+00 -9.014666436380740500e-01 0.000000000000000000e+00
3.470706229871512782e+00 -8.012755606544819109e-01 0.000000000000000000e+00
3.503724744635555055e+00 -7.447395765008900659e-01 0.000000000000000000e+00
3.644781811030807006e+00 -7.084737038606977455e-01 0.000000000000000000e+00
3.752117502004717053e+00 -6.615994370689765036e-01 0.000000000000000000e+00
3.764080390770696116e+00 -5.961716535283879681e-01 0.000000000000000000e+00
3.791736446899154789e+00 -5.328936930041648923e-01 0.000000000000000000e+00
3.846116351251387400e+00 -4.722435945957433323e-01 0.000000000000000000e+00
3.879182217283507317e+00 -3.393843559085812922e-01 0.000000000000000000e+00
3.899477800318150056e+00 -2.726779392187069218e-01 0.000000000000000000e+00
3.900646867594887990e+00 -2.044241292294119716e-01 0.000000000000000000e+00
3.972578446005024855e+00 -1.387253839974243730e-01 0.000000000000000000e+00
4.039384652270152642e+00 -7.050760793564231355e-02 0.000000000000000000e+00
4.097000122070310724e+00 1.144688610565935828e-07 0.000000000000000000e+00
4.124371740518435914e+00 7.199129122979633366e-02 0.000000000000000000e+00
4.171275606364335253e+00 2.186074064747560997e-01 0.000000000000000000e+00
4.202737156838517230e+00 2.938841265275940473e-01 0.000000000000000000e+00
4.229842491799384874e+00 3.700633827364596673e-01 0.000000000000000000e+00
4.273460503924074061e+00 4.491589154161932940e-01 0.000000000000000000e+00
4.290776953889104739e+00 5.268412817838606932e-01 0.000000000000000000e+00
1.042998877602386187e+00 1.651948220592933669e-01 0.000000000000000000e+00
1.028745261431995850e+00 1.999678501821824383e-01 0.000000000000000000e+00
1.018251655063390437e+00 2.164360987234238420e-01 0.000000000000000000e+00
1.012370524644815584e+00 2.337241796923258674e-01 0.000000000000000000e+00
1.008137286366157515e+00 2.513568840926177494e-01 0.000000000000000000e+00
1.000699161984106800e+00 2.681365601116183495e-01 0.000000000000000000e+00
9.949058158569539234e-01 2.852846797153783531e-01 0.000000000000000000e+00
9.897753827424533579e-01 3.026047300081858293e-01 0.000000000000000000e+00
9.786116856361550820e-01 3.369630538243920115e-01 0.000000000000000000e+00
9.735215587386178981e-01 3.543328976193380608e-01 0.000000000000000000e+00
9.727908466763121043e-01 3.734194476661715223e-01 0.000000000000000000e+00
9.633440470103278308e-01 3.892162874703891107e-01 0.000000000000000000e+00
9.619275222155448946e-01 4.083140363876737733e-01 0.000000000000000000e+00
4.702831170622464363e+00 2.192966330486016968e+00 0.000000000000000000e+00
4.618086835889981145e+00 2.353032912152347667e+00 0.000000000000000000e+00
4.581615115021528517e+00 2.436088110851048150e+00 0.000000000000000000e+00
4.588254759081699774e+00 2.543311287396369913e+00 0.000000000000000000e+00
7.505841912525775150e+00 4.333500087714460491e+00 0.000000000000000000e+00
5.992819985345083644e+00 5.787199243973759621e+00 0.000000000000000000e+00
2.574524101030654766e+00 3.816889112383262006e+00 0.000000000000000000e+00
2.523857114053833950e+00 3.886399315758434447e+00 0.000000000000000000e+00
2.420671036257354025e+00 3.873883616021479792e+00 0.000000000000000000e+00
1.117724519261898086e+00 2.193657989090557425e+00 0.000000000000000000e+00
2.816972929712049822e+00 5.775650702136572612e+00 0.000000000000000000e+00
2.670947377050076899e+00 5.727865420802861429e+00 0.000000000000000000e+00
2.126913656926082918e+00 5.540799817424779228e+00 0.000000000000000000e+00
2.000133713599697050e+00 5.495322529910231069e+00 0.000000000000000000e+00
1.884713956941256097e+00 5.473607101172856204e+00 0.000000000000000000e+00
1.734512266307819850e+00 5.338280177726185016e+00 0.000000000000000000e+00
1.625001864455912104e+00 5.315141946910811654e+00 0.000000000000000000e+00
1.509114402421486645e+00 5.262907720655063848e+00 0.000000000000000000e+00
1.382093648528440744e+00 5.158044084373072380e+00 0.000000000000000000e+00
3.848444980984680464e-01 1.810551168077755069e+00 0.000000000000000000e+00
8.939406907460041296e-01 5.069790094896334587e+00 0.000000000000000000e+00
7.773227519253024242e-01 4.907823241984441864e+00 0.000000000000000000e+00
6.809739188566878987e-01 4.845381796489073523e+00 0.000000000000000000e+00
5.913100025135985538e-01 4.815834172397591928e+00 0.000000000000000000e+00
4.124208861759203204e-01 4.713993192747540917e+00 0.000000000000000000e+00
3.295992548996372062e-01 4.713490047719139930e+00 0.000000000000000000e+00
2.443565120561357051e-01 4.662601450291441907e+00 0.000000000000000000e+00
1.627711790438114148e-01 4.661158854139618057e+00 0.000000000000000000e+00
8.113616651628437204e-02 4.648292103893806093e+00 0.000000000000000000e+00
-7.201364023701836393e-08 4.565999984741210049e+00 0.000000000000000000e+00
-2.383903415992707220e-01 4.548757355717831352e+00 0.000000000000000000e+00
-3.113231976233221121e-01 4.452128172713830878e+00 0.000000000000000000e+00
-3.855770538264720604e-01 4.407165125727174448e+00 0.000000000000000000e+00
-4.618068395771515178e-01 4.393797946868560622e+00 0.000000000000000000e+00
-5.358595476629800514e-01 4.364225258013293640e+00 0.000000000000000000e+00
-6.099957509337480266e-01 4.340344834338925928e+00 0.000000000000000000e+00
-6.776741302183936222e-01 4.278665663066190561e+00 0.000000000000000000e+00
-8.214327527065007351e-01 4.225904844500949942e+00 0.000000000000000000e+00
-2.879577089683637015e-01 1.354734413613573496e+00 0.000000000000000000e+00
-3.016593733906611230e-01 1.306630214551010916e+00 0.000000000000000000e+00
-3.285299622020843024e-01 1.317661630587700028e+00 0.000000000000000000e+00
-3.566526678750324697e-01 1.331045803990532850e+00 0.000000000000000000e+00
-4.201381687971833534e-01 1.374209963314351413e+00 0.000000000000000000e+00
-4.554910613339753223e-01 1.401857277175706074e+00 0.000000000000000000e+00
-4.720738575884064203e-01 1.371001973472095292e+00 0.000000000000000000e+00
-5.164504317022587943e-01 1.418935841676284504e+00 0.000000000000000000e+00
-8.128963620408145019e-01 2.011989024745547194e+00 0.000000000000000000e+00
-1.719682642027166697e+00 3.862470323221258273e+00 0.000000000000000000e+00
-1.799085975142023841e+00 3.858152199462925758e+00 0.000000000000000000e+00
-1.857816929988727495e+00 3.809089070015695633e+00 0.000000000000000000e+00
-1.989151050991819103e+00 3.741048916996529528e+00 0.000000000000000000e+00
-2.061895253574324016e+00 3.719757399853149682e+00 0.000000000000000000e+00
-2.137500091058358365e+00 3.702258658726731433e+00 0.000000000000000000e+00
-2.207968362035657162e+00 3.674676346222709444e+00 0.000000000000000000e+00
-2.274413426716749953e+00 3.639822247389734589e+00 0.000000000000000000e+00
-2.342492594803260886e+00 3.607122185416886673e+00 0.000000000000000000e+00
-2.409003117125645410e+00 3.571493908384817395e+00 0.000000000000000000e+00
-2.246044508378052917e+00 2.773633917305734276e+00 0.000000000000000000e+00
-2.291537893615922972e+00 2.730948459803695272e+00 0.000000000000000000e+00
-2.672784437974184524e+00 3.074686713240275093e+00 0.000000000000000000e+00
-1.875697502736259903e+00 1.688885585817469170e+00 0.000000000000000000e+00
-1.916962320218310589e+00 1.666389891074898433e+00 0.000000000000000000e+00
-1.688361962478956535e+00 1.416703874082026138e+00 0.000000000000000000e+00
-1.804916256795719542e+00 1.360101931050923030e+00 0.000000000000000000e+00
-4.230101209521725636e+00 2.961948701747985524e+00 0.000000000000000000e+00
-4.372344320991375710e+00 2.949183430907828196e+00 0.000000000000000000e+00
-3.001601975198858518e+00 1.949263080032222151e+00 0.000000000000000000e+00
-4.823761669074802860e+00 2.785000048881944856e+00 0.000000000000000000e+00
-3.636824429175883555e+00 1.619218529455747291e+00 0.000000000000000000e+00
-1.670716366448834922e+00 7.091770093497606897e-01 0.000000000000000000e+00
-2.319977116167069919e+00 5.784352474712519676e-01 0.000000000000000000e+00
-3.472423939820644012e+00 7.380864743416577500e-01 0.000000000000000000e+00
-5.917560053376261564e+00 7.265849854386796647e-01 0.000000000000000000e+00
