-7.140840881594301415e+00 -1.259123287314421358e+00 0.000000000000000000e+00
-6.642600176855793848e+00 -1.411928605811948900e+00 0.000000000000000000e+00
-6.613049727264932010e+00 -1.526743180241582731e+00 0.000000000000000000e+00
-6.576664231639351321e+00 -1.639746910193904395e+00 0.000000000000000000e+00
-6.548977216725011985e+00 -1.754793509167956733e+00 0.000000000000000000e+00
-6.883288489271059518e+00 -2.642247284231084237e+00 0.000000000000000000e+00
-6.799966356515233734e+00 -2.747365132800216436e+00 0.000000000000000000e+00
-4.355828759754183821e+00 -1.848939864982797054e+00 0.000000000000000000e+00
-3.632256724765718925e+00 -1.617185099666070824e+00 0.000000000000000000e+00
-2.508238205494661699e+00 -1.959650648211887392e+00 0.000000000000000000e+00
-2.458889755140446720e+00 -1.991169854462444988e+00 0.000000000000000000e+00
-2.413805962874467692e+00 -2.025423885963873794e+00 0.000000000000000000e+00
-2.387146385881165234e+00 -2.075114890328774386e+00 0.000000000000000000e+00
-3.053582112852629038e+00 -2.749457941653654647e+00 0.000000000000000000e+00
-3.011714435099720699e+00 -2.808469407480655988e+00 0.000000000000000000e+00
-3.015472245002087881e+00 -2.912007967713408529e+00 0.000000000000000000e+00
-2.934236800977288340e+00 -3.038491435306539756e+00 0.000000000000000000e+00
-2.892355022266908993e+00 -3.101671309722466852e+00 0.000000000000000000e+00
-2.210807344623130444e+00 -2.455350530894708339e+00 0.000000000000000000e+00
-2.823677847419603815e+00 -3.248270087328336331e+00 0.000000000000000000e+00
-2.928540340452292945e+00 -3.490098794400300797e+00 0.000000000000000000e+00
-2.745095384721795817e+00 -3.389910799555180265e+00 0.000000000000000000e+00
-2.618407969056693485e+00 -3.351409682216573760e+00 0.000000000000000000e+00
-2.426965266349213390e+00 -3.340431430148096403e+00 0.000000000000000000e+00
-2.326999545157516280e+00 -3.323300079264553730e+00 0.000000000000000000e+00
-2.021482217401758597e+00 -2.996970923062004299e+00 0.000000000000000000e+00
-1.852861842948873461e+00 -2.853157313140392226e+00 0.000000000000000000e+00
3.749709041632863560e+00 -6.000788375396199470e+00 0.000000000000000000e+00
8.963862965201921940e-01 -1.328947234133985411e+00 0.000000000000000000e+00
3.564122693709866230e+00 -3.209150270830723350e+00 0.000000000000000000e+00
3.502607108296105221e+00 -3.044769701123643202e+00 0.000000000000000000e+00
3.386682580717412794e+00 -2.841763911938287812e+00 0.000000000000000000e+00
3.309864602493260755e+00 -2.680275325121835639e+00 0.000000000000000000e+00
3.255272540340935272e+00 -2.543297472728975883e+00 0.000000000000000000e+00
3.287845248436752410e+00 -2.388759233688297900e+00 0.000000000000000000e+00
3.193873835939736505e+00 -2.236374380505179893e+00 0.000000000000000000e+00
3.086506991472131922e+00 -2.081875106928539498e+00 0.000000000000000000e+00
1.697792401994826283e+00 -1.060898361740095774e+00 0.000000000000000000e+00
2.965798950385865940e+00 -1.782031663542245958e+00 0.000000000000000000e+00
2.916773640255686306e+00 -1.683999921934676181e+00 0.000000000000000000e+00
2.833767909518547512e+00 -1.570783083936472035e+00 0.000000000000000000e+00
2.819144718499067004e+00 -1.436425867705484194e+00 0.000000000000000000e+00
2.779969969565744936e+00 -1.355881841146726829e+00 0.000000000000000000e+00
2.763332505504495273e+00 -1.288563003979783073e+00 0.000000000000000000e+00
2.738809234658709624e+00 -1.219396332519300907e+00 0.000000000000000000e+00
2.715489397366940949e+00 -1.152656763360911718e+00 0.000000000000000000e+00
2.742609824778587946e+00 -1.108086197818384466e+00 0.000000000000000000e+00
2.835283733570032272e+00 -1.088363354312739784e+00 0.000000000000000000e+00
2.928270949382853594e+00 -1.008284447137458795e+00 0.000000000000000000e+00
3.015800246562474918e+00 -9.798927987420497088e-01 0.000000000000000000e+00
3.134767130291229886e+00 -9.583943873087630294e-01 0.000000000000000000e+00
3.236568257168824125e+00 -9.280709079956130925e-01 0.000000000000000000e+00
3.349830729828854547e+00 -8.975843312445391797e-01 0.000000000000000000e+00
3.441638900075191021e+00 -8.580968444079685176e-01 0.000000000000000000e+00
3.552553191357579632e+00 -8.201714180417093436e-01 0.000000000000000000e+00
3.625149285972608215e+00 -7.046575281702833760e-01 0.000000000000000000e+00
3.764920014130229919e+00 -6.638568649908852537e-01 0.000000000000000000e+00
3.777907967319170890e+00 -5.983617260877857058e-01 0.000000000000000000e+00
3.801639118183028021e+00 -5.342854223991193585e-01 0.000000000000000000e+00
3.852071669831251377e+00 -4.729748155979895952e-01 0.000000000000000000e+00
3.878635498501873613e+00 -4.076609051982958976e-01 0.000000000000000000e+00
3.898480308568596175e+00 -2.726081878292686000e-01 0.000000000000000000e+00
3.901645662843043372e+00 -2.044764738419373729e-01 0.000000000000000000e+00
3.983571901420376538e+00 -1.391092836093972829e-01 0.000000000000000000e+00
4.022387043110118299e+00 -7.021091404148062376e-02 0.000000000000000000e+00
4.078000068664549005e+00 1.139380056969230149e-07 0.000000000000000000e+00
4.107374131374981197e+00 7.169459638581922312e-02 0.000000000000000000e+00
4.174455526173749043e+00 1.457753148280893640e-01 0.000000000000000000e+00
4.198747189855891904e+00 2.936051207468839963e-01 0.000000000000000000e+00
4.221873036838552196e+00 3.693661455539666294e-01 0.000000000000000000e+00
4.258542808319083051e+00 4.475910020185396299e-01 0.000000000000000000e+00
4.292761902307811184e+00 5.270850028582545477e-01 0.000000000000000000e+00
4.269045499793246101e+00 5.999753348464992309e-01 0.000000000000000000e+00
1.043986612093517952e+00 1.653512638609177521e-01 0.000000000000000000e+00
1.030708490512675324e+00 2.003494633116875978e-01 0.000000000000000000e+00
1.020207925067390331e+00 2.168519168029819921e-01 0.000000000000000000e+00
1.012370524644815584e+00 2.337241796923258674e-01 0.000000000000000000e+00
1.007166945304223571e+00 2.511149508667234742e-01 0.000000000000000000e+00
1.000699161984106800e+00 2.681365601116183495e-01 0.000000000000000000e+00
9.949058158569539234e-01 2.852846797153783531e-01 0.000000000000000000e+00
9.907317321790801712e-01 3.028971153999724941e-01 0.000000000000000000e+00
9.786116856361550820e-01 3.369630538243920115e-01 0.000000000000000000e+00
9.735215587386178981e-01 3.543328976193380608e-01 0.000000000000000000e+00
9.681228377490022075e-01 3.716275667893186307e-01 0.000000000000000000e+00
9.633440470103278308e-01 3.892162874703891107e-01 0.000000000000000000e+00
9.619275222155448946e-01 4.083140363876737733e-01 0.000000000000000000e+00
4.681985873950090138e+00 2.183246008387901060e+00 0.000000000000000000e+00
4.642271159547317616e+00 2.264187069828146992e+00 0.000000000000000000e+00
4.572785437115673091e+00 2.431393287556403049e+00 0.000000000000000000e+00
4.544524024537660800e+00 2.519070944038834359e+00 0.000000000000000000e+00
7.490253759406080292e+00 4.324500262818232521e+00 0.000000000000000000e+00
6.014399986812512644e+00 5.808038810068295810e+00 0.000000000000000000e+00
2.444282141332127622e+00 2.621171800270557295e+00 0.000000000000000000e+00
2.578438434171533622e+00 3.822692350170657782e+00 0.000000000000000000e+00
2.529848228435291002e+00 3.895624823297301642e+00 0.000000000000000000e+00
2.438158367371629609e+00 3.901869197076010209e+00 0.000000000000000000e+00
1.118632542656754936e+00 2.195440085430113708e+00 0.000000000000000000e+00
2.838453021409125476e+00 5.819691418816392847e+00 0.000000000000000000e+00
2.642631790236003919e+00 5.667142445885550828e+00 0.000000000000000000e+00
2.122971553622535090e+00 5.530530286645549687e+00 0.000000000000000000e+00
1.995345452711450251e+00 5.482166890485047794e+00 0.000000000000000000e+00
1.895132158442009995e+00 5.503863757099851206e+00 0.000000000000000000e+00
1.745018818772952063e+00 5.370616023283648843e+00 0.000000000000000000e+00
1.641374607572869238e+00 5.368694780067757577e+00 0.000000000000000000e+00
1.503601660907314397e+00 5.243682504972039027e+00 0.000000000000000000e+00
1.385458298853210701e+00 5.170601131228863778e+00 0.000000000000000000e+00
3.846366014939460731e-01 1.809573091368807729e+00 0.000000000000000000e+00
8.843900717105012133e-01 5.015625837370576434e+00 0.000000000000000000e+00
7.765406363752539454e-01 4.902885158202720639e+00 0.000000000000000000e+00
6.788862748113397849e-01 4.830527435441205775e+00 0.000000000000000000e+00
5.900912813518067734e-01 4.805908483685018773e+00 0.000000000000000000e+00
4.112007113264081748e-01 4.700046527757086423e+00 0.000000000000000000e+00
3.293202492933341441e-01 4.709500080724318138e+00 0.000000000000000000e+00
2.441994906599601056e-01 4.659605302640722257e+00 0.000000000000000000e+00
1.628758698973575558e-01 4.664156809317067776e+00 0.000000000000000000e+00
8.031590535960361765e-02 4.601299330862500980e+00 0.000000000000000000e+00
-7.172974742185498194e-08 4.547999858856200284e+00 0.000000000000000000e+00
-2.358782223499445996e-01 4.500823279038579372e+00 0.000000000000000000e+00
-3.108349043295556835e-01 4.445145254812688407e+00 0.000000000000000000e+00
-3.862743324710969373e-01 4.415135055719138890e+00 0.000000000000000000e+00
-4.607615308710193980e-01 4.383852500302518607e+00 0.000000000000000000e+00
-5.304973358866467148e-01 4.320553553039196970e+00 0.000000000000000000e+00
-6.059597576601072344e-01 4.311627253060927423e+00 0.000000000000000000e+00
-6.776741302183936222e-01 4.278665663066190561e+00 0.000000000000000000e+00
-8.206695719876804240e-01 4.221978620368461499e+00 0.000000000000000000e+00
-2.879577089683637015e-01 1.354734413613573496e+00 0.000000000000000000e+00
-3.016593733906611230e-01 1.306630214551010916e+00 0.000000000000000000e+00
-3.285299622020843024e-01 1.317661630587700028e+00 0.000000000000000000e+00
-3.563938367220291781e-01 1.330079833030047176e+00 0.000000000000000000e+00
-4.201381687971833534e-01 1.374209963314351413e+00 0.000000000000000000e+00
-4.554910613339753223e-01 1.401857277175706074e+00 0.000000000000000000e+00
-4.720738575884064203e-01 1.371001973472095292e+00 0.000000000000000000e+00
-5.147403325551114239e-01 1.414237383075505727e+00 0.000000000000000000e+00
-8.125216932735636055e-01 2.011061687039506385e+00 0.000000000000000000e+00
-1.720496056376272342e+00 3.864297281700178388e+00 0.000000000000000000e+00
-1.791478793027232896e+00 3.841838545299967489e+00 0.000000000000000000e+00
-1.859132157175364508e+00 3.811785685285121961e+00 0.000000000000000000e+00
-1.991967900131844438e+00 3.746346639569875236e+00 0.000000000000000000e+00
-2.058986606622480675e+00 3.714510061995456081e+00 0.000000000000000000e+00
-2.128500027933221794e+00 3.686670092544437338e+00 0.000000000000000000e+00
-2.207453115691096812e+00 3.673818832325595807e+00 0.000000000000000000e+00
-2.272823784119383461e+00 3.637278287517124564e+00 0.000000000000000000e+00
-2.344126393511677175e+00 3.609638014743608458e+00 0.000000000000000000e+00
-2.407884812359938564e+00 3.569835953428243780e+00 0.000000000000000000e+00
-2.252966981155016146e+00 2.782182459070686065e+00 0.000000000000000000e+00
-2.290252258305687683e+00 2.729416299336203888e+00 0.000000000000000000e+00
-2.661631617044775577e+00 3.061856860656730461e+00 0.000000000000000000e+00
-1.860091529307745795e+00 1.674833904489526404e+00 0.000000000000000000e+00
-1.686829801986555522e+00 1.415418238801477102e+00 0.000000000000000000e+00
-1.776964351699571010e+00 1.388316681783186013e+00 0.000000000000000000e+00
-4.219452223509361666e+00 2.954492201600127377e+00 0.000000000000000000e+00
-4.372344320991375710e+00 2.949183430907828196e+00 0.000000000000000000e+00
-4.791565364160269347e+00 2.879062879985830659e+00 0.000000000000000000e+00
-3.819533782628966812e+00 1.700565973187902147e+00 0.000000000000000000e+00
-3.862438467390642227e+00 1.639507827964678199e+00 0.000000000000000000e+00
-6.421016555942889781e+00 2.210933261268190009e+00 0.000000000000000000e+00
-2.372592052753368375e+00 7.253741697994021687e-01 0.000000000000000000e+00
-3.429385533026966471e+00 7.289383788089249805e-01 0.000000000000000000e+00
