-3.061134061382730032e+00 -1.068973163299264395e-01 0.000000000000000000e+00
-4.552752051807809508e+00 -2.385998614614470992e-01 0.000000000000000000e+00
-4.463101521884078160e+00 -3.120906928323173291e-01 0.000000000000000000e+00
-4.446016738903925791e+00 -3.889762936693001993e-01 0.000000000000000000e+00
-4.410704525193223979e+00 -4.635839556051769006e-01 0.000000000000000000e+00
-4.390031460949940900e+00 -5.390283140167081433e-01 0.000000000000000000e+00
-4.362131019188247194e+00 -6.130577622437438645e-01 0.000000000000000000e+00
-4.346941416574487072e+00 -7.664832835455186455e-01 0.000000000000000000e+00
-1.479937315170256840e+00 -3.145704655502077896e-01 0.000000000000000000e+00
-1.436221436441220689e+00 -3.315779215091871901e-01 0.000000000000000000e+00
-1.401107016694123519e+00 -3.493352892219198647e-01 0.000000000000000000e+00
-1.416047204506061252e+00 -3.794287811532945365e-01 0.000000000000000000e+00
-1.440931216586273544e+00 -4.131804556976768072e-01 0.000000000000000000e+00
-1.497914034256577098e+00 -4.867018555346726005e-01 0.000000000000000000e+00
-1.471226873041555638e+00 -5.065841196024205573e-01 0.000000000000000000e+00
-1.529819578753081943e+00 -5.568088763456834345e-01 0.000000000000000000e+00
-2.151902904562900343e+00 -8.260382540079238556e-01 0.000000000000000000e+00
-3.999593311650788241e+00 -1.697726867951309115e+00 0.000000000000000000e+00
-4.005896953408326411e+00 -1.783540469394410577e+00 0.000000000000000000e+00
-3.984128857998417317e+00 -1.857830034726694501e+00 0.000000000000000000e+00
-3.950199722397871760e+00 -1.926641374390114958e+00 0.000000000000000000e+00
-3.924883828748281456e+00 -1.999828437452030760e+00 0.000000000000000000e+00
-3.901745443605383112e+00 -2.074595094991340982e+00 0.000000000000000000e+00
-3.829564169455963896e+00 -2.211000150327848246e+00 0.000000000000000000e+00
-3.812680004128904621e+00 -2.290889516953852123e+00 0.000000000000000000e+00
-3.772117779863031206e+00 -2.357081043921620100e+00 0.000000000000000000e+00
-3.750534765771650125e+00 -2.435626010399602137e+00 0.000000000000000000e+00
-3.719062481478152993e+00 -2.508539576420707906e+00 0.000000000000000000e+00
-3.691544581746663667e+00 -2.682064400058663090e+00 0.000000000000000000e+00
-2.934186779192018424e+00 -2.211068548691411007e+00 0.000000000000000000e+00
-2.837359815070882529e+00 -2.297648895490876697e+00 0.000000000000000000e+00
-3.163763513328124777e+00 -2.654713049844686701e+00 0.000000000000000000e+00
-2.347645308381117513e+00 -2.189214870893145815e+00 0.000000000000000000e+00
-1.895753188747111961e+00 -1.895753363882957121e+00 0.000000000000000000e+00
-1.780409293399499715e+00 -1.843667964198647091e+00 0.000000000000000000e+00
-1.525334854971803322e+00 -1.817823461353330394e+00 0.000000000000000000e+00
-3.226330182712095596e+00 -4.281485163648226511e+00 0.000000000000000000e+00
1.770076960958551826e+00 -2.725679282726369834e+00 0.000000000000000000e+00
1.799482821842665281e+00 -2.667842790817986920e+00 0.000000000000000000e+00
1.815369490886352244e+00 -2.592616124706604630e+00 0.000000000000000000e+00
1.782752752189841194e+00 -2.453748474941888080e+00 0.000000000000000000e+00
2.818378150280563599e+00 -3.130125828499686236e+00 0.000000000000000000e+00
2.901221257880061355e+00 -3.111178683898057074e+00 0.000000000000000000e+00
2.288899464624793989e+00 -2.370224618810934381e+00 0.000000000000000000e+00
3.012275152187209759e+00 -3.012274947209968801e+00 0.000000000000000000e+00
3.088845310757283524e+00 -2.982863041421270012e+00 0.000000000000000000e+00
3.259433419436141399e+00 -2.934806834567881495e+00 0.000000000000000000e+00
2.867571158384536911e+00 -2.240391976281673969e+00 0.000000000000000000e+00
2.661053599244060486e+00 -2.005247579812870828e+00 0.000000000000000000e+00
2.820233358991443673e+00 -2.049019332844117081e+00 0.000000000000000000e+00
2.792489317243636471e+00 -1.955321934337016065e+00 0.000000000000000000e+00
2.742702552353011303e+00 -1.583499939901962694e+00 0.000000000000000000e+00
2.713944934123304620e+00 -1.504364129093497038e+00 0.000000000000000000e+00
2.683277810275078945e+00 -1.426724010296646972e+00 0.000000000000000000e+00
2.639161271955968058e+00 -1.344719728365841194e+00 0.000000000000000000e+00
2.617288249832744995e+00 -1.276536671203415629e+00 0.000000000000000000e+00
2.579351959817875795e+00 -1.202771473589737461e+00 0.000000000000000000e+00
2.564526567808079971e+00 -1.088576849561267545e+00 0.000000000000000000e+00
2.557173007337536053e+00 -1.033164867005174292e+00 0.000000000000000000e+00
2.530936534084736067e+00 -9.715354210143585245e-01 0.000000000000000000e+00
2.502401577433117197e+00 -9.107996015251824673e-01 0.000000000000000000e+00
2.593557508968945768e+00 -8.930333784860621238e-01 0.000000000000000000e+00
2.661056251369279924e+00 -8.646294994956833513e-01 0.000000000000000000e+00
2.734075291565927657e+00 -8.358906116490122384e-01 0.000000000000000000e+00
2.848515170373353111e+00 -7.632572480371624390e-01 0.000000000000000000e+00
2.953580125770534970e+00 -7.364101404056117017e-01 0.000000000000000000e+00
3.058547594859900798e+00 -7.061212550249497122e-01 0.000000000000000000e+00
3.152569785481961873e+00 -6.700992966197041323e-01 0.000000000000000000e+00
3.286487877661440571e+00 -6.388284292720325386e-01 0.000000000000000000e+00
3.424176573030645709e+00 -6.037746131168479913e-01 0.000000000000000000e+00
3.537899669304354511e+00 -5.603481533068042086e-01 0.000000000000000000e+00
3.679368614222414458e+00 -4.517695518123920340e-01 0.000000000000000000e+00
4.001956285982394057e+00 -4.206224386740488042e-01 0.000000000000000000e+00
4.095356474910980538e+00 -3.582971465637962982e-01 0.000000000000000000e+00
4.317457286620232537e+00 -3.019059001911341689e-01 0.000000000000000000e+00
1.485773616116035090e+00 2.593431626168396856e-02 0.000000000000000000e+00
6.902165911851237290e+00 8.474795998865983782e-01 0.000000000000000000e+00
6.491930649267962039e+00 2.235351170338284454e+00 0.000000000000000000e+00
6.398367010500573215e+00 2.328815322590467751e+00 0.000000000000000000e+00
6.368885633127875145e+00 2.444786321229617698e+00 0.000000000000000000e+00
1.272893435640918947e+00 7.648315788384056901e-01 0.000000000000000000e+00
1.275059756235651154e+00 8.600387083688464385e-01 0.000000000000000000e+00
2.219773540702864256e+00 1.998693162951348912e+00 0.000000000000000000e+00
3.255168960657858435e+00 3.370826281792641765e+00 0.000000000000000000e+00
3.037620622803741899e+00 3.257449449789833196e+00 0.000000000000000000e+00
2.810556758724527260e+00 3.233175841122323035e+00 0.000000000000000000e+00
2.661140551111070618e+00 3.171423948596753473e+00 0.000000000000000000e+00
2.558187359145952744e+00 3.159098431627003656e+00 0.000000000000000000e+00
2.396769990016212049e+00 3.067725825228084346e+00 0.000000000000000000e+00
2.252593587924192509e+00 2.989292785275039943e+00 0.000000000000000000e+00
2.140126061861210349e+00 2.945630946921346194e+00 0.000000000000000000e+00
2.034475520778633140e+00 2.905532286560621458e+00 0.000000000000000000e+00
1.687264689136199536e+00 2.808080130401819918e+00 0.000000000000000000e+00
1.603999917257938446e+00 2.778209479241551705e+00 0.000000000000000000e+00
1.510181918039798399e+00 2.724440425819500966e+00 0.000000000000000000e+00
1.435644027383999877e+00 2.700053844508011114e+00 0.000000000000000000e+00
1.357885504385773823e+00 2.665000484138217107e+00 0.000000000000000000e+00
1.284427438565014068e+00 2.633466640430161654e+00 0.000000000000000000e+00
1.214604864988834576e+00 2.604728668893590449e+00 0.000000000000000000e+00
1.149030987006705473e+00 2.580765983252141016e+00 0.000000000000000000e+00
1.078866981850622020e+00 2.670289627484672135e+00 0.000000000000000000e+00
1.052526629771948441e+00 2.741925766043358248e+00 0.000000000000000000e+00
1.029480575890439287e+00 2.828474798624356801e+00 0.000000000000000000e+00
1.006982226986334439e+00 2.924488911480509046e+00 0.000000000000000000e+00
9.805108982730734724e-01 3.017702436568836966e+00 0.000000000000000000e+00
9.557630618629118224e-01 3.126160315586087979e+00 0.000000000000000000e+00
8.729965569489027688e-01 3.258067737336603376e+00 0.000000000000000000e+00
8.401946958882984262e-01 3.369837120316160117e+00 0.000000000000000000e+00
8.017254723518755233e-01 3.472654819015857264e+00 0.000000000000000000e+00
7.659466094655111856e-01 3.603495789351647272e+00 0.000000000000000000e+00
7.096186100875450098e-01 3.650671606721284768e+00 0.000000000000000000e+00
6.503123423361625299e-01 3.688104933464175783e+00 0.000000000000000000e+00
5.874113711221001788e-01 3.708769841945946499e+00 0.000000000000000000e+00
4.637127966539900670e-01 3.776638181007236028e+00 0.000000000000000000e+00
3.990896179634470520e-01 3.797084680907034215e+00 0.000000000000000000e+00
3.349394507591892944e-01 3.828376165672485509e+00 0.000000000000000000e+00
2.713526268812972986e-01 3.880524264585792693e+00 0.000000000000000000e+00
2.036391445786293053e-01 3.885667555404870743e+00 0.000000000000000000e+00
1.385160423078409253e-01 3.966582295688778181e+00 0.000000000000000000e+00
6.972229818124379974e-02 3.994391428835362579e+00 0.000000000000000000e+00
-7.022854934470566801e-02 4.023387292032305496e+00 0.000000000000000000e+00
-1.425994056280224520e-01 4.083510882678187848e+00 0.000000000000000000e+00
-2.154672004182310585e-01 4.111357894129360702e+00 0.000000000000000000e+00
-2.917913993476916601e-01 4.172810505316907559e+00 0.000000000000000000e+00
-3.670128930442921877e-01 4.194975833922387487e+00 0.000000000000000000e+00
-4.462320787886077667e-01 4.245614017764496317e+00 0.000000000000000000e+00
-5.256225662107955054e-01 4.280851744908445333e+00 0.000000000000000000e+00
-6.811157376990594203e-01 4.300395115463215845e+00 0.000000000000000000e+00
-7.718662426600770843e-01 4.377470620062627660e+00 0.000000000000000000e+00
-8.624567188423473141e-01 4.436954838140611201e+00 0.000000000000000000e+00
-2.129015956819521327e-01 1.001623187713551300e+00 0.000000000000000000e+00
-2.229265076359575604e-01 9.656007278257391357e-01 0.000000000000000000e+00
-2.380511650966309622e-01 9.547710177240523732e-01 0.000000000000000000e+00
-2.539014978731419792e-01 9.475732380876867866e-01 0.000000000000000000e+00
-2.868166567851749837e-01 9.381349676633868873e-01 0.000000000000000000e+00
-3.031456858416687328e-01 9.329864443376404415e-01 0.000000000000000000e+00
-3.206846490939416205e-01 9.313358062571051033e-01 0.000000000000000000e+00
-3.365478424116358225e-01 9.246575599960011882e-01 0.000000000000000000e+00
-3.533508106688343919e-01 9.205102972920218285e-01 0.000000000000000000e+00
-3.697367151256915063e-01 9.151304491150025200e-01 0.000000000000000000e+00
-3.860423569610090810e-01 9.094587679374188660e-01 0.000000000000000000e+00
-4.042962417686393750e-01 9.080641959498172433e-01 0.000000000000000000e+00
-4.370560351343589223e-01 8.960976399460326425e-01 0.000000000000000000e+00
-4.548984798709090338e-01 8.927885087800619957e-01 0.000000000000000000e+00
-4.760442027072779303e-01 8.953089048177381715e-01 0.000000000000000000e+00
-3.750602935537670657e+00 2.724972489787929497e+00 0.000000000000000000e+00
-3.783663280282139940e+00 2.649349503897644009e+00 0.000000000000000000e+00
-3.853366462473381215e+00 2.599128451476963253e+00 0.000000000000000000e+00
-3.948512071732059425e+00 2.467304135730902459e+00 0.000000000000000000e+00
-5.913304001426150869e+00 3.277797873816089780e+00 0.000000000000000000e+00
-5.969608836868968815e+00 3.174097265310521720e+00 0.000000000000000000e+00
-5.698863480249321434e+00 2.657423635166646481e+00 0.000000000000000000e+00
-5.492636970983814315e+00 2.219169343239928427e+00 0.000000000000000000e+00
-5.464246402939414438e+00 2.097527632266636299e+00 0.000000000000000000e+00
-5.454915514876826244e+00 1.985426838885667511e+00 0.000000000000000000e+00
-5.347853204803152849e+00 1.841413493309818517e+00 0.000000000000000000e+00
-5.324965423414332655e+00 1.730186112283860211e+00 0.000000000000000000e+00
-5.243418796710210827e+00 1.603073968051269338e+00 0.000000000000000000e+00
-5.174464537643332918e+00 1.386493562891514708e+00 0.000000000000000000e+00
-5.037775332597111522e+00 1.256058433037375188e+00 0.000000000000000000e+00
-1.988776698100682694e+00 3.865790188754004153e-01 0.000000000000000000e+00
-1.879013186875746699e+00 3.313207123517636910e-01 0.000000000000000000e+00
-4.883130929798975117e+00 7.734119352177927231e-01 0.000000000000000000e+00
-4.841639914594336069e+00 5.944786086011482062e-01 0.000000000000000000e+00
-4.817463926822562748e+00 5.063358404448707883e-01 0.000000000000000000e+00
-4.772768690139362668e+00 4.175631334360807023e-01 0.000000000000000000e+00
-4.701548033466957044e+00 2.463976727246413867e-01 0.000000000000000000e+00
-4.661158852159024590e+00 1.627712357606267701e-01 0.000000000000000000e+00
-4.643292750006946967e+00 8.104895906577404274e-02 0.000000000000000000e+00
