-7.342881329237482824e+00 -1.281708533395049809e-01 0.000000000000000000e+00
-7.075686966197835659e+00 -2.470888019636521271e-01 0.000000000000000000e+00
-4.241179839713233868e+00 -2.222710375336245936e-01 0.000000000000000000e+00
-3.961326785488906044e+00 -2.770031591162536722e-01 0.000000000000000000e+00
-3.076432360222551843e+00 -9.405599300751795733e-01 0.000000000000000000e+00
-3.019604344985758804e+00 -9.811290929085407786e-01 0.000000000000000000e+00
-2.987838728910206854e+00 -1.028795544544298224e+00 0.000000000000000000e+00
-2.970368333257358273e+00 -1.081125824864854534e+00 0.000000000000000000e+00
-3.795241565013717011e+00 -1.610984685997979282e+00 0.000000000000000000e+00
-3.784818863392653387e+00 -1.685110149037844618e+00 0.000000000000000000e+00
-3.813743246845255452e+00 -1.778377909263905821e+00 0.000000000000000000e+00
-3.801898742571681478e+00 -1.854310144661231785e+00 0.000000000000000000e+00
-3.812567466203472755e+00 -2.027178317763481452e+00 0.000000000000000000e+00
-3.769610786685835269e+00 -2.089529617799527728e+00 0.000000000000000000e+00
-3.843538241871651273e+00 -2.309431018805560676e+00 0.000000000000000000e+00
-3.588939328645654125e+00 -2.242618431612870999e+00 0.000000000000000000e+00
-3.477966599707269513e+00 -2.258618155164660912e+00 0.000000000000000000e+00
-3.367550343804977864e+00 -2.271441621401963928e+00 0.000000000000000000e+00
-3.089022181183384230e+00 -2.162956835830602831e+00 0.000000000000000000e+00
-2.724769167891470723e+00 -1.979660876835835914e+00 0.000000000000000000e+00
-2.697790673592588728e+00 -2.032931288367457068e+00 0.000000000000000000e+00
-2.826594384920127379e+00 -2.208377779473464475e+00 0.000000000000000000e+00
-2.719233671965052057e+00 -2.201992221707707031e+00 0.000000000000000000e+00
-2.586389660902125520e+00 -2.248314443250723826e+00 0.000000000000000000e+00
-2.482103549169907719e+00 -2.234896283465780176e+00 0.000000000000000000e+00
-2.368854596892917552e+00 -2.208992854238983838e+00 0.000000000000000000e+00
-2.286061763995565599e+00 -2.207624388675295979e+00 0.000000000000000000e+00
-2.199809137816958859e+00 -2.199809341042481048e+00 0.000000000000000000e+00
-2.122181266912862352e+00 -2.197583235795775192e+00 0.000000000000000000e+00
-2.043948970145192501e+00 -2.191867122268885026e+00 0.000000000000000000e+00
-1.965236515191677524e+00 -2.182616469338766851e+00 0.000000000000000000e+00
-1.853799406238231473e+00 -2.209272306548731635e+00 0.000000000000000000e+00
-1.784752507393515319e+00 -2.203986001003612749e+00 0.000000000000000000e+00
-1.725083382143498545e+00 -2.208006245730095962e+00 0.000000000000000000e+00
-1.660407587359212567e+00 -2.203435497389634179e+00 0.000000000000000000e+00
-1.612882607784558164e+00 -2.219942671156271086e+00 0.000000000000000000e+00
-1.610028908880530407e+00 -2.299359796453549709e+00 0.000000000000000000e+00
-1.629488031914467339e+00 -2.415815587733471048e+00 0.000000000000000000e+00
2.196637452030411719e+00 -3.655818344154901478e+00 0.000000000000000000e+00
2.227573858588549616e+00 -3.430162671463540036e+00 0.000000000000000000e+00
2.222791854990759930e+00 -3.295424192909869543e+00 0.000000000000000000e+00
2.145175985800833907e+00 -3.063628577565867595e+00 0.000000000000000000e+00
2.151254924270534552e+00 -2.389210476059080435e+00 0.000000000000000000e+00
2.119651008343244492e+00 -2.273047261234823591e+00 0.000000000000000000e+00
2.123570659286043050e+00 -2.199021640843203951e+00 0.000000000000000000e+00
2.120613360180047202e+00 -2.120613215877998226e+00 0.000000000000000000e+00
2.122052514745477403e+00 -2.049242154064844001e+00 0.000000000000000000e+00
2.128239401471613057e+00 -1.984615214483242296e+00 0.000000000000000000e+00
2.222746193509653079e+00 -2.001369526778173036e+00 0.000000000000000000e+00
2.305637885071239346e+00 -2.004260300163312802e+00 0.000000000000000000e+00
2.412261200389847815e+00 -1.953410471317565733e+00 0.000000000000000000e+00
2.510602411543623624e+00 -1.961497444277715108e+00 0.000000000000000000e+00
2.622719016123093105e+00 -1.976360401422968538e+00 0.000000000000000000e+00
2.733668447488429631e+00 -1.986126247543173351e+00 0.000000000000000000e+00
2.853106668339499219e+00 -1.997766657569168380e+00 0.000000000000000000e+00
2.967125534128863151e+00 -2.001351302848879410e+00 0.000000000000000000e+00
3.071211634850677719e+00 -1.994468014510577980e+00 0.000000000000000000e+00
3.254664244744015278e+00 -1.955599430493441204e+00 0.000000000000000000e+00
3.315145366391778925e+00 -1.913999928261994166e+00 0.000000000000000000e+00
3.394399180055433174e+00 -1.881546048372317204e+00 0.000000000000000000e+00
3.446144615789525911e+00 -1.832347454845679735e+00 0.000000000000000000e+00
3.448195202143328864e+00 -1.756943073108241382e+00 0.000000000000000000e+00
3.523272784117788881e+00 -1.718414818034172065e+00 0.000000000000000000e+00
3.600282684617004847e+00 -1.602948991882521490e+00 0.000000000000000000e+00
3.605617609409907498e+00 -1.530493739953252108e+00 0.000000000000000000e+00
3.709662581254161040e+00 -1.498800838425097481e+00 0.000000000000000000e+00
3.819277644712297359e+00 -1.466083192745148089e+00 0.000000000000000000e+00
3.858377893795905234e+00 -1.404334571994493963e+00 0.000000000000000000e+00
3.946594374025599983e+00 -1.358921286750756519e+00 0.000000000000000000e+00
4.007752413271346015e+00 -1.302197562117053398e+00 0.000000000000000000e+00
4.089207469498266079e+00 -1.172561240070810751e+00 0.000000000000000000e+00
4.146719819269801377e+00 -1.111110093621931361e+00 0.000000000000000000e+00
4.183915006648974533e+00 -1.043167040097725540e+00 0.000000000000000000e+00
1.042705334008844575e+00 -2.216338284147202631e-01 0.000000000000000000e+00
1.035616632972622186e+00 -2.013034496389657646e-01 0.000000000000000000e+00
1.039048184317121981e+00 -1.645690340883434466e-01 0.000000000000000000e+00
1.042752254194909245e+00 -1.465492413326272836e-01 0.000000000000000000e+00
1.039195874622231841e+00 -1.275971786867541591e-01 0.000000000000000000e+00
1.041264477864964233e+00 -1.094412763873323924e-01 0.000000000000000000e+00
1.039031055610137866e+00 -9.090340845710476181e-02 0.000000000000000000e+00
1.040459289368800055e+00 -7.275597128489802445e-02 0.000000000000000000e+00
1.040572031997354596e+00 -5.453403980471051987e-02 0.000000000000000000e+00
1.043841023814206403e+00 -1.822028353077707191e-02 0.000000000000000000e+00
1.047999978065490279e+00 2.928078113306753163e-08 0.000000000000000000e+00
1.046840586857719968e+00 1.827269952881885318e-02 0.000000000000000000e+00
1.048361001310498253e+00 3.660960191366714744e-02 0.000000000000000000e+00
5.155411222578915265e+00 3.605016129959171534e-01 0.000000000000000000e+00
5.148334407868516926e+00 4.504210381658562690e-01 0.000000000000000000e+00
5.135711087182413870e+00 5.397851272268961997e-01 0.000000000000000000e+00
5.143374299781394043e+00 6.315270958875924823e-01 0.000000000000000000e+00
5.213018919029667408e+00 8.256612266932180644e-01 0.000000000000000000e+00
3.844247232985738449e+00 2.592977630059032368e+00 0.000000000000000000e+00
3.795950367808647918e+00 2.657953193497049948e+00 0.000000000000000000e+00
3.750602849582702181e+00 2.724972608094792470e+00 0.000000000000000000e+00
3.714453711306838990e+00 2.799041771654138699e+00 0.000000000000000000e+00
5.269619767775403751e+00 4.421736205917126128e+00 0.000000000000000000e+00
5.169760451901336040e+00 4.494004401802817128e+00 0.000000000000000000e+00
4.754530263118431854e+00 4.433671394534759891e+00 0.000000000000000000e+00
4.081078232634987479e+00 4.376420789234618525e+00 0.000000000000000000e+00
3.851722342128434118e+00 4.430899886516519892e+00 0.000000000000000000e+00
3.738452633766541133e+00 4.455314548670361141e+00 0.000000000000000000e+00
3.573910345476656314e+00 4.413411913246295448e+00 0.000000000000000000e+00
3.309982536086136129e+00 4.392495374022014509e+00 0.000000000000000000e+00
3.158170156057759748e+00 4.346848493231634691e+00 0.000000000000000000e+00
3.014144150404233891e+00 4.304644148284269889e+00 0.000000000000000000e+00
2.492000017415099133e+00 4.316270840268010112e+00 0.000000000000000000e+00
2.377506198904743684e+00 4.289134920473761881e+00 0.000000000000000000e+00
2.282570648934956647e+00 4.292891231016493059e+00 0.000000000000000000e+00
2.196860046678047240e+00 4.311580813751441532e+00 0.000000000000000000e+00
2.078317601665647718e+00 4.261182771305510819e+00 0.000000000000000000e+00
1.912068964319812325e+00 4.294577427893096377e+00 0.000000000000000000e+00
1.829012422022732620e+00 4.308883467743299889e+00 0.000000000000000000e+00
1.738549042211054996e+00 4.303060110641493630e+00 0.000000000000000000e+00
1.642758640714572449e+00 4.279532808914871644e+00 0.000000000000000000e+00
1.059578367198187765e+00 2.911167805371559059e+00 0.000000000000000000e+00
9.705185993551889156e-01 2.818590841165225847e+00 0.000000000000000000e+00
1.368636160752758402e+00 4.212229241259866086e+00 0.000000000000000000e+00
1.221073362579207178e+00 4.258389169895083981e+00 0.000000000000000000e+00
1.138544947215031744e+00 4.249107892238821904e+00 0.000000000000000000e+00
9.017129070795197876e-01 4.242226055589572553e+00 0.000000000000000000e+00
8.212418242582421035e-01 4.224923314372610150e+00 0.000000000000000000e+00
2.149409246002586260e-01 1.357083737474528151e+00 0.000000000000000000e+00
1.852393710498966284e-01 1.318046773340736610e+00 0.000000000000000000e+00
1.618424598460201924e-01 1.318101241917389865e+00 0.000000000000000000e+00
1.417405682452732574e-01 1.348571639356650476e+00 0.000000000000000000e+00
1.220180148295957889e-01 1.394672555584228535e+00 0.000000000000000000e+00
7.641047452464960754e-02 1.457999160072487532e+00 0.000000000000000000e+00
5.018545193894805717e-02 1.437123973840992885e+00 0.000000000000000000e+00
2.486965567703639315e-02 1.424782918317003988e+00 0.000000000000000000e+00
-3.370415149899649317e-08 2.137000083923339400e+00 0.000000000000000000e+00
-3.773213548647610244e-02 2.161670657219317171e+00 0.000000000000000000e+00
-2.934655335281112776e-01 4.196751734259851041e+00 0.000000000000000000e+00
-3.671000424850943133e-01 4.195971956415720960e+00 0.000000000000000000e+00
-4.405875513360692497e-01 4.191909934137853178e+00 0.000000000000000000e+00
-5.875889106603807699e-01 4.180911898477493338e+00 0.000000000000000000e+00
-6.612485814897404168e-01 4.174958839670614985e+00 0.000000000000000000e+00
-7.374839086192798154e-01 4.182478730542915635e+00 0.000000000000000000e+00
-8.103659044049990046e-01 4.168970849969344528e+00 0.000000000000000000e+00
-8.886146606050697727e-01 4.180602997141821930e+00 0.000000000000000000e+00
-9.612158603554269432e-01 4.163483042907255793e+00 0.000000000000000000e+00
-1.157069233016928100e+00 3.360372908624734478e+00 0.000000000000000000e+00
-1.196728549252341400e+00 3.287984532599594001e+00 0.000000000000000000e+00
-1.179312631702575276e+00 2.217964413226148235e+00 0.000000000000000000e+00
-1.103999994746066138e+00 1.912184030719322081e+00 0.000000000000000000e+00
-1.186379707283177432e+00 1.518496745656309654e+00 0.000000000000000000e+00
-3.489581661627445985e+00 4.309274378933568350e+00 0.000000000000000000e+00
-3.009717763357130149e+00 2.906450603849668468e+00 0.000000000000000000e+00
-1.290839284231634299e+00 1.203727083597983860e+00 0.000000000000000000e+00
-3.883845487482097791e+00 3.258933256452383631e+00 0.000000000000000000e+00
-1.963161007969450145e+00 1.324168796384971092e+00 0.000000000000000000e+00
-2.963928013702454844e+00 1.852067744346252987e+00 0.000000000000000000e+00
-6.696527161573087916e+00 1.060625673513113432e+00 0.000000000000000000e+00
-6.720949564520589448e+00 9.445678296784485450e-01 0.000000000000000000e+00
-6.707626794310417750e+00 8.235929796591531238e-01 0.000000000000000000e+00
-6.702082900450959002e+00 7.044172680228610872e-01 0.000000000000000000e+00
-6.724314214637062470e+00 5.883012347683337362e-01 0.000000000000000000e+00
-7.410999774932860440e+00 -2.670737956891301147e-08 0.000000000000000000e+00
