-4.223356637612157627e+00 -7.371918459916400324e-02 0.000000000000000000e+00
-4.273395191447138863e+00 -1.492304709374818739e-01 0.000000000000000000e+00
-4.319452245890668785e+00 -3.020457494560980227e-01 0.000000000000000000e+00
-4.383256746820514138e+00 -3.834855025758464597e-01 0.000000000000000000e+00
-4.434573217480151541e+00 -4.660926574967441671e-01 0.000000000000000000e+00
-4.454547017193968728e+00 -5.469498316229949308e-01 0.000000000000000000e+00
-4.543349689151678028e+00 -6.385263948446149307e-01 0.000000000000000000e+00
-4.620405993565065650e+00 -7.318006591933805538e-01 0.000000000000000000e+00
-4.634505097548272445e+00 -8.171885342721121326e-01 0.000000000000000000e+00
-1.057377516090943770e+00 -2.247525851868832913e-01 0.000000000000000000e+00
-1.041127256799049494e+00 -2.595822353590568343e-01 0.000000000000000000e+00
-1.036438353437187709e+00 -2.777128756257618569e-01 0.000000000000000000e+00
-1.032395047519479858e+00 -2.960345721461323243e-01 0.000000000000000000e+00
-1.028027642552608478e+00 -3.142996478962680751e-01 0.000000000000000000e+00
-1.023336771379048660e+00 -3.325023292903679928e-01 0.000000000000000000e+00
-1.019268959259847618e+00 -3.509625047136702980e-01 0.000000000000000000e+00
-1.010134018326767302e+00 -3.877541774972129707e-01 0.000000000000000000e+00
-1.006921614170342760e+00 -4.068227972310431428e-01 0.000000000000000000e+00
-1.002429752199196500e+00 -4.255062429934727830e-01 0.000000000000000000e+00
-9.994186922904959580e-01 -4.449699291572480897e-01 0.000000000000000000e+00
-9.969385646177763016e-01 -4.648801467366998064e-01 0.000000000000000000e+00
-9.994589454296135544e-01 -4.874687589467294191e-01 0.000000000000000000e+00
-2.932728383821476825e+00 -2.734813716208152723e+00 0.000000000000000000e+00
-3.018220428734120109e+00 -3.727192171080343286e+00 0.000000000000000000e+00
-2.853806730934524527e+00 -3.787129799636488769e+00 0.000000000000000000e+00
-2.776697346491675322e+00 -3.821796387791810634e+00 0.000000000000000000e+00
1.949043151305412946e+00 -3.119120805278800646e+00 0.000000000000000000e+00
2.037139791665264710e+00 -3.020183711182885755e+00 0.000000000000000000e+00
1.649119080151493888e+00 -1.707712681809140598e+00 0.000000000000000000e+00
3.706758024641299887e+00 -3.579574372561730389e+00 0.000000000000000000e+00
2.716194398077091954e+00 -2.445672255784459903e+00 0.000000000000000000e+00
4.299171624803642011e+00 -3.481400301312963741e+00 0.000000000000000000e+00
4.426256598558376609e+00 -3.458170423906951729e+00 0.000000000000000000e+00
4.516284088988376411e+00 -3.403263933414937714e+00 0.000000000000000000e+00
3.636103848063112487e+00 -2.184791449984575973e+00 0.000000000000000000e+00
3.716114980480604846e+00 -2.145499825787319015e+00 0.000000000000000000e+00
4.735699803270526864e+00 -2.412959382492164906e+00 0.000000000000000000e+00
2.323382679613939850e+00 -1.133189358090604726e+00 0.000000000000000000e+00
6.307117749404051565e+00 -2.808109507980780961e+00 0.000000000000000000e+00
2.259547115402010586e+00 -9.129162118783858970e-01 0.000000000000000000e+00
3.346245562102899473e+00 -1.217933665025508816e+00 0.000000000000000000e+00
3.382119888472502556e+00 -1.164557153640377152e+00 0.000000000000000000e+00
6.933069945752351693e+00 4.848076691750228262e-01 0.000000000000000000e+00
6.748223035985168039e+00 5.903931999828269106e-01 0.000000000000000000e+00
6.725951570579201011e+00 7.069261807402140718e-01 0.000000000000000000e+00
6.714574561079827753e+00 8.244462731129015287e-01 0.000000000000000000e+00
6.679736230476202685e+00 1.057966467359127360e+00 0.000000000000000000e+00
7.057362366315867774e+00 1.629320678254019272e+00 0.000000000000000000e+00
7.030762605568730450e+00 1.752966193424561503e+00 0.000000000000000000e+00
6.989439289455351201e+00 1.872814807267038306e+00 0.000000000000000000e+00
3.788332301024569748e+00 1.086286912718787301e+00 0.000000000000000000e+00
3.872702127655068161e+00 1.258317308123897638e+00 0.000000000000000000e+00
3.588083184314438956e+00 1.828219807089268789e+00 0.000000000000000000e+00
2.771669736617423663e+00 1.536361709672123821e+00 0.000000000000000000e+00
2.691606952534840502e+00 1.554000084312664454e+00 0.000000000000000000e+00
2.642646702942688997e+00 1.587862419218206922e+00 0.000000000000000000e+00
2.598419236084204886e+00 1.623672629355542130e+00 0.000000000000000000e+00
2.573879938579854976e+00 1.671497262007353601e+00 0.000000000000000000e+00
3.286226812497323735e+00 2.387583651795657680e+00 0.000000000000000000e+00
3.257634186129811038e+00 2.454803551862769329e+00 0.000000000000000000e+00
3.238724244836711730e+00 2.530368819637820010e+00 0.000000000000000000e+00
3.224378665341941730e+00 2.611050481181759420e+00 0.000000000000000000e+00
2.465897093217944480e+00 2.069133436120870417e+00 0.000000000000000000e+00
3.186383877792549058e+00 2.769881371847078722e+00 0.000000000000000000e+00
3.091432205932332700e+00 2.882807297685773484e+00 0.000000000000000000e+00
3.134882640611037719e+00 3.027321109603792415e+00 0.000000000000000000e+00
2.124319028724328096e+00 2.443749602703228607e+00 0.000000000000000000e+00
2.081989067942117799e+00 2.481218058186162700e+00 0.000000000000000000e+00
2.144348885830643869e+00 2.744641531212278718e+00 0.000000000000000000e+00
2.043763707183739342e+00 2.712166161460690450e+00 0.000000000000000000e+00
1.936752396130814180e+00 2.665711098160987280e+00 0.000000000000000000e+00
1.841180328653035048e+00 2.629478131166842481e+00 0.000000000000000000e+00
1.741326694686877508e+00 2.581623104398950375e+00 0.000000000000000000e+00
1.663327507093885993e+00 2.561299864978797469e+00 0.000000000000000000e+00
1.574390060151628079e+00 2.519550888119953314e+00 0.000000000000000000e+00
1.455499956690086583e+00 2.520999990838405758e+00 0.000000000000000000e+00
1.384131425877352273e+00 2.497039307822032317e+00 0.000000000000000000e+00
1.316398167068774772e+00 2.475784988549005750e+00 0.000000000000000000e+00
1.249835807666801690e+00 2.452941004059076668e+00 0.000000000000000000e+00
1.166943920686954739e+00 2.392589720611394632e+00 0.000000000000000000e+00
1.123319290346654453e+00 2.408966112542313187e+00 0.000000000000000000e+00
1.064836498504013074e+00 2.391662056236990797e+00 0.000000000000000000e+00
1.006523332528248771e+00 2.371220498673551003e+00 0.000000000000000000e+00
9.803454480664305359e-01 2.426440261275935040e+00 0.000000000000000000e+00
9.135357577550419217e-01 2.509919010582021492e+00 0.000000000000000000e+00
8.969402550125334939e-01 2.604903800432469385e+00 0.000000000000000000e+00
8.766811309145546849e-01 2.698147251105803779e+00 0.000000000000000000e+00
8.546024708339666764e-01 2.795278910147045881e+00 0.000000000000000000e+00
8.288414686888356808e-01 2.890513905216340884e+00 0.000000000000000000e+00
8.023389618359990649e-01 2.994369983659645573e+00 0.000000000000000000e+00
7.236674885939888835e-01 3.134548518533346151e+00 0.000000000000000000e+00
6.967120335891023863e-01 3.277772691207402112e+00 0.000000000000000000e+00
6.649692698283795611e-01 3.420970642814963547e+00 0.000000000000000000e+00
6.240915074813105923e-01 3.539399174566339124e+00 0.000000000000000000e+00
5.836569181068363976e-01 3.685065155927671920e+00 0.000000000000000000e+00
5.637901808388923186e-01 4.011576073078590987e+00 0.000000000000000000e+00
4.344202391541330255e-01 4.133233140931294791e+00 0.000000000000000000e+00
3.811320040173324375e-01 4.356359565430838465e+00 0.000000000000000000e+00
-2.439848608912623465e-02 1.397787079354186224e+00 0.000000000000000000e+00
-3.695442885949010714e-01 7.051323009701630617e+00 0.000000000000000000e+00
-4.844588276484736444e-01 6.928082492918948176e+00 0.000000000000000000e+00
-6.074756134819204734e-01 6.943476827519222461e+00 0.000000000000000000e+00
-7.205148130204170887e-01 6.855239539189633469e+00 0.000000000000000000e+00
-1.766181223764212049e+00 6.591477700096553427e+00 0.000000000000000000e+00
-1.876814849034739385e+00 6.545230876771033657e+00 0.000000000000000000e+00
-1.989881978069415691e+00 6.508610364802907000e+00 0.000000000000000000e+00
-1.949514821715095936e+00 5.356247733771819064e+00 0.000000000000000000e+00
-7.567247090350793792e-01 1.211012650005088620e+00 0.000000000000000000e+00
-8.656306166484369902e-01 1.283350134457314162e+00 0.000000000000000000e+00
-1.933505087612767959e+00 2.304261585963418124e+00 0.000000000000000000e+00
-3.297543469156229090e+00 3.414706156227661715e+00 0.000000000000000000e+00
-3.264005057658226683e+00 3.264004994416624061e+00 0.000000000000000000e+00
-3.176604508021091622e+00 3.067611256754889215e+00 0.000000000000000000e+00
-3.108253259177543804e+00 2.898493000994168067e+00 0.000000000000000000e+00
-3.058784257633397008e+00 2.754141664797434164e+00 0.000000000000000000e+00
-3.049026699553859743e+00 2.650478424205743089e+00 0.000000000000000000e+00
-2.979912986627416327e+00 2.500443842257562999e+00 0.000000000000000000e+00
-2.907303013792925661e+00 2.354287517499669136e+00 0.000000000000000000e+00
-2.901442744561290699e+00 2.186393892156149654e+00 0.000000000000000000e+00
-2.873628418739400558e+00 2.087813218707220919e+00 0.000000000000000000e+00
-2.847372580377036222e+00 1.993751709499672842e+00 0.000000000000000000e+00
-2.729866920783580397e+00 1.705810143487733299e+00 0.000000000000000000e+00
-2.701791301959518332e+00 1.623399965514914056e+00 0.000000000000000000e+00
-2.673420340803871920e+00 1.543499926116542742e+00 0.000000000000000000e+00
-2.664735746356691415e+00 1.416865103965876393e+00 0.000000000000000000e+00
-2.634706317058460368e+00 1.342449896410580878e+00 0.000000000000000000e+00
-2.608300286844407623e+00 1.272153027674282733e+00 0.000000000000000000e+00
-2.582977115033853632e+00 1.204461987618138608e+00 0.000000000000000000e+00
-2.653849536407037579e+00 1.181569918323379431e+00 0.000000000000000000e+00
-2.748627556424752427e+00 1.166723155064837814e+00 0.000000000000000000e+00
-2.829765174101726011e+00 1.143299321638902244e+00 0.000000000000000000e+00
-2.960031851887412468e+00 1.077363465422326749e+00 0.000000000000000000e+00
-3.054970473758214844e+00 1.051910670806928128e+00 0.000000000000000000e+00
-3.187941447060987255e+00 1.035824945308730705e+00 0.000000000000000000e+00
-3.312639667865453941e+00 1.012775561704308380e+00 0.000000000000000000e+00
-3.424975393456158201e+00 9.820958690353398524e-01 0.000000000000000000e+00
-3.540118121844401777e+00 9.485717704905424208e-01 0.000000000000000000e+00
-3.648311926544086425e+00 9.096263050945012640e-01 0.000000000000000000e+00
-3.715004686862904304e+00 7.896486025352663640e-01 0.000000000000000000e+00
-3.752760681098747497e+00 7.294627614848939734e-01 0.000000000000000000e+00
-3.766889705522615373e+00 6.642042691884566530e-01 0.000000000000000000e+00
-3.770006312272201399e+00 5.971103211598243199e-01 0.000000000000000000e+00
-3.847191440150375286e+00 5.406874778771764145e-01 0.000000000000000000e+00
-3.857034266028397607e+00 4.735842409271009412e-01 0.000000000000000000e+00
-3.953224441078299733e+00 4.155006140670393644e-01 0.000000000000000000e+00
-3.933395129325242934e+00 2.750497651259927734e-01 0.000000000000000000e+00
-4.027472906892514359e+00 2.110708949809640134e-01 0.000000000000000000e+00
-4.087508635556032388e+00 1.427389310028582270e-01 0.000000000000000000e+00
-4.137369774269515688e+00 7.221804256779611186e-02 0.000000000000000000e+00
-4.197999954223631924e+00 -1.512853617766379121e-08 0.000000000000000000e+00
