-1.101974648783071764e+01 -2.142022309745847064e+00 0.000000000000000000e+00
-6.006991342172147696e+00 -1.386823544909984385e+00 0.000000000000000000e+00
-4.736986883752521749e+00 -1.818359167793480724e+00 0.000000000000000000e+00
-5.281313625309545401e+00 -2.575869084278862520e+00 0.000000000000000000e+00
-4.510274733553141679e+00 -2.298100037207350788e+00 0.000000000000000000e+00
-5.296802536990731447e+00 -2.816360196021554074e+00 0.000000000000000000e+00
-5.267834148046725673e+00 -2.920008482805930949e+00 0.000000000000000000e+00
-5.188358201597433883e+00 -2.995500337918690636e+00 0.000000000000000000e+00
-4.208862423071211722e+00 -2.629989415191430258e+00 0.000000000000000000e+00
-3.145886622549317835e+00 -2.547489002010621562e+00 0.000000000000000000e+00
-2.965357962146170312e+00 -2.488231009178414332e+00 0.000000000000000000e+00
-2.938084191520716093e+00 -2.554037863335175018e+00 0.000000000000000000e+00
-2.870563119610012759e+00 -2.676843664097263709e+00 0.000000000000000000e+00
-1.231509692003563083e+00 -1.189255195889948880e+00 0.000000000000000000e+00
-2.798083697963155370e+00 -2.897500756823786272e+00 0.000000000000000000e+00
-1.122132000433159638e+00 -1.246253957722025962e+00 0.000000000000000000e+00
-2.750855258983289975e+00 -3.164497274535380100e+00 0.000000000000000000e+00
-2.721562724196119110e+00 -3.243432453839680374e+00 0.000000000000000000e+00
-2.646728397630164320e+00 -3.387658181169869831e+00 0.000000000000000000e+00
-2.602849704531025488e+00 -3.454098546041531215e+00 0.000000000000000000e+00
-2.587430491274039568e+00 -3.561292885487748361e+00 0.000000000000000000e+00
-1.579055840189547810e+00 -2.255125665918367162e+00 0.000000000000000000e+00
6.225000412551370266e-01 -1.078201609399001892e+00 0.000000000000000000e+00
6.309216917576333516e-01 -1.050029941136079170e+00 0.000000000000000000e+00
6.528605673817998722e-01 -1.044795225443215569e+00 0.000000000000000000e+00
6.928400230779785396e-01 -1.027177496957713876e+00 0.000000000000000000e+00
7.066462014563982263e-01 -1.009195288097536114e+00 0.000000000000000000e+00
7.129835803680092399e-01 -9.813376368863467869e-01 0.000000000000000000e+00
8.382548077409796017e-01 -1.035158404800794019e+00 0.000000000000000000e+00
8.528767403162912375e-01 -9.811223888230250489e-01 0.000000000000000000e+00
8.732154395906434052e-01 -9.698039282043428022e-01 0.000000000000000000e+00
8.934178455138356290e-01 -9.580732766337956008e-01 0.000000000000000000e+00
9.183384167801295073e-01 -9.509672038867499344e-01 0.000000000000000000e+00
9.489373380334626962e-01 -9.489372734608231275e-01 0.000000000000000000e+00
9.739861016384533388e-01 -9.405673813827364338e-01 0.000000000000000000e+00
1.000491917625075278e+00 -9.329737436085726587e-01 0.000000000000000000e+00
1.029998786929570365e+00 -9.274150106739905697e-01 0.000000000000000000e+00
1.072462232112294522e+00 -8.999026024717972083e-01 0.000000000000000000e+00
1.103547261597227713e+00 -8.936348916317470303e-01 0.000000000000000000e+00
1.131583463155963143e+00 -8.840898346794168194e-01 0.000000000000000000e+00
1.163611980733458839e+00 -8.768444607315953876e-01 0.000000000000000000e+00
1.195727182449343617e+00 -8.687465900063355839e-01 0.000000000000000000e+00
1.229547284885070146e+00 -8.609382175948161464e-01 0.000000000000000000e+00
1.280649942609053626e+00 -8.316637379640400285e-01 0.000000000000000000e+00
1.314474535106908704e+00 -8.213747918800281544e-01 0.000000000000000000e+00
1.349181358170108425e+00 -8.106698870492402564e-01 0.000000000000000000e+00
1.389970815268668503e+00 -8.024999650637023585e-01 0.000000000000000000e+00
1.430877898680124716e+00 -7.931485111662401888e-01 0.000000000000000000e+00
1.466575988266416442e+00 -7.797922255279728931e-01 0.000000000000000000e+00
1.523455978992907411e+00 -7.430390688808631294e-01 0.000000000000000000e+00
1.572444046438340681e+00 -7.332426409172920767e-01 0.000000000000000000e+00
1.582260748506865156e+00 -7.044678137500669513e-01 0.000000000000000000e+00
1.597075954956784338e+00 -6.779184639303043047e-01 0.000000000000000000e+00
1.609591137693769936e+00 -6.503169746185990530e-01 0.000000000000000000e+00
1.622562833364826540e+00 -6.228434590144368288e-01 0.000000000000000000e+00
1.639763646041125345e+00 -5.968251014857964831e-01 0.000000000000000000e+00
1.650875499031408511e+00 -5.684419640827539366e-01 0.000000000000000000e+00
1.678314857670637261e+00 -5.131122896452633420e-01 0.000000000000000000e+00
1.693743088944437369e+00 -4.856729602368973775e-01 0.000000000000000000e+00
1.704859083272225240e+00 -4.568155598128566530e-01 0.000000000000000000e+00
1.715482863293266602e+00 -4.277178618581216618e-01 0.000000000000000000e+00
1.730481269224586782e+00 -3.995130262728524007e-01 0.000000000000000000e+00
1.745993445631790042e+00 -3.711223095547143691e-01 0.000000000000000000e+00
1.767910566565546127e+00 -3.436469484671081931e-01 0.000000000000000000e+00
1.783765145700525467e+00 -2.825205909592303777e-01 0.000000000000000000e+00
1.798326805059187850e+00 -2.527382970301308984e-01 0.000000000000000000e+00
1.820329640047371189e+00 -2.235083221768500716e-01 0.000000000000000000e+00
1.829920326203095637e+00 -1.923323232896860246e-01 0.000000000000000000e+00
1.839971614832044633e+00 -1.609766044522490669e-01 0.000000000000000000e+00
1.876418024135160234e+00 -1.312118765985200164e-01 0.000000000000000000e+00
1.890405718765201470e+00 -9.907191193320095957e-02 0.000000000000000000e+00
1.911708734957048073e+00 -3.336894640517626409e-02 0.000000000000000000e+00
1.927000045776366299e+00 5.383975931749773074e-08 0.000000000000000000e+00
1.947703263449977795e+00 3.399734109579235358e-02 0.000000000000000000e+00
1.967800518390472320e+00 6.871716282247176955e-02 0.000000000000000000e+00
1.985275547464931289e+00 1.040439375204289113e-01 0.000000000000000000e+00
2.016076850382753083e+00 1.409778822887266803e-01 0.000000000000000000e+00
2.027830173018118742e+00 2.131335952033950043e-01 0.000000000000000000e+00
2.053577986618996043e+00 2.521477276353978336e-01 0.000000000000000000e+00
2.082533667039999425e+00 2.926810768992610945e-01 0.000000000000000000e+00
2.103776269595393877e+00 3.332054846571581574e-01 0.000000000000000000e+00
2.116351781801757870e+00 3.731699778204382589e-01 0.000000000000000000e+00
2.145837118704438495e+00 4.171085414003827263e-01 0.000000000000000000e+00
2.188116159407384576e+00 4.650985075652372958e-01 0.000000000000000000e+00
2.216691976910541761e+00 5.117637281229093782e-01 0.000000000000000000e+00
2.231288587965158943e+00 5.978720371935216660e-01 0.000000000000000000e+00
2.264732487554475870e+00 6.494016539610670824e-01 0.000000000000000000e+00
2.290349854336601876e+00 7.002302859619180531e-01 0.000000000000000000e+00
2.317724745469239345e+00 7.530744856064898185e-01 0.000000000000000000e+00
2.355286691729049586e+00 8.109903120164095869e-01 0.000000000000000000e+00
2.384939950018869936e+00 8.680472204778337808e-01 0.000000000000000000e+00
2.406042104858897801e+00 9.721041806994018541e-01 0.000000000000000000e+00
2.445781429539821694e+00 1.038172694463821211e+00 0.000000000000000000e+00
2.482102988094339491e+00 1.105103523635355911e+00 0.000000000000000000e+00
2.533130304902885932e+00 1.181218136021357612e+00 0.000000000000000000e+00
2.566056988758798063e+00 1.251549695118709282e+00 0.000000000000000000e+00
2.618668045311724590e+00 1.334278092982775332e+00 0.000000000000000000e+00
2.661203956808232629e+00 1.414987325861360334e+00 0.000000000000000000e+00
2.683812669498449655e+00 1.549500052655255811e+00 0.000000000000000000e+00
2.731792179419654687e+00 1.641426428279066929e+00 0.000000000000000000e+00
2.790926149453708316e+00 1.743964305871460452e+00 0.000000000000000000e+00
2.812062309060063825e+00 1.826174709913394700e+00 0.000000000000000000e+00
2.904947565800408249e+00 1.959411972773823507e+00 0.000000000000000000e+00
2.591767349494511929e+00 2.024910672580867654e+00 0.000000000000000000e+00
2.570021586590895968e+00 2.081162542242547264e+00 0.000000000000000000e+00
2.562418635703741732e+00 2.150124630527405767e+00 0.000000000000000000e+00
2.544125984265784624e+00 2.211575077492500263e+00 0.000000000000000000e+00
2.532637508792624281e+00 2.280397157745715830e+00 0.000000000000000000e+00
2.510737270022316281e+00 2.341300485484564486e+00 0.000000000000000000e+00
2.500425143642397430e+00 2.414632599725421436e+00 0.000000000000000000e+00
4.972449852669506676e+00 5.332299864930279298e+00 0.000000000000000000e+00
1.651273191639744287e+00 4.536836068186373971e+00 0.000000000000000000e+00
5.406874310646876403e-01 3.847191446729441022e+00 0.000000000000000000e+00
4.789464625054465352e-01 3.900706450217079624e+00 0.000000000000000000e+00
2.932906130435447012e-01 5.596320008936550572e+00 0.000000000000000000e+00
1.949484978253430978e-01 5.582597128544694698e+00 0.000000000000000000e+00
9.689567303697844969e-02 5.551154450818992281e+00 0.000000000000000000e+00
-8.723334546026988681e-08 5.531000137329100674e+00 0.000000000000000000e+00
-9.584870381375608372e-02 5.491163643281301354e+00 0.000000000000000000e+00
-1.877593795996511106e-01 5.376722760823423819e+00 0.000000000000000000e+00
-4.634071565009101890e-01 5.296767115354181321e+00 0.000000000000000000e+00
-5.524329910529575116e-01 5.256048057004644392e+00 0.000000000000000000e+00
-6.461513423307503334e-01 5.262479731858048737e+00 0.000000000000000000e+00
-7.337206421252121524e-01 5.220693085191483007e+00 0.000000000000000000e+00
-8.125206496846937299e-01 5.130052999393322821e+00 0.000000000000000000e+00
-8.979348008096671441e-01 5.092440881634906269e+00 0.000000000000000000e+00
-1.395827671851316953e+00 4.867829333911861234e+00 0.000000000000000000e+00
-1.493142325015449856e+00 4.883848248201206665e+00 0.000000000000000000e+00
-1.563317043433046560e+00 4.811394909597443537e+00 0.000000000000000000e+00
-1.607981218746524776e+00 4.669916346288461639e+00 0.000000000000000000e+00
-2.153662801282525852e+00 4.618544632372957537e+00 0.000000000000000000e+00
-2.250597447248079419e+00 4.614408448398573448e+00 0.000000000000000000e+00
-2.334873252856405568e+00 4.582446637763387010e+00 0.000000000000000000e+00
-2.717855948140930789e+00 4.523271771823009324e+00 0.000000000000000000e+00
-1.998325533509885732e+00 3.197989270093274605e+00 0.000000000000000000e+00
-2.978261572684064440e+00 4.415454255247831306e+00 0.000000000000000000e+00
-3.064045375672181049e+00 4.375910193015205785e+00 0.000000000000000000e+00
-3.293131927215154686e+00 4.370133573003657901e+00 0.000000000000000000e+00
-4.147888542704236237e+00 4.147888462336983828e+00 0.000000000000000000e+00
-4.223243872287566703e+00 4.078339122776447390e+00 0.000000000000000000e+00
-2.775188325390094857e+00 2.247303154222255017e+00 0.000000000000000000e+00
-2.326279436713076354e+00 1.569095264862452321e+00 0.000000000000000000e+00
-2.308860103242854400e+00 1.499391256201620060e+00 0.000000000000000000e+00
-8.862102284806255836e-01 5.537656013542642253e-01 0.000000000000000000e+00
-8.734535292840931442e-01 5.248238190308315287e-01 0.000000000000000000e+00
-8.746197107873635579e-01 4.848096136652287336e-01 0.000000000000000000e+00
-8.652886612423392743e-01 4.600821340907226276e-01 0.000000000000000000e+00
-8.553662472634843139e-01 4.358308638034411042e-01 0.000000000000000000e+00
-8.484615877953300966e-01 4.138223590371233884e-01 0.000000000000000000e+00
-8.374284204213932048e-01 3.904992784790699556e-01 0.000000000000000000e+00
-8.313263929483019066e-01 3.701303501727001288e-01 0.000000000000000000e+00
-8.256928695066275692e-01 3.504858224874909944e-01 0.000000000000000000e+00
-8.224121037344001017e-01 3.322760520599158940e-01 0.000000000000000000e+00
-8.224843413070775933e-01 3.157221519275155708e-01 0.000000000000000000e+00
-8.566398484462819374e-01 2.949647485497733368e-01 0.000000000000000000e+00
-8.873357582004675059e-01 2.883128590883736186e-01 0.000000000000000000e+00
-9.199651887525286398e-01 2.812615781382639679e-01 0.000000000000000000e+00
-9.631841961712335198e-01 2.761886178765626809e-01 0.000000000000000000e+00
-1.003596968191222460e+00 2.689129910953662606e-01 0.000000000000000000e+00
-4.514150958520843915e+00 9.595123819451489844e-01 0.000000000000000000e+00
