-7.520522283680421971e+00 -9.234044182043655846e-01 0.000000000000000000e+00
-7.207170831564300606e+00 -1.012902180762424553e+00 0.000000000000000000e+00
-6.657395556076840748e+00 -1.294066957136202678e+00 0.000000000000000000e+00
-6.634485708612346322e+00 -1.531692067620883613e+00 0.000000000000000000e+00
-6.580545595863536157e+00 -1.640714643191937938e+00 0.000000000000000000e+00
-6.513237788451919030e+00 -1.745217156299476269e+00 0.000000000000000000e+00
-6.900092608987063336e+00 -2.648697782383633292e+00 0.000000000000000000e+00
-6.845398166416210906e+00 -2.765720778092837673e+00 0.000000000000000000e+00
-3.639564994175037871e+00 -1.620438951276424344e+00 0.000000000000000000e+00
-3.673265352906586401e+00 -1.712871983156504241e+00 0.000000000000000000e+00
-3.462889867146988543e+00 -2.335748948501632505e+00 0.000000000000000000e+00
-2.564418503990784082e+00 -1.932428139907871989e+00 0.000000000000000000e+00
-2.496417961960262222e+00 -1.950415660939360585e+00 0.000000000000000000e+00
-2.420700410808159120e+00 -2.031209015232841253e+00 0.000000000000000000e+00
-2.385636896246821070e+00 -2.073802710884919964e+00 0.000000000000000000e+00
-3.010251833775784203e+00 -2.807105509554032263e+00 0.000000000000000000e+00
-2.983101900553738695e+00 -2.880748286544910552e+00 0.000000000000000000e+00
-2.976919438260595463e+00 -2.976919713278094903e+00 0.000000000000000000e+00
-2.894400868954164707e+00 -3.103865211897373300e+00 0.000000000000000000e+00
-2.237572701524313423e+00 -2.485076473970091460e+00 0.000000000000000000e+00
-2.798091524108647477e+00 -3.218836386620714141e+00 0.000000000000000000e+00
-2.722205465182178763e+00 -3.244198442789728798e+00 0.000000000000000000e+00
-2.818096656423245250e+00 -3.480059870767540087e+00 0.000000000000000000e+00
-2.625180341184127464e+00 -3.360077924059586607e+00 0.000000000000000000e+00
-2.490310423612867918e+00 -3.304753862053330327e+00 0.000000000000000000e+00
-2.336176649398348015e+00 -3.336406343644553907e+00 0.000000000000000000e+00
-2.077401450713880493e+00 -3.079874603754161555e+00 0.000000000000000000e+00
8.676100600084180048e-01 -1.336002229399844810e+00 0.000000000000000000e+00
3.586417195067028274e+00 -3.229224328661179477e+00 0.000000000000000000e+00
3.506380742676712625e+00 -3.048050071222240920e+00 0.000000000000000000e+00
3.387448569659640363e+00 -2.842406652933668010e+00 0.000000000000000000e+00
3.344836230990915205e+00 -2.708594789570919925e+00 0.000000000000000000e+00
3.278912653138490896e+00 -2.561767151807444964e+00 0.000000000000000000e+00
3.260829014703218842e+00 -2.457210742307001983e+00 0.000000000000000000e+00
3.189144996859600845e+00 -2.317049308339962366e+00 0.000000000000000000e+00
3.071820236357579059e+00 -2.150911535954946885e+00 0.000000000000000000e+00
3.059470297840773956e+00 -1.986843101642930431e+00 0.000000000000000000e+00
2.987228010698366187e+00 -1.794907541049675537e+00 0.000000000000000000e+00
2.924567923543536008e+00 -1.688499953156545441e+00 0.000000000000000000e+00
2.865254231209064528e+00 -1.588236235735078106e+00 0.000000000000000000e+00
2.804241706637156994e+00 -1.491041649960323623e+00 0.000000000000000000e+00
2.769248357439769492e+00 -1.411002403894053403e+00 0.000000000000000000e+00
2.766051447920408357e+00 -1.289830867546732707e+00 0.000000000000000000e+00
2.768956228209684234e+00 -1.232818637697530084e+00 0.000000000000000000e+00
2.720091807572822429e+00 -1.154610370418525322e+00 0.000000000000000000e+00
2.712012764269575271e+00 -1.095724184039560622e+00 0.000000000000000000e+00
2.821280151653557500e+00 -1.082987883347858116e+00 0.000000000000000000e+00
2.870761051250897200e+00 -1.044871472721573991e+00 0.000000000000000000e+00
2.927325499327797953e+00 -1.007958902608780738e+00 0.000000000000000000e+00
3.080257605480860583e+00 -9.417291549448291166e-01 0.000000000000000000e+00
3.215420428170649991e+00 -9.220068663005246412e-01 0.000000000000000000e+00
3.342103422643787347e+00 -8.955138057728285750e-01 0.000000000000000000e+00
3.427084593621251063e+00 -8.544680487082221276e-01 0.000000000000000000e+00
3.502860434796026379e+00 -8.086989427766969607e-01 0.000000000000000000e+00
3.594692408642675918e+00 -7.640753475747064094e-01 0.000000000000000000e+00
3.743925992363262623e+00 -7.277453774495692418e-01 0.000000000000000000e+00
3.775932498319423569e+00 -5.980488425949249676e-01 0.000000000000000000e+00
3.794707271894147027e+00 -5.333112151407958246e-01 0.000000000000000000e+00
3.841153506887685865e+00 -4.716342340752351370e-01 0.000000000000000000e+00
3.819958691322633992e+00 -4.014937259575361295e-01 0.000000000000000000e+00
3.876193612280753431e+00 -3.391228869372590049e-01 0.000000000000000000e+00
3.891497390646109444e+00 -2.721198948407351770e-01 0.000000000000000000e+00
3.976542925679264151e+00 -2.084016709327474182e-01 0.000000000000000000e+00
3.984392962262568005e+00 -6.954772596040281751e-02 0.000000000000000000e+00
4.076000213623045099e+00 1.138821303925396800e-07 0.000000000000000000e+00
4.106374356148518423e+00 7.167714521652100712e-02 0.000000000000000000e+00
4.119489202297614838e+00 1.438558469794689876e-01 0.000000000000000000e+00
4.183259244572424151e+00 2.192354426718380878e-01 0.000000000000000000e+00
4.206727599496749015e+00 2.941631655707958592e-01 0.000000000000000000e+00
4.264709629164830318e+00 3.731138629434199161e-01 0.000000000000000000e+00
4.276881368392390748e+00 5.251351180394155937e-01 0.000000000000000000e+00
4.299743945800983624e+00 6.042897209132794822e-01 0.000000000000000000e+00
1.051888134797696939e+00 1.666027423285790787e-01 0.000000000000000000e+00
1.034048088855777925e+00 1.823306057630275367e-01 0.000000000000000000e+00
1.027763705401195216e+00 1.997770549905338033e-01 0.000000000000000000e+00
1.017273461759250708e+00 2.162281772911407440e-01 0.000000000000000000e+00
1.012370524644815584e+00 2.337241796923258674e-01 0.000000000000000000e+00
1.001665017794112433e+00 2.683953604227380385e-01 0.000000000000000000e+00
9.958671224655858412e-01 2.855603299765195335e-01 0.000000000000000000e+00
9.907317321790801712e-01 3.028971153999724941e-01 0.000000000000000000e+00
9.843434544628708593e-01 3.198326039702629742e-01 0.000000000000000000e+00
9.805026984244809007e-01 3.376141817981613280e-01 0.000000000000000000e+00
9.754009197665883812e-01 3.550169291466690469e-01 0.000000000000000000e+00
9.699900858365094747e-01 3.723443362283763713e-01 0.000000000000000000e+00
9.573250023861012981e-01 4.063603824940976161e-01 0.000000000000000000e+00
9.546549535350906668e-01 4.250397981340642284e-01 0.000000000000000000e+00
4.645866503692416494e+00 2.265940636443525502e+00 0.000000000000000000e+00
4.614522643290250414e+00 2.351216865206838147e+00 0.000000000000000000e+00
4.588678604732884914e+00 2.439843835169866360e+00 0.000000000000000000e+00
4.564640070676661665e+00 2.530221451124745613e+00 0.000000000000000000e+00
3.130925232467694386e+00 2.919635142360925251e+00 0.000000000000000000e+00
2.663115388200390843e+00 3.803323099356469505e+00 0.000000000000000000e+00
2.518410858919517548e+00 3.878012817921615785e+00 0.000000000000000000e+00
2.462004773924766798e+00 3.940031426583252117e+00 0.000000000000000000e+00
2.356299016192462847e+00 3.921540284259039666e+00 0.000000000000000000e+00
3.481499790790905546e+00 6.030134800310820609e+00 0.000000000000000000e+00
2.672637727503400118e+00 5.731490389229353610e+00 0.000000000000000000e+00
2.233404366307339295e+00 5.527870083760897835e+00 0.000000000000000000e+00
2.109353704805376761e+00 5.495054575633905536e+00 0.000000000000000000e+00
1.992951322267326963e+00 5.475589070772455713e+00 0.000000000000000000e+00
1.854761685842708507e+00 5.386619384454645498e+00 0.000000000000000000e+00
1.527306462561667466e+00 5.326350978245576684e+00 0.000000000000000000e+00
1.416257752313941687e+00 5.285546264573623532e+00 0.000000000000000000e+00
1.283879447746606450e+00 5.149359597483959661e+00 0.000000000000000000e+00
3.946163572760857385e-01 1.856524154922431613e+00 0.000000000000000000e+00
3.493712338729343947e-01 1.797359349901707537e+00 0.000000000000000000e+00
8.685880751666762434e-01 4.926008252684264122e+00 0.000000000000000000e+00
6.887675775980472981e-01 4.900836566705284447e+00 0.000000000000000000e+00
5.943566891944310759e-01 4.840647447613251053e+00 0.000000000000000000e+00
5.046633482099279755e-01 4.801551787495210277e+00 0.000000000000000000e+00
4.189575905885638551e-01 4.788708080225524633e+00 0.000000000000000000e+00
3.292504646292874204e-01 4.708502113300006009e+00 0.000000000000000000e+00
2.475489976135355763e-01 4.723517722441158639e+00 0.000000000000000000e+00
1.625617806953499611e-01 4.655162467238036506e+00 0.000000000000000000e+00
-7.250256549859884497e-08 4.597000122070311612e+00 0.000000000000000000e+00
-2.339941391518840230e-01 4.464872840575057289e+00 0.000000000000000000e+00
-3.102071081697090338e-01 4.436167353418535519e+00 0.000000000000000000e+00
-3.859256931487844988e-01 4.411150090723157113e+00 0.000000000000000000e+00
-5.196509355851828271e-01 4.232216722314398716e+00 0.000000000000000000e+00
-6.806463936817992444e-01 4.297431794242484671e+00 0.000000000000000000e+00
-7.506811254945613410e-01 4.257323860366245327e+00 0.000000000000000000e+00
-2.719028292945439573e-01 1.398818685721289201e+00 0.000000000000000000e+00
-2.869181514364745889e-01 1.349843680288784764e+00 0.000000000000000000e+00
-3.244172705986357874e-01 1.301166526494360376e+00 0.000000000000000000e+00
-3.514762916440555829e-01 1.311727305959467182e+00 0.000000000000000000e+00
-3.820334035449722832e-01 1.332308741124094587e+00 0.000000000000000000e+00
-4.242313549987326016e-01 1.387598171474474729e+00 0.000000000000000000e+00
-4.524008942103885933e-01 1.392346721123953301e+00 0.000000000000000000e+00
-4.688181790238587499e-01 1.361546796776254453e+00 0.000000000000000000e+00
-5.092679989754480552e-01 1.399202270744977827e+00 0.000000000000000000e+00
-8.143947691702942970e-01 2.015697712396141483e+00 0.000000000000000000e+00
-1.788943065655635989e+00 3.836400660578981547e+00 0.000000000000000000e+00
-1.855625024032103942e+00 3.804594996952249009e+00 0.000000000000000000e+00
-1.922649872750007871e+00 3.773412725594882389e+00 0.000000000000000000e+00
-1.992437337678266918e+00 3.747229523161729858e+00 0.000000000000000000e+00
-2.065289137368634620e+00 3.725880128122805335e+00 0.000000000000000000e+00
-2.138500018599400754e+00 3.703990583984845486e+00 0.000000000000000000e+00
-2.210543365811973970e+00 3.678961872062193272e+00 0.000000000000000000e+00
-2.281302383342406870e+00 3.650846882266062021e+00 0.000000000000000000e+00
-2.411799145683871437e+00 3.575639191092168101e+00 0.000000000000000000e+00
-2.470393842209940960e+00 3.528087958722532225e+00 0.000000000000000000e+00
-2.245415233591513182e+00 2.772856827677839142e+00 0.000000000000000000e+00
-2.284467129288394460e+00 2.722521851191332498e+00 0.000000000000000000e+00
-2.188495529204406598e+00 2.188495486801297130e+00 0.000000000000000000e+00
-1.877926952823123941e+00 1.690892991654770361e+00 0.000000000000000000e+00
-1.894321054224014089e+00 1.646708139182280650e+00 0.000000000000000000e+00
-1.710577285103011214e+00 1.435344742761198722e+00 0.000000000000000000e+00
-1.805714834426444426e+00 1.360703702448102126e+00 0.000000000000000000e+00
-4.237473434221771029e+00 2.967110788964750778e+00 0.000000000000000000e+00
-4.267885251043741945e+00 2.878724899813060567e+00 0.000000000000000000e+00
-2.985667189534593646e+00 1.938914909408593568e+00 0.000000000000000000e+00
-1.728322119112457589e+00 1.079975503402926806e+00 0.000000000000000000e+00
-4.837617897200894745e+00 2.792999945778983584e+00 0.000000000000000000e+00
-1.655067711033018085e+00 7.025345493421877308e-01 0.000000000000000000e+00
-2.332641990020088318e+00 5.385328236068011032e-01 0.000000000000000000e+00
-3.479270943182690701e+00 7.395418497966373961e-01 0.000000000000000000e+00
-6.003911462601934090e+00 7.371876049049658208e-01 0.000000000000000000e+00
