-7.214075483406184652e+00 -1.142597685480452041e+00 0.000000000000000000e+00
-6.649447180136514923e+00 -1.413383981649534604e+00 0.000000000000000000e+00
-6.638383370955443397e+00 -1.532591914083049733e+00 0.000000000000000000e+00
-6.587337636251072048e+00 -1.642408089420467343e+00 0.000000000000000000e+00
-6.578920588997221763e+00 -1.762816813199566957e+00 0.000000000000000000e+00
-6.955689590530621302e+00 -1.994512272081764070e+00 0.000000000000000000e+00
-6.880487505874506304e+00 -2.641172087283541803e+00 0.000000000000000000e+00
-6.748043845941269048e+00 -2.726387073839426911e+00 0.000000000000000000e+00
-4.252732228853450813e+00 -1.805177977994715688e+00 0.000000000000000000e+00
-3.636824338694991887e+00 -1.619218732679146067e+00 0.000000000000000000e+00
-2.593967969588328870e+00 -1.954695261577393373e+00 0.000000000000000000e+00
-2.510602254201542038e+00 -1.961497645666392842e+00 0.000000000000000000e+00
-2.458889755140446720e+00 -1.991169854462444988e+00 0.000000000000000000e+00
-2.419168250387598640e+00 -2.029923379866676036e+00 0.000000000000000000e+00
-2.395448129028112660e+00 -2.082331486228298889e+00 0.000000000000000000e+00
-3.023855995070390712e+00 -2.722692422473115936e+00 0.000000000000000000e+00
-3.015371287146166424e+00 -2.811879477499391378e+00 0.000000000000000000e+00
-2.940149854968562071e+00 -2.940150126589167634e+00 0.000000000000000000e+00
-2.937015564172255289e+00 -3.041368929094989237e+00 0.000000000000000000e+00
-2.896447040843564302e+00 -3.106059462808914873e+00 0.000000000000000000e+00
-2.206792692644455212e+00 -2.450891807753964535e+00 0.000000000000000000e+00
-2.813181038650993671e+00 -3.236194889030966859e+00 0.000000000000000000e+00
-2.866832608215576617e+00 -3.416558376018603127e+00 0.000000000000000000e+00
-2.750129882750057764e+00 -3.396127887431735992e+00 0.000000000000000000e+00
-2.543872092915821614e+00 -3.375832604610316867e+00 0.000000000000000000e+00
-2.418736028924244774e+00 -3.329104855465852886e+00 0.000000000000000000e+00
-2.317822167414143930e+00 -3.310193424282407815e+00 0.000000000000000000e+00
-2.015331141734015841e+00 -2.987851577483256804e+00 0.000000000000000000e+00
3.726922394720096676e+00 -5.964322120444095710e+00 0.000000000000000000e+00
8.796104578705206123e-01 -1.304076032443033606e+00 0.000000000000000000e+00
3.572297403267338467e+00 -3.216510811879611520e+00 0.000000000000000000e+00
3.492795874830675551e+00 -3.036240926567274734e+00 0.000000000000000000e+00
3.358338798184195451e+00 -2.817980656079198454e+00 0.000000000000000000e+00
3.302093335367160876e+00 -2.673982277512780392e+00 0.000000000000000000e+00
3.253696633021849749e+00 -2.542066239075812639e+00 0.000000000000000000e+00
3.276519059624015906e+00 -2.380530276403344914e+00 0.000000000000000000e+00
3.152916271848515972e+00 -2.207695587376035107e+00 0.000000000000000000e+00
3.087335968974859846e+00 -2.082434259275157018e+00 0.000000000000000000e+00
1.701184550774713422e+00 -1.063018011397576235e+00 0.000000000000000000e+00
2.976084825764604869e+00 -1.788212040539742143e+00 0.000000000000000000e+00
2.919371734684969688e+00 -1.685499932341965934e+00 0.000000000000000000e+00
2.819773965597696552e+00 -1.563026114738467642e+00 0.000000000000000000e+00
2.810234661611068052e+00 -1.431885967319148856e+00 0.000000000000000000e+00
2.772779709657976266e+00 -1.352374917349419725e+00 0.000000000000000000e+00
2.763332505504495273e+00 -1.288563003979783073e+00 0.000000000000000000e+00
2.741549890236635978e+00 -1.220616550896736818e+00 0.000000000000000000e+00
2.711807425309143316e+00 -1.151093859083310189e+00 0.000000000000000000e+00
2.738901137062496272e+00 -1.106587790851016662e+00 0.000000000000000000e+00
2.839951742597471185e+00 -1.090155234928747552e+00 0.000000000000000000e+00
2.912197171300916487e+00 -1.002749802042484983e+00 0.000000000000000000e+00
3.015800246562474918e+00 -9.798927987420497088e-01 0.000000000000000000e+00
3.139548535554820496e+00 -9.598562094402361966e-01 0.000000000000000000e+00
3.253870859670857651e+00 -9.330323488610056115e-01 0.000000000000000000e+00
3.347899018179920194e+00 -8.970667307302425675e-01 0.000000000000000000e+00
3.466866611354319172e+00 -8.643868184781076103e-01 0.000000000000000000e+00
3.558399452672568852e+00 -8.215211336334764525e-01 0.000000000000000000e+00
3.641836908868261169e+00 -7.079012729578952889e-01 0.000000000000000000e+00
3.768859194446587679e+00 -6.645514486435623036e-01 0.000000000000000000e+00
3.779883200835666202e+00 -5.986745722837706341e-01 0.000000000000000000e+00
3.800648921884132392e+00 -5.341462594140576892e-01 0.000000000000000000e+00
3.846116351251387400e+00 -4.722435945957433323e-01 0.000000000000000000e+00
3.874657225012180906e+00 -4.072427719211264008e-01 0.000000000000000000e+00
3.888504677559643241e+00 -2.719106240411876541e-01 0.000000000000000000e+00
3.893656491316976442e+00 -2.040577793310221488e-01 0.000000000000000000e+00
4.047533044033305494e+00 -1.413428541204631017e-01 0.000000000000000000e+00
4.012388814071212728e+00 -7.003639458522389893e-02 0.000000000000000000e+00
4.072000026702879083e+00 1.137703664610967148e-07 0.000000000000000000e+00
4.098375677572288822e+00 7.153752754016612370e-02 0.000000000000000000e+00
4.158465002278378897e+00 1.452169129861010655e-01 0.000000000000000000e+00
4.192246735136655467e+00 2.197064573417787103e-01 0.000000000000000000e+00
4.217888546869460242e+00 3.690175477422749650e-01 0.000000000000000000e+00
4.258542808319083051e+00 4.475910020185396299e-01 0.000000000000000000e+00
4.294747324009402512e+00 5.273287820444925167e-01 0.000000000000000000e+00
4.350247734220928919e+00 6.113875668766782789e-01 0.000000000000000000e+00
1.043986612093517952e+00 1.653512638609177521e-01 0.000000000000000000e+00
1.038972122901825168e+00 1.831988459542617798e-01 0.000000000000000000e+00
1.025800359301437092e+00 1.993954191148208099e-01 0.000000000000000000e+00
1.013344824082101914e+00 2.339491144678956525e-01 0.000000000000000000e+00
1.007166945304223571e+00 2.511149508667234742e-01 0.000000000000000000e+00
1.002630988751448626e+00 2.686541915874952058e-01 0.000000000000000000e+00
9.958671224655858412e-01 2.855603299765195335e-01 0.000000000000000000e+00
9.897753827424533579e-01 3.026047300081858293e-01 0.000000000000000000e+00
9.833924668863180951e-01 3.195236093489514095e-01 0.000000000000000000e+00
9.795572483876162639e-01 3.372886372166523095e-01 0.000000000000000000e+00
9.634549401131505819e-01 3.698357286332571436e-01 0.000000000000000000e+00
9.624168198377736072e-01 3.888416633484430007e-01 0.000000000000000000e+00
9.610070840892932509e-01 4.079233335562282847e-01 0.000000000000000000e+00
4.777148207785553602e+00 2.227620936268634999e+00 0.000000000000000000e+00
4.658449565332672293e+00 2.272077806049856097e+00 0.000000000000000000e+00
4.606503741022124565e+00 2.347131030178879474e+00 0.000000000000000000e+00
4.595252043613775150e+00 2.547189945767797337e+00 0.000000000000000000e+00
7.459926970417819270e+00 4.482376578469057016e+00 0.000000000000000000e+00
2.594321633983903475e+00 2.782069464421308425e+00 0.000000000000000000e+00
2.521134116338736408e+00 3.882206266794673066e+00 0.000000000000000000e+00
2.703911427610788287e+00 5.798557058893025307e+00 0.000000000000000000e+00
2.528274897955204548e+00 5.678598685968241355e+00 0.000000000000000000e+00
2.119387963160066057e+00 5.521194713800118947e+00 0.000000000000000000e+00
2.011420375147108697e+00 5.526332379435409337e+00 0.000000000000000000e+00
1.894155369578478298e+00 5.501026956088173492e+00 0.000000000000000000e+00
1.748727048431417019e+00 5.382028781362539149e+00 0.000000000000000000e+00
1.637573772290192187e+00 5.356262807227516909e+00 0.000000000000000000e+00
1.512973308337994593e+00 5.276365325796652073e+00 0.000000000000000000e+00
1.388046424956748570e+00 5.180260150031372746e+00 0.000000000000000000e+00
7.791999784329343148e-01 4.919675584993579598e+00 0.000000000000000000e+00
6.827831705449175503e-01 4.858255292745924159e+00 0.000000000000000000e+00
5.927723865511959067e-01 4.827744336256637681e+00 0.000000000000000000e+00
5.028863438800352803e-01 4.784644717966884286e+00 0.000000000000000000e+00
4.175630753612007973e-01 4.772768695220255708e+00 0.000000000000000000e+00
2.456125584469358025e-01 4.686568250578853956e+00 0.000000000000000000e+00
1.634691679915598883e-01 4.681146651629330080e+00 0.000000000000000000e+00
8.061259113864330250e-02 4.618296463254391249e+00 0.000000000000000000e+00
-7.232907419146477243e-08 4.585999965667723721e+00 0.000000000000000000e+00
-5.309026890659263725e-02 3.041536743140281995e+00 0.000000000000000000e+00
-2.312203340552412834e-01 4.411945501941973546e+00 0.000000000000000000e+00
-3.866229302343054952e-01 4.419119545692473672e+00 0.000000000000000000e+00
-4.617022688320883139e-01 4.392803022831961890e+00 0.000000000000000000e+00
-6.137534181507000586e-01 4.367082023031300331e+00 0.000000000000000000e+00
-6.779870510944913109e-01 4.280641367535510611e+00 0.000000000000000000e+00
-7.480764258010824674e-01 4.242551875594641864e+00 0.000000000000000000e+00
-2.894130845560071719e-01 1.361581416947421852e+00 0.000000000000000000e+00
-3.048087014289777574e-01 1.320271452097003140e+00 0.000000000000000000e+00
-3.280460957739099737e-01 1.315720948457944406e+00 0.000000000000000000e+00
-3.535468483071735335e-01 1.319454728201359783e+00 0.000000000000000000e+00
-3.927832375367310003e-01 1.369797865530377079e+00 0.000000000000000000e+00
-4.309559050613561149e-01 1.409593182595029193e+00 0.000000000000000000e+00
-4.753295361529540353e-01 1.380457150167936131e+00 0.000000000000000000e+00
-4.873787054287739839e-01 1.339061933442954766e+00 0.000000000000000000e+00
-7.780168460415860521e-01 2.026803099425032784e+00 0.000000000000000000e+00
-1.722936493370739841e+00 3.869778592749355539e+00 0.000000000000000000e+00
-1.787675302729885729e+00 3.833681934299101979e+00 0.000000000000000000e+00
-1.855186684647110562e+00 3.803696268055239305e+00 0.000000000000000000e+00
-1.926735707680393039e+00 3.781431627912724913e+00 0.000000000000000000e+00
-1.993845874179025035e+00 3.749878594959512146e+00 0.000000000000000000e+00
-2.134000106246124684e+00 3.696196507370243189e+00 0.000000000000000000e+00
-2.205393112670043454e+00 3.670390411654008922e+00 0.000000000000000000e+00
-2.271233888836815762e+00 3.634733923263672839e+00 0.000000000000000000e+00
-2.345215852354755270e+00 3.611315634204043334e+00 0.000000000000000000e+00
-2.406766240950272806e+00 3.568177603155753275e+00 0.000000000000000000e+00
-2.288323881966590090e+00 2.727118149954580240e+00 0.000000000000000000e+00
-1.668868304159487392e+00 1.611607357149508424e+00 0.000000000000000000e+00
-1.856375720103127236e+00 1.671488174916301972e+00 0.000000000000000000e+00
-1.909415231553545089e+00 1.659829307110692431e+00 0.000000000000000000e+00
-1.720535871705545228e+00 1.443700988953499964e+00 0.000000000000000000e+00
-1.759628056384387129e+00 1.374772083680602108e+00 0.000000000000000000e+00
-4.207165052141907502e+00 2.945888631738000640e+00 0.000000000000000000e+00
-4.412138007680617591e+00 2.976024611021483857e+00 0.000000000000000000e+00
-2.908509490480937654e+00 1.888808114654247694e+00 0.000000000000000000e+00
-4.864464803767429402e+00 2.808500014237894415e+00 0.000000000000000000e+00
-1.909426888125089539e+00 9.729015760014319003e-01 0.000000000000000000e+00
-3.895576435033968110e+00 1.653574060427088765e+00 0.000000000000000000e+00
-6.384141298954339128e+00 2.198236092294479249e+00 0.000000000000000000e+00
-2.496911780693287675e+00 7.633825241388915162e-01 0.000000000000000000e+00
-3.423936352422511931e+00 7.904779728775211955e-01 0.000000000000000000e+00
