-7.345881131680127574e+00 -1.282232152423717630e-01 0.000000000000000000e+00
-3.971549647017972084e+00 -2.081403038826744878e-01 0.000000000000000000e+00
-3.992251170091858370e+00 -2.791656043505431617e-01 0.000000000000000000e+00
-4.003440045997855634e+00 -9.981699254144793532e-01 0.000000000000000000e+00
-3.052524650488447122e+00 -9.332506083795318874e-01 0.000000000000000000e+00
-3.012946978503447948e+00 -9.789659830465498036e-01 0.000000000000000000e+00
-2.960418649208161224e+00 -1.019354052419720436e+00 0.000000000000000000e+00
-2.966609611234710453e+00 -1.079757761718720621e+00 0.000000000000000000e+00
-3.792479811732577311e+00 -1.609812391121301145e+00 0.000000000000000000e+00
-3.786645821841880366e+00 -1.685923563453641361e+00 0.000000000000000000e+00
-3.821899857707279136e+00 -1.782181399859001258e+00 0.000000000000000000e+00
-3.816279261824601754e+00 -1.861323993409383482e+00 0.000000000000000000e+00
-2.949231471010163474e+00 -1.502708671567376753e+00 0.000000000000000000e+00
-3.731127390483225170e+00 -2.068197920521156252e+00 0.000000000000000000e+00
-3.659823109145495579e+00 -2.113000092551934550e+00 0.000000000000000000e+00
-3.755249871847313070e+00 -2.256382008361813352e+00 0.000000000000000000e+00
-3.593179666050789756e+00 -2.245268088781804838e+00 0.000000000000000000e+00
-3.460354595109865983e+00 -2.247180784450437230e+00 0.000000000000000000e+00
-3.351798981473529171e+00 -2.260817192264845676e+00 0.000000000000000000e+00
-3.005468677009845546e+00 -2.104452036444369956e+00 0.000000000000000000e+00
-2.719106073815146019e+00 -1.975546397739092797e+00 0.000000000000000000e+00
-2.891999419349810196e+00 -2.259477797739541050e+00 0.000000000000000000e+00
-2.771302381215561272e+00 -2.244156635140087008e+00 0.000000000000000000e+00
-2.669664698919524515e+00 -2.240114877447323849e+00 0.000000000000000000e+00
-2.543371095659488379e+00 -2.210918971475906769e+00 0.000000000000000000e+00
-2.450148335772029728e+00 -2.206123677389713045e+00 0.000000000000000000e+00
-2.360078291476089163e+00 -2.200808816274888446e+00 0.000000000000000000e+00
-2.273113729118604986e+00 -2.195120615579578605e+00 0.000000000000000000e+00
-2.149272965917885969e+00 -2.225637513953301561e+00 0.000000000000000000e+00
-2.064408900427399107e+00 -2.213807713332808014e+00 0.000000000000000000e+00
-1.995347441997283422e+00 -2.216058044561360241e+00 0.000000000000000000e+00
-1.909131730413803352e+00 -2.196205030378951317e+00 0.000000000000000000e+00
-1.836444173594623974e+00 -2.188589143783544078e+00 0.000000000000000000e+00
-1.780347284108370065e+00 -2.198546002790115583e+00 0.000000000000000000e+00
-1.720773770854290952e+00 -2.202490194308039051e+00 0.000000000000000000e+00
-1.657398443551325151e+00 -2.199442228307074032e+00 0.000000000000000000e+00
-1.586512339948676242e+00 -2.265774652202921846e+00 0.000000000000000000e+00
-1.592022025605573932e+00 -2.360269943777556279e+00 0.000000000000000000e+00
2.205524199040899802e+00 -3.529576249333822080e+00 0.000000000000000000e+00
2.216681087678509243e+00 -3.413389276489287472e+00 0.000000000000000000e+00
2.169109357962589524e+00 -3.215836624219961415e+00 0.000000000000000000e+00
2.112482172131497915e+00 -3.016936976256709979e+00 0.000000000000000000e+00
2.205014524155235023e+00 -2.536578868977424239e+00 0.000000000000000000e+00
2.121144154315577790e+00 -2.355769080431371787e+00 0.000000000000000000e+00
2.109420961021612584e+00 -2.262076879339309343e+00 0.000000000000000000e+00
2.093005752177606649e+00 -2.167370755157859818e+00 0.000000000000000000e+00
2.090914835247484227e+00 -2.090914692966340471e+00 0.000000000000000000e+00
2.136284232459939592e+00 -1.992117140237618989e+00 0.000000000000000000e+00
2.181130086275514746e+00 -1.963898218049925815e+00 0.000000000000000000e+00
2.270166405653337272e+00 -1.973425415619782797e+00 0.000000000000000000e+00
2.366311340780872019e+00 -1.985570838828631057e+00 0.000000000000000000e+00
2.450341372795150185e+00 -1.984247184818605625e+00 0.000000000000000000e+00
2.545274814956822951e+00 -1.988586492853965382e+00 0.000000000000000000e+00
2.671435870272058644e+00 -2.013071181659060294e+00 0.000000000000000000e+00
2.810510723564201729e+00 -1.967940658014348809e+00 0.000000000000000000e+00
2.932305909460748872e+00 -1.977865171105316788e+00 0.000000000000000000e+00
3.018375418351462169e+00 -1.960155776754105350e+00 0.000000000000000000e+00
3.140322221613495834e+00 -1.962290970516387345e+00 0.000000000000000000e+00
3.261521699361121573e+00 -1.959719804619744599e+00 0.000000000000000000e+00
3.321207517901256345e+00 -1.917499912809242479e+00 0.000000000000000000e+00
3.432017425435965663e+00 -1.824835895066713398e+00 0.000000000000000000e+00
3.480271449426628028e+00 -1.773286736147001497e+00 0.000000000000000000e+00
3.512487179966933049e+00 -1.713154327822391965e+00 0.000000000000000000e+00
3.555445588631528597e+00 -1.657931370563489937e+00 0.000000000000000000e+00
3.626775543332815932e+00 -1.614744371548691326e+00 0.000000000000000000e+00
3.681099024189337765e+00 -1.562533696853074305e+00 0.000000000000000000e+00
3.793109270684457357e+00 -1.532515486413282835e+00 0.000000000000000000e+00
3.865895338060679975e+00 -1.407070697683748151e+00 0.000000000000000000e+00
3.911610467696557958e+00 -1.346875362974775170e+00 0.000000000000000000e+00
3.983975909429502860e+00 -1.294472108509692854e+00 0.000000000000000000e+00
4.036562598285475367e+00 -1.234100900457594685e+00 0.000000000000000000e+00
4.108432685248369687e+00 -1.178073981351051236e+00 0.000000000000000000e+00
4.149617386743202907e+00 -1.111886494393376390e+00 0.000000000000000000e+00
4.199440001183162074e+00 -1.047037855487145785e+00 0.000000000000000000e+00
1.050530530722067812e+00 -2.232971250806939645e-01 0.000000000000000000e+00
1.041506437297713639e+00 -2.024483114445705667e-01 0.000000000000000000e+00
1.037002542980677733e+00 -1.828514960708314541e-01 0.000000000000000000e+00
1.039048184317121981e+00 -1.645690340883434466e-01 0.000000000000000000e+00
1.039781429199916563e+00 -1.461317191959963513e-01 0.000000000000000000e+00
1.039195874622231841e+00 -1.275971786867541591e-01 0.000000000000000000e+00
1.037286322931520566e+00 -1.090231555709233469e-01 0.000000000000000000e+00
1.037038691860189488e+00 -9.072909927281350151e-02 0.000000000000000000e+00
1.040572031997354596e+00 -5.453403980471051987e-02 0.000000000000000000e+00
1.040365860529601338e+00 -3.633034701804784689e-02 0.000000000000000000e+00
1.040841459749627829e+00 -1.816792602951155383e-02 0.000000000000000000e+00
1.047000050544738325e+00 2.925284348087586419e-08 0.000000000000000000e+00
1.046840586857719968e+00 1.827269952881885318e-02 0.000000000000000000e+00
1.056356144121513019e+00 3.688879867431379966e-02 0.000000000000000000e+00
5.129406655447384722e+00 4.487650738829918051e-01 0.000000000000000000e+00
5.137699986803081487e+00 5.399941690550985607e-01 0.000000000000000000e+00
5.129478714284680052e+00 6.298209321431473828e-01 0.000000000000000000e+00
5.198907341269149107e+00 7.306589196730152169e-01 0.000000000000000000e+00
8.524496005352526495e+00 1.503098876378480275e+00 0.000000000000000000e+00
3.793493089830284770e+00 2.656232588848135734e+00 0.000000000000000000e+00
3.783772456297555209e+00 2.749071739179627993e+00 0.000000000000000000e+00
3.660309870264883525e+00 2.859747624607595462e+00 0.000000000000000000e+00
1.812530112214854716e+00 1.632009516511396141e+00 0.000000000000000000e+00
4.473157551076434757e+00 4.473157746604372598e+00 0.000000000000000000e+00
4.220049373124509451e+00 4.369989241515692235e+00 0.000000000000000000e+00
3.977981474900850856e+00 4.417996200360459369e+00 0.000000000000000000e+00
3.846473937597198578e+00 4.424862287495559876e+00 0.000000000000000000e+00
3.663889160131111211e+00 4.366453257266856625e+00 0.000000000000000000e+00
3.545590880602038641e+00 4.378440285093231132e+00 0.000000000000000000e+00
3.418152447711874764e+00 4.375035811567959065e+00 0.000000000000000000e+00
3.294937103528556843e+00 4.372529409794458921e+00 0.000000000000000000e+00
3.074943220244820807e+00 4.391474222478069400e+00 0.000000000000000000e+00
9.777010262249071770e-01 1.564648781321390070e+00 0.000000000000000000e+00
2.581370788909838510e+00 4.296122634586978961e+00 0.000000000000000000e+00
2.479499970160667477e+00 4.294620122334933399e+00 0.000000000000000000e+00
2.369264570659690872e+00 4.274266628847979810e+00 0.000000000000000000e+00
2.195497957465879058e+00 4.308907563025851317e+00 0.000000000000000000e+00
1.996025989180706617e+00 4.280491761346162605e+00 0.000000000000000000e+00
1.822369915626793846e+00 4.293234702513927914e+00 0.000000000000000000e+00
1.723190214034936885e+00 4.265045674887183225e+00 0.000000000000000000e+00
1.637741511537227801e+00 4.266462739831764495e+00 0.000000000000000000e+00
1.408190413975347166e+00 4.333964722769245270e+00 0.000000000000000000e+00
1.319765779269177042e+00 4.316759633897240711e+00 0.000000000000000000e+00
1.198471161801338836e+00 4.179565923104270553e+00 0.000000000000000000e+00
1.140615472780767803e+00 4.256835199398694591e+00 0.000000000000000000e+00
1.065423905671480487e+00 4.273182208569070717e+00 0.000000000000000000e+00
9.744878436559556434e-01 4.220970922149981597e+00 0.000000000000000000e+00
8.973467809645232496e-01 4.221685045450305651e+00 0.000000000000000000e+00
7.392202152406210924e-01 4.192326587177214847e+00 0.000000000000000000e+00
2.132201584995153110e-01 1.346219246704986716e+00 0.000000000000000000e+00
1.835692989495018301e-01 1.306163591430240745e+00 0.000000000000000000e+00
1.629392914580857499e-01 1.327034219773839618e+00 0.000000000000000000e+00
1.189675673160432573e-01 1.359805774352429886e+00 0.000000000000000000e+00
9.870538466096337449e-02 1.411553094673735576e+00 0.000000000000000000e+00
7.651514505721628001e-02 1.459996393429771944e+00 0.000000000000000000e+00
4.987135857659816957e-02 1.428129512625290642e+00 0.000000000000000000e+00
2.485220455143974383e-02 1.423783143089779157e+00 0.000000000000000000e+00
-3.747035148555460937e-02 2.146673075290133959e+00 0.000000000000000000e+00
-2.936050696566773754e-01 4.198747193428467916e+00 0.000000000000000000e+00
-4.397512844339385163e-01 4.183953387195022522e+00 0.000000000000000000e+00
-5.144105843339700224e-01 4.189537491551138970e+00 0.000000000000000000e+00
-5.885631182217049284e-01 4.187843744723790174e+00 0.000000000000000000e+00
-6.623436180716505417e-01 4.181872627896986216e+00 0.000000000000000000e+00
-7.390467118749849407e-01 4.191341827487291560e+00 0.000000000000000000e+00
-8.160901237354549753e-01 4.198419403268268901e+00 0.000000000000000000e+00
-8.886146606050697727e-01 4.180602997141821930e+00 0.000000000000000000e+00
-9.639152920500574373e-01 4.175175565419238843e+00 0.000000000000000000e+00
-1.156418143876918325e+00 3.358482008543083097e+00 0.000000000000000000e+00
-1.024035009582591638e+00 2.099582848746100794e+00 0.000000000000000000e+00
-1.128166371065716822e+00 2.214151105462920377e+00 0.000000000000000000e+00
-1.170392646736077014e+00 2.201188361914256042e+00 0.000000000000000000e+00
-1.089367229812079785e+00 1.965270450681962267e+00 0.000000000000000000e+00
-1.082000039122330781e+00 1.874078990845733594e+00 0.000000000000000000e+00
-1.155745440761251075e+00 1.923483373423229725e+00 0.000000000000000000e+00
-1.200797091929254101e+00 1.921676999644845507e+00 0.000000000000000000e+00
-2.873692344415665012e+00 4.260424002646622021e+00 0.000000000000000000e+00
-1.979412298833459927e+00 2.826893662677829600e+00 0.000000000000000000e+00
-2.960655978548001332e+00 2.960655921183927397e+00 0.000000000000000000e+00
-2.925282885931328458e+00 1.899700884831100112e+00 0.000000000000000000e+00
-2.814526172594775666e+00 1.560117305334873583e+00 0.000000000000000000e+00
-4.067929361136828348e+00 1.480605173492674398e+00 0.000000000000000000e+00
-6.694551457097704272e+00 1.060312752675296011e+00 0.000000000000000000e+00
-6.722929957111606569e+00 9.448461556967664432e-01 0.000000000000000000e+00
-6.744351179896028725e+00 8.281021670480909203e-01 0.000000000000000000e+00
-6.762749081332370515e+00 7.107935403000943397e-01 0.000000000000000000e+00
-6.672932598657753900e+00 2.330239152282460591e-01 0.000000000000000000e+00
-7.374999999999999112e+00 -2.657764543280098125e-08 0.000000000000000000e+00
