-4.672288134091193257e+00 -8.155533643313001013e-02 0.000000000000000000e+00
-4.651164706069017107e+00 -1.624224927485412306e-01 0.000000000000000000e+00
-4.447502013431405388e+00 -4.674515293808298444e-01 0.000000000000000000e+00
-4.421793001968761239e+00 -5.429281425391767613e-01 0.000000000000000000e+00
-4.359743928518920342e+00 -7.687407124943845815e-01 0.000000000000000000e+00
-4.323085882249711354e+00 -8.403229980791587783e-01 0.000000000000000000e+00
-1.505369174903541163e+00 -3.199761755583958589e-01 0.000000000000000000e+00
-1.441093282062168024e+00 -3.327026759543722512e-01 0.000000000000000000e+00
-1.389463502362881853e+00 -3.464322344245346907e-01 0.000000000000000000e+00
-1.412183550996571668e+00 -3.783935181075151477e-01 0.000000000000000000e+00
-1.429396110319799407e+00 -4.098728165759467079e-01 0.000000000000000000e+00
-1.487053822640798550e+00 -4.546380598271555495e-01 0.000000000000000000e+00
-1.481745998460546998e+00 -4.814485413642206613e-01 0.000000000000000000e+00
-1.457044108176061892e+00 -5.017006012378729674e-01 0.000000000000000000e+00
-1.477857735460729183e+00 -5.672965173677526618e-01 0.000000000000000000e+00
-4.024905106777837638e+00 -1.626167450460413333e+00 0.000000000000000000e+00
-4.006037256329811669e+00 -1.700462160558510405e+00 0.000000000000000000e+00
-3.940626213132259803e+00 -1.837544415685999244e+00 0.000000000000000000e+00
-3.909753922703749218e+00 -1.906914637367388199e+00 0.000000000000000000e+00
-3.912409367236412194e+00 -1.993472381078944977e+00 0.000000000000000000e+00
-3.888500926917978440e+00 -2.067552859727056269e+00 0.000000000000000000e+00
-3.877189134564060335e+00 -2.149161276569032442e+00 0.000000000000000000e+00
-3.846018697920526641e+00 -2.220500177824160204e+00 0.000000000000000000e+00
-3.798965504284933736e+00 -2.282649013190411580e+00 0.000000000000000000e+00
-3.759397172028456247e+00 -2.349132325100033558e+00 0.000000000000000000e+00
-3.704968678746548338e+00 -2.499033185465844298e+00 0.000000000000000000e+00
-3.675535090990209586e+00 -2.573637638091328839e+00 0.000000000000000000e+00
-2.854962781526289461e+00 -2.230541602142385837e+00 0.000000000000000000e+00
-1.744432354003840446e+00 -1.744432515160174724e+00 0.000000000000000000e+00
-1.823478135488040941e+00 -1.888267059871844289e+00 0.000000000000000000e+00
-1.846851430378542158e+00 -1.980505868340947551e+00 0.000000000000000000e+00
-1.529191607393160623e+00 -1.822419760332090855e+00 0.000000000000000000e+00
-2.049961984415296090e+00 -2.927649401339063484e+00 0.000000000000000000e+00
1.754282404183371336e+00 -2.701357800027311296e+00 0.000000000000000000e+00
1.778233563985798682e+00 -2.636339472922668570e+00 0.000000000000000000e+00
1.818607718222152503e+00 -2.503098598290629528e+00 0.000000000000000000e+00
2.788250984075696159e+00 -3.207515619572399501e+00 0.000000000000000000e+00
2.826407774019578323e+00 -3.139043628496156924e+00 0.000000000000000000e+00
3.014396318851236156e+00 -3.014396113729655102e+00 0.000000000000000000e+00
3.070142458872033409e+00 -2.964801908523678531e+00 0.000000000000000000e+00
2.799014305217680576e+00 -2.186829495955754599e+00 0.000000000000000000e+00
2.708589001848128230e+00 -1.967904964963788750e+00 0.000000000000000000e+00
2.850649194963918998e+00 -1.996045916306292467e+00 0.000000000000000000e+00
2.827018255611642772e+00 -1.906847756849982201e+00 0.000000000000000000e+00
2.815417250212338018e+00 -1.828353210612542856e+00 0.000000000000000000e+00
2.734908269065161601e+00 -1.578999908680093434e+00 0.000000000000000000e+00
2.698201877540842286e+00 -1.495637610988001187e+00 0.000000000000000000e+00
2.687275749097173261e+00 -1.369235277043862720e+00 0.000000000000000000e+00
2.649644847996110997e+00 -1.292318037322936153e+00 0.000000000000000000e+00
2.620135879975954651e+00 -1.221789326333944548e+00 0.000000000000000000e+00
2.593555578059689282e+00 -1.154725243383027067e+00 0.000000000000000000e+00
2.563606129659996125e+00 -1.088186146781255470e+00 0.000000000000000000e+00
2.548828515240794346e+00 -1.029793473656887670e+00 0.000000000000000000e+00
2.519733490485219551e+00 -9.672349758891967131e-01 0.000000000000000000e+00
2.505220451002271087e+00 -9.118255875006904265e-01 0.000000000000000000e+00
2.592612058913890127e+00 -8.927078339573841781e-01 0.000000000000000000e+00
2.683391164567418663e+00 -8.203949206384641979e-01 0.000000000000000000e+00
2.765550012925978685e+00 -7.930086151956021734e-01 0.000000000000000000e+00
2.847549314548886379e+00 -7.629984477800141329e-01 0.000000000000000000e+00
2.957461490072347043e+00 -7.373778730923006286e-01 0.000000000000000000e+00
3.062445024967251239e+00 -7.070210475419598239e-01 0.000000000000000000e+00
3.158438712167949358e+00 -6.713467753154348516e-01 0.000000000000000000e+00
3.295322584149077638e+00 -6.405457219804397972e-01 0.000000000000000000e+00
3.436167843224038787e+00 -5.442354180104291839e-01 0.000000000000000000e+00
3.540208407410128988e+00 -4.975437398271662648e-01 0.000000000000000000e+00
3.709144970480290571e+00 -4.554256277677145581e-01 0.000000000000000000e+00
3.928361545998051874e+00 -4.128873219477056655e-01 0.000000000000000000e+00
4.107310894921996081e+00 -3.593430224490854474e-01 0.000000000000000000e+00
1.481774276827920067e+00 2.586450742350653031e-02 0.000000000000000000e+00
6.961718623958391916e+00 8.547917551250104884e-01 0.000000000000000000e+00
6.500440150458129729e+00 2.238281226814870628e+00 0.000000000000000000e+00
6.416221220316513651e+00 2.335313724030064986e+00 0.000000000000000000e+00
6.435169935365009586e+00 2.470230482854798293e+00 0.000000000000000000e+00
3.670052801499110284e+00 1.557845095942899993e+00 0.000000000000000000e+00
2.440686913412488668e+00 1.138111071859505774e+00 0.000000000000000000e+00
1.268607603285857310e+00 7.622563908179662562e-01 0.000000000000000000e+00
1.254263092254335188e+00 7.837506067624468997e-01 0.000000000000000000e+00
1.288324384069163164e+00 8.689858132658020429e-01 0.000000000000000000e+00
3.310741576046398293e+00 3.428373412145527155e+00 0.000000000000000000e+00
3.172656263750985861e+00 3.402257452146497663e+00 0.000000000000000000e+00
2.936814120505560677e+00 3.261662656657269288e+00 0.000000000000000000e+00
2.783002400310554236e+00 3.201478176357099859e+00 0.000000000000000000e+00
2.593429146486213810e+00 3.202618416477339025e+00 0.000000000000000000e+00
2.487887887100131312e+00 3.184351420170101754e+00 0.000000000000000000e+00
2.356707499116809323e+00 3.127456617953644713e+00 0.000000000000000000e+00
2.168927552979825535e+00 2.985272800300156515e+00 0.000000000000000000e+00
2.078067314442710867e+00 2.967787822509067031e+00 0.000000000000000000e+00
1.959411845794525542e+00 2.904947651449026225e+00 0.000000000000000000e+00
1.772579897008480954e+00 2.836720941531584383e+00 0.000000000000000000e+00
1.671298438614732040e+00 2.781507826047306509e+00 0.000000000000000000e+00
1.538785692015756101e+00 2.776043002449642749e+00 0.000000000000000000e+00
1.458178595305857694e+00 2.742435204783377323e+00 0.000000000000000000e+00
1.382401053649250811e+00 2.713114960981117818e+00 0.000000000000000000e+00
1.299770361205782487e+00 2.664924295201462456e+00 0.000000000000000000e+00
1.228551263829164242e+00 2.634636819218317605e+00 0.000000000000000000e+00
1.161639781286716744e+00 2.609085800329003835e+00 0.000000000000000000e+00
1.097172994275889879e+00 2.584777729973797733e+00 0.000000000000000000e+00
1.031382916305626729e+00 2.686844506241212738e+00 0.000000000000000000e+00
1.005881185241855658e+00 2.763636001977149537e+00 0.000000000000000000e+00
9.793089229120468531e-01 2.844119795978353515e+00 0.000000000000000000e+00
9.548624325943391167e-01 2.938764571105751955e+00 0.000000000000000000e+00
9.262335007980234680e-01 3.029573467211975846e+00 0.000000000000000000e+00
8.996802562913048806e-01 3.137558133007597228e+00 0.000000000000000000e+00
8.698907686002984585e-01 3.246476776596793901e+00 0.000000000000000000e+00
8.423720080216062778e-01 3.378569842963948577e+00 0.000000000000000000e+00
7.403734930190917218e-01 3.483183725434323197e+00 0.000000000000000000e+00
6.977884465097460298e-01 3.589810685569553961e+00 0.000000000000000000e+00
6.451029024801752110e-01 3.658560728960180697e+00 0.000000000000000000e+00
5.835004949968266574e-01 3.684077539171327853e+00 0.000000000000000000e+00
5.218990660153914884e-01 3.713505266576615060e+00 0.000000000000000000e+00
4.629815755792797138e-01 3.770682862436269378e+00 0.000000000000000000e+00
3.992986597047117892e-01 3.799073580536838968e+00 0.000000000000000000e+00
2.671672267932773126e-01 3.820670240745198232e+00 0.000000000000000000e+00
2.030111089053687756e-01 3.873683917169330027e+00 0.000000000000000000e+00
1.357589834680291430e-01 3.887630424122414219e+00 0.000000000000000000e+00
6.829120601893871878e-02 3.912404139028518024e+00 0.000000000000000000e+00
-6.275564652950436553e-08 3.979000091552733487e+00 0.000000000000000000e+00
-6.984459059992657870e-02 4.001390329987335015e+00 0.000000000000000000e+00
-1.421108145873984374e-01 4.069519472105469049e+00 0.000000000000000000e+00
-2.857923436939279749e-01 4.087020031334577475e+00 0.000000000000000000e+00
-3.625679390905520716e-01 4.144169786581191950e+00 0.000000000000000000e+00
-4.387060255708689072e-01 4.174008414853974891e+00 0.000000000000000000e+00
-5.157511082221341026e-01 4.200455181153220252e+00 0.000000000000000000e+00
-5.953825711509735941e-01 4.236366668447866246e+00 0.000000000000000000e+00
-6.753276339134106632e-01 4.263850469862036974e+00 0.000000000000000000e+00
-7.647466032016392301e-01 4.337093141644420058e+00 0.000000000000000000e+00
-8.496725319538480647e-01 4.371185903158275821e+00 0.000000000000000000e+00
-1.004631487703174342e+00 4.351536773307301154e+00 0.000000000000000000e+00
-2.409542194689825167e-01 9.664145321612669370e-01 0.000000000000000000e+00
-2.562308702624451762e-01 9.562665737163994484e-01 0.000000000000000000e+00
-2.726053640178700554e-01 9.506878351164111951e-01 0.000000000000000000e+00
-2.879861460256372130e-01 9.419601944235100888e-01 0.000000000000000000e+00
-3.028366728130798546e-01 9.320354000699423436e-01 0.000000000000000000e+00
-3.193823737870475910e-01 9.275537243073090909e-01 0.000000000000000000e+00
-3.519173359173453086e-01 9.167759680367522090e-01 0.000000000000000000e+00
-3.686129097785816322e-01 9.123489333770566923e-01 0.000000000000000000e+00
-3.852609047417362986e-01 9.076177819426783921e-01 0.000000000000000000e+00
-4.018558047741718764e-01 9.025828849006398702e-01 0.000000000000000000e+00
-4.188147071040307368e-01 8.981510087383558494e-01 0.000000000000000000e+00
-4.344258159216992099e-01 8.907048915578756887e-01 0.000000000000000000e+00
-4.530825412085409676e-01 8.892245285907420804e-01 0.000000000000000000e+00
-4.713494354854449453e-01 8.864793321103101587e-01 0.000000000000000000e+00
-5.065000160000604490e-01 8.772837380104959726e-01 0.000000000000000000e+00
-4.516501846453572000e+00 7.227913671275487673e+00 0.000000000000000000e+00
-4.714395643991088569e+00 7.259532497989058086e+00 0.000000000000000000e+00
-3.075252669102208625e+00 3.184517298819979469e+00 0.000000000000000000e+00
-3.841111157323104486e+00 2.494446707836313504e+00 0.000000000000000000e+00
-3.947664085097589037e+00 2.466774254881543449e+00 0.000000000000000000e+00
-3.970398929289552736e+00 2.385656316316650649e+00 0.000000000000000000e+00
-3.986315093304518609e+00 2.301500051481867981e+00 0.000000000000000000e+00
-2.254630137093390996e+00 1.003825993293341323e+00 0.000000000000000000e+00
-5.645360788886877756e+00 2.167050929920535829e+00 0.000000000000000000e+00
-5.543246940466711514e+00 2.017576847919702931e+00 0.000000000000000000e+00
-5.494408331851833083e+00 1.891876469409983885e+00 0.000000000000000000e+00
-5.548480247885732908e+00 1.696340611437117341e+00 0.000000000000000000e+00
-5.371513402818938410e+00 1.439292645995384312e+00 0.000000000000000000e+00
-5.315280154983724081e+00 1.325248154562243430e+00 0.000000000000000000e+00
-5.201187237565865651e+00 1.200788659870553943e+00 0.000000000000000000e+00
-5.132340679437752406e+00 1.090912660106283294e+00 0.000000000000000000e+00
-1.957598285960656659e+00 3.100530992287347520e-01 0.000000000000000000e+00
-1.886460643863095532e+00 2.651247445084310983e-01 0.000000000000000000e+00
-4.912938222306016733e+00 5.163705928330182271e-01 0.000000000000000000e+00
-4.865414732493503536e+00 4.256686114630742201e-01 0.000000000000000000e+00
-4.825217205953853394e+00 3.374120360512007921e-01 0.000000000000000000e+00
-4.808401267995659367e+00 2.519976130259123370e-01 0.000000000000000000e+00
-4.698136491945286153e+00 1.640625232525201593e-01 0.000000000000000000e+00
-4.706999778747557706e+00 -1.696284354872207214e-08 0.000000000000000000e+00
