-5.997247883238177479e+00 -1.384574089652136797e+00 0.000000000000000000e+00
-4.759392970261632883e+00 -1.826960059841114870e+00 0.000000000000000000e+00
-5.320932726965564186e+00 -2.481191995854057364e+00 0.000000000000000000e+00
-4.609914721837956364e+00 -2.248405918602950138e+00 0.000000000000000000e+00
-5.287972859199128628e+00 -2.811665372512030636e+00 0.000000000000000000e+00
-5.315063941270859793e+00 -2.946188387673812414e+00 0.000000000000000000e+00
-5.211740843901528031e+00 -3.009000314250660502e+00 0.000000000000000000e+00
-5.149860905542815281e+00 -3.094348948640388119e+00 0.000000000000000000e+00
-3.132675358121488340e+00 -2.536790729990482163e+00 0.000000000000000000e+00
-2.967656111457400936e+00 -2.490159385601403486e+00 0.000000000000000000e+00
-2.937329536671933194e+00 -2.553381851821582504e+00 0.000000000000000000e+00
-2.908668750395306368e+00 -2.618977351797235897e+00 0.000000000000000000e+00
-1.274670036932051609e+00 -1.230934660368299571e+00 0.000000000000000000e+00
-2.791137286834099562e+00 -2.890307536864604732e+00 0.000000000000000000e+00
-1.108080239908315612e+00 -1.230647895190800645e+00 0.000000000000000000e+00
-2.742326484546304677e+00 -3.154686040966172555e+00 0.000000000000000000e+00
-2.713849219353404507e+00 -3.234239855882159453e+00 0.000000000000000000e+00
-2.697896478071431403e+00 -3.331624998532829451e+00 0.000000000000000000e+00
-2.600442619058914051e+00 -3.450904235430763300e+00 0.000000000000000000e+00
-2.585667263433009566e+00 -3.558866010336152907e+00 0.000000000000000000e+00
-2.506302356851565882e+00 -3.715746407871111767e+00 0.000000000000000000e+00
6.285000239868209215e-01 -1.088593883469576973e+00 0.000000000000000000e+00
6.304066295841848078e-01 -1.049172733798412693e+00 0.000000000000000000e+00
6.533905114395279767e-01 -1.045643313149732689e+00 0.000000000000000000e+00
6.731738525452545252e-01 -1.036596749195619394e+00 0.000000000000000000e+00
6.933992421419981067e-01 -1.028006573251370792e+00 0.000000000000000000e+00
7.194491702490454221e-01 -9.902367572442901666e-01 0.000000000000000000e+00
8.375522728929467586e-01 -9.981558598656585790e-01 0.000000000000000000e+00
8.535328300290346837e-01 -9.818771336481804113e-01 0.000000000000000000e+00
8.752228455253970862e-01 -9.720333782034604742e-01 0.000000000000000000e+00
9.169491178769703099e-01 -9.495285428559585572e-01 0.000000000000000000e+00
9.454018073789861587e-01 -9.454017430469300320e-01 0.000000000000000000e+00
9.725474405131239175e-01 -9.391780825774743713e-01 0.000000000000000000e+00
1.000491917625075278e+00 -9.329737436085726587e-01 0.000000000000000000e+00
1.027026157218692282e+00 -9.247384430410693357e-01 0.000000000000000000e+00
1.052819880659416230e+00 -9.152022976770033402e-01 0.000000000000000000e+00
1.101215899988001734e+00 -8.917469923531972098e-01 0.000000000000000000e+00
1.131583463155963143e+00 -8.840898346794168194e-01 0.000000000000000000e+00
1.159618806892288134e+00 -8.738353886170562301e-01 0.000000000000000000e+00
1.193300114434516335e+00 -8.669832219968572895e-01 0.000000000000000000e+00
1.222994055100367738e+00 -8.563495970190257989e-01 0.000000000000000000e+00
1.257649991959999936e+00 -8.482955712475476195e-01 0.000000000000000000e+00
1.291552669819578059e+00 -8.387440512988723063e-01 0.000000000000000000e+00
1.347467045606985270e+00 -8.096398242163241887e-01 0.000000000000000000e+00
1.383908663759191082e+00 -7.989999805164539337e-01 0.000000000000000000e+00
1.423880926719699236e+00 -7.892700265672381033e-01 0.000000000000000000e+00
1.464810115786110645e+00 -7.788532945469441859e-01 0.000000000000000000e+00
1.503128062789780062e+00 -7.658819420291452795e-01 0.000000000000000000e+00
1.551318503997015874e+00 -7.566285292402024076e-01 0.000000000000000000e+00
1.581347160346521008e+00 -7.040610581286607106e-01 0.000000000000000000e+00
1.597075954956784338e+00 -6.779184639303043047e-01 0.000000000000000000e+00
1.611445592080745781e+00 -6.510662227588653872e-01 0.000000000000000000e+00
1.622562833364826540e+00 -6.228434590144368288e-01 0.000000000000000000e+00
1.639763646041125345e+00 -5.968251014857964831e-01 0.000000000000000000e+00
1.656548537505539764e+00 -5.703953476870562422e-01 0.000000000000000000e+00
1.667202109472770255e+00 -5.417067469843377392e-01 0.000000000000000000e+00
1.684052726387605059e+00 -5.148665319685026276e-01 0.000000000000000000e+00
1.703893227447758063e+00 -4.565567595557083469e-01 0.000000000000000000e+00
1.716453204368719510e+00 -4.279597950297938658e-01 0.000000000000000000e+00
1.731455568674442169e+00 -3.997379609939789580e-01 0.000000000000000000e+00
1.751862372317777528e+00 -3.723697882504450329e-01 0.000000000000000000e+00
1.766928893505004261e+00 -3.434561305841069556e-01 0.000000000000000000e+00
1.776593215332873621e+00 -3.132612639494344320e-01 0.000000000000000000e+00
1.792654402974509731e+00 -2.839285107317901513e-01 0.000000000000000000e+00
1.817351980757438978e+00 -2.231427116757269402e-01 0.000000000000000000e+00
1.821964134892457343e+00 -1.914960941176283848e-01 0.000000000000000000e+00
1.816062893565675962e+00 -1.588848630714416177e-01 0.000000000000000000e+00
1.864447171789295199e+00 -1.303747934003298137e-01 0.000000000000000000e+00
1.888408485406643411e+00 -9.896724142493655563e-02 0.000000000000000000e+00
1.902840180361173639e+00 -6.644858957330158911e-02 0.000000000000000000e+00
1.917999982833861417e+00 5.358830046375828053e-08 0.000000000000000000e+00
1.945703593805920173e+00 3.396243667670363620e-02 0.000000000000000000e+00
1.966801199999514527e+00 6.868226582760812715e-02 0.000000000000000000e+00
1.983278195066304983e+00 1.039392606616249548e-01 0.000000000000000000e+00
2.013084137307980637e+00 1.407686113219482615e-01 0.000000000000000000e+00
2.022275203801225718e+00 1.769262104188628060e-01 0.000000000000000000e+00
2.055676664607432702e+00 2.160603801705001104e-01 0.000000000000000000e+00
2.079562842068337858e+00 2.922635545966223436e-01 0.000000000000000000e+00
2.099825331630866820e+00 3.325797174506606169e-01 0.000000000000000000e+00
2.105518977339392972e+00 3.712598618200102507e-01 0.000000000000000000e+00
2.135039066213004322e+00 4.150096123225848199e-01 0.000000000000000000e+00
2.186159772799105117e+00 4.646826647006711553e-01 0.000000000000000000e+00
2.211820015108259874e+00 5.106389469800267644e-01 0.000000000000000000e+00
2.238472150103217650e+00 5.581138525350500812e-01 0.000000000000000000e+00
2.260887490302593950e+00 6.482991186335750333e-01 0.000000000000000000e+00
2.272180013043559210e+00 6.946752074919544384e-01 0.000000000000000000e+00
2.313920568413486922e+00 7.518384334458452223e-01 0.000000000000000000e+00
2.339212913956384643e+00 8.054556660232434773e-01 0.000000000000000000e+00
2.379301754914870060e+00 8.659950851238596981e-01 0.000000000000000000e+00
2.415172440360506378e+00 9.270979078178663846e-01 0.000000000000000000e+00
2.460745965874263419e+00 9.942059767926811897e-01 0.000000000000000000e+00
2.475708197840345903e+00 1.102256379388524055e+00 0.000000000000000000e+00
2.509566281966058021e+00 1.170230050964409907e+00 0.000000000000000000e+00
2.558866514757796917e+00 1.248042666403783807e+00 0.000000000000000000e+00
2.591046933475108283e+00 1.320204432713614651e+00 0.000000000000000000e+00
2.646193883288271209e+00 1.407006327735810469e+00 0.000000000000000000e+00
2.699076350269290714e+00 1.496122536264393288e+00 0.000000000000000000e+00
2.714648849999408586e+00 1.631125676197309415e+00 0.000000000000000000e+00
2.777357554807937667e+00 1.735485706483334889e+00 0.000000000000000000e+00
2.817094367583030667e+00 1.829442567095591388e+00 0.000000000000000000e+00
2.887537852951524542e+00 1.947668972590184122e+00 0.000000000000000000e+00
2.921915222626332742e+00 2.045947165950616764e+00 0.000000000000000000e+00
2.624316251318372206e+00 1.977564234307436219e+00 0.000000000000000000e+00
2.602799451752110027e+00 2.033529895909987673e+00 0.000000000000000000e+00
2.557056348081111263e+00 2.145625136755099582e+00 0.000000000000000000e+00
2.533560096412189822e+00 2.202390290892660030e+00 0.000000000000000000e+00
2.510343185736717331e+00 2.260323258202629582e+00 0.000000000000000000e+00
2.501960964406321875e+00 2.333116447734049359e+00 0.000000000000000000e+00
2.494670327947642985e+00 2.409075238563342047e+00 0.000000000000000000e+00
4.936303958634198352e+00 5.293538137493493778e+00 0.000000000000000000e+00
1.222988422486615656e+00 2.881180319741174500e+00 0.000000000000000000e+00
1.624607025351716860e+00 6.063116392632722729e+00 0.000000000000000000e+00
5.790340293886578893e-01 2.724141162070512046e+00 0.000000000000000000e+00
5.299711171138694610e-01 3.770940901583843541e+00 0.000000000000000000e+00
4.771184098186705969e-01 3.885818153789663221e+00 0.000000000000000000e+00
4.216677459190818489e-01 4.011901253238294274e+00 0.000000000000000000e+00
4.937371865190386400e-01 5.643442934808773792e+00 0.000000000000000000e+00
3.930078691529997892e-01 5.620275690526171708e+00 0.000000000000000000e+00
2.942849987002537082e-01 5.615294023445545513e+00 0.000000000000000000e+00
-9.549965570520631275e-02 5.471166708454212824e+00 0.000000000000000000e+00
-1.878640705477630235e-01 5.379720715997571290e+00 0.000000000000000000e+00
-2.798927786480154278e-01 5.340670797089700272e+00 0.000000000000000000e+00
-3.722903740109776982e-01 5.323999224015024012e+00 0.000000000000000000e+00
-4.615768935667536321e-01 5.275847117926232066e+00 0.000000000000000000e+00
-6.442013995933068005e-01 5.246598724636016620e+00 0.000000000000000000e+00
-7.337206421252121524e-01 5.220693085191483007e+00 0.000000000000000000e+00
-8.129899937019539058e-01 5.133016320614053996e+00 0.000000000000000000e+00
-8.906416085471623445e-01 5.051079136437244266e+00 0.000000000000000000e+00
-1.398032742412729457e+00 4.875519328442456057e+00 0.000000000000000000e+00
-1.476184739742103735e+00 4.828382488679523021e+00 0.000000000000000000e+00
-1.564862163832537734e+00 4.816150300998090827e+00 0.000000000000000000e+00
-1.649328328754129824e+00 4.789997067782721274e+00 0.000000000000000000e+00
-2.251474335049723052e+00 4.616206334770989628e+00 0.000000000000000000e+00
-2.327155324121739532e+00 4.567299350201888153e+00 0.000000000000000000e+00
-2.415900673575518631e+00 4.543648203058487489e+00 0.000000000000000000e+00
-2.509374705376009373e+00 4.527031677843794455e+00 0.000000000000000000e+00
-2.638000064974994618e+00 4.569150019282364639e+00 0.000000000000000000e+00
-2.872426412111473759e+00 4.423148683624732236e+00 0.000000000000000000e+00
-2.967077725095119245e+00 4.398873519734346260e+00 0.000000000000000000e+00
-3.069781271407353351e+00 4.384101900883796255e+00 0.000000000000000000e+00
-3.161697029403387038e+00 4.351702529487623039e+00 0.000000000000000000e+00
-3.295539012865762007e+00 4.373327883479919187e+00 0.000000000000000000e+00
-1.582865735669367613e+00 2.025975708847070234e+00 0.000000000000000000e+00
-2.830732755918893062e+00 2.931309521370735194e+00 0.000000000000000000e+00
-4.114654235044884700e+00 4.114654155321562534e+00 0.000000000000000000e+00
-2.779851048516658985e+00 2.251078952892826113e+00 0.000000000000000000e+00
-2.832898701108553130e+00 2.213302996646645759e+00 0.000000000000000000e+00
-2.318200236372247147e+00 1.623221251789149333e+00 0.000000000000000000e+00
-2.309698700982898867e+00 1.557911417594766368e+00 0.000000000000000000e+00
-8.955387891262779343e-01 5.595947328962980194e-01 0.000000000000000000e+00
-8.820251941566767950e-01 5.299741948013306780e-01 0.000000000000000000e+00
-8.746856534313879328e-01 5.049999885317667525e-01 0.000000000000000000e+00
-8.632496445378995409e-01 4.785070831393750113e-01 0.000000000000000000e+00
-8.529273961568137885e-01 4.535095329746461901e-01 0.000000000000000000e+00
-8.464561904859678743e-01 4.312909632002712157e-01 0.000000000000000000e+00
-8.428662511713563843e-01 3.930349805552943998e-01 0.000000000000000000e+00
-8.368076495932111891e-01 3.725707628175719544e-01 0.000000000000000000e+00
-8.321363754075775665e-01 3.532209284194907650e-01 0.000000000000000000e+00
-8.261207914140268338e-01 3.337744591175381692e-01 0.000000000000000000e+00
-8.224843413070775933e-01 3.157221519275155708e-01 0.000000000000000000e+00
-8.438439771953892832e-01 3.071340840360534674e-01 0.000000000000000000e+00
-8.698771071802312571e-01 2.995227021647370313e-01 0.000000000000000000e+00
-9.094458008498251811e-01 2.780454785741327539e-01 0.000000000000000000e+00
-9.516490897199305632e-01 2.728809793994068644e-01 0.000000000000000000e+00
-9.862102968435316752e-01 2.642542466536346168e-01 0.000000000000000000e+00
