-4.212358156596679670e+00 -7.352720482528708745e-02 0.000000000000000000e+00
-4.245412370337373176e+00 -1.482532878347519179e-01 0.000000000000000000e+00
-4.302096111645710153e+00 -2.254635272362134624e-01 0.000000000000000000e+00
-4.375316064632818858e+00 -3.059521311079625439e-01 0.000000000000000000e+00
-4.411150076635363071e+00 -3.859258541729370107e-01 0.000000000000000000e+00
-4.453554542987580689e+00 -5.468279710616452682e-01 0.000000000000000000e+00
-4.546320750211482853e+00 -6.389439504010164805e-01 0.000000000000000000e+00
-4.612504588632966751e+00 -7.305491991818757747e-01 0.000000000000000000e+00
-4.703957236901172401e+00 -9.143569098127446448e-01 0.000000000000000000e+00
-1.068137175963705499e+00 -2.270396220638115081e-01 0.000000000000000000e+00
-1.051345283924498553e+00 -2.427222398907834255e-01 0.000000000000000000e+00
-1.043067938911141912e+00 -2.600661018580736616e-01 0.000000000000000000e+00
-1.037404324388224941e+00 -2.779717068140268310e-01 0.000000000000000000e+00
-1.032395047519479858e+00 -2.960345721461323243e-01 0.000000000000000000e+00
-1.028027642552608478e+00 -3.142996478962680751e-01 0.000000000000000000e+00
-1.018323509230905533e+00 -3.506369601091528510e-01 0.000000000000000000e+00
-1.014868052465161652e+00 -3.693818197782823276e-01 0.000000000000000000e+00
-1.012001155105374250e+00 -3.884709042609177931e-01 0.000000000000000000e+00
-1.007848841333780054e+00 -4.071974213755541472e-01 0.000000000000000000e+00
-1.000588766232981985e+00 -4.247247907069968131e-01 0.000000000000000000e+00
-1.000332280418212205e+00 -4.453766848519380983e-01 0.000000000000000000e+00
-9.931674146841623640e-01 -4.844001739904539305e-01 0.000000000000000000e+00
-3.541454136076320758e+00 -2.867813289300453317e+00 0.000000000000000000e+00
-3.033957218286058133e+00 -3.615729748891522100e+00 0.000000000000000000e+00
-2.898534170706434043e+00 -3.709954903414365290e+00 0.000000000000000000e+00
-2.848390214686777444e+00 -3.779941839124060898e+00 0.000000000000000000e+00
1.967060364869930300e+00 -3.147954371967458975e+00 0.000000000000000000e+00
1.999914608953311745e+00 -3.079598196619595996e+00 0.000000000000000000e+00
2.325124210775886269e+00 -3.447138137791661894e+00 0.000000000000000000e+00
1.787760862517161708e+00 -2.056583472339355900e+00 0.000000000000000000e+00
1.585170438999352172e+00 -1.760510005796107835e+00 0.000000000000000000e+00
1.658844255283341784e+00 -1.717783394776663641e+00 0.000000000000000000e+00
3.718933717687423091e+00 -3.467961561407842286e+00 0.000000000000000000e+00
3.960218892009339520e+00 -3.565796865598947374e+00 0.000000000000000000e+00
4.268085815155078677e+00 -3.456227510710074391e+00 0.000000000000000000e+00
4.468365622075232579e+00 -3.367154781072714265e+00 0.000000000000000000e+00
4.693916750279533368e+00 -3.410329906714919979e+00 0.000000000000000000e+00
1.920092518546897997e+00 -1.344463162056778405e+00 0.000000000000000000e+00
3.373026042437168304e+00 -1.294783267813808925e+00 0.000000000000000000e+00
1.948713907576965276e+00 -6.709959422793235762e-01 0.000000000000000000e+00
4.791020431057011031e+00 -5.882631994239763129e-01 0.000000000000000000e+00
7.304547562874171618e+00 2.550806240426611859e-01 0.000000000000000000e+00
7.196427269305504026e+00 5.032234144640487239e-01 0.000000000000000000e+00
6.763165823414559519e+00 5.917005248948900009e-01 0.000000000000000000e+00
6.727940470199868628e+00 7.071352225684163217e-01 0.000000000000000000e+00
6.710604664242414863e+00 8.239588309641138197e-01 0.000000000000000000e+00
6.728871577251242186e+00 9.456814123662838911e-01 0.000000000000000000e+00
7.030762605568730450e+00 1.752966193424561503e+00 0.000000000000000000e+00
7.025178257372171053e+00 1.882391035851216810e+00 0.000000000000000000e+00
3.782564690555424214e+00 1.084633076869012669e+00 0.000000000000000000e+00
3.798442349643542659e+00 1.161300474538708771e+00 0.000000000000000000e+00
2.701133160817178247e+00 1.559500043532189961e+00 0.000000000000000000e+00
2.649504157329551912e+00 1.591982793727700463e+00 0.000000000000000000e+00
2.614532194964081402e+00 1.633741124057195071e+00 0.000000000000000000e+00
2.572202519087318784e+00 1.670407932995931377e+00 0.000000000000000000e+00
3.215171682526894337e+00 2.251287559944311401e+00 0.000000000000000000e+00
3.293508209130877606e+00 2.392873896369891007e+00 0.000000000000000000e+00
3.226903813201169147e+00 2.521133685867811280e+00 0.000000000000000000e+00
3.197178305201209714e+00 2.589024062821791539e+00 0.000000000000000000e+00
3.179591264262692007e+00 2.763976642723373178e+00 0.000000000000000000e+00
3.085537216681797812e+00 2.778230313107131533e+00 0.000000000000000000e+00
2.301454949695062258e+00 2.647521178744068227e+00 0.000000000000000000e+00
2.067847693071173332e+00 2.464365023154595935e+00 0.000000000000000000e+00
2.220242355144969260e+00 2.741771089163663966e+00 0.000000000000000000e+00
2.108640467200479485e+00 2.698936837617934348e+00 0.000000000000000000e+00
2.008858527485005929e+00 2.665845421491655376e+00 0.000000000000000000e+00
1.895607328739123743e+00 2.609079768828580725e+00 0.000000000000000000e+00
1.764253541175446083e+00 2.615613553627399224e+00 0.000000000000000000e+00
1.680755990991117166e+00 2.588137377893350077e+00 0.000000000000000000e+00
1.590817629587822690e+00 2.545840495892648825e+00 0.000000000000000000e+00
1.513696795875459911e+00 2.519214633791024838e+00 0.000000000000000000e+00
1.442999909435654704e+00 2.499349272905329045e+00 0.000000000000000000e+00
1.373465578547512500e+00 2.477797608994944945e+00 0.000000000000000000e+00
1.298088872606292243e+00 2.441350212266937714e+00 0.000000000000000000e+00
1.228498286165440767e+00 2.411063758188366268e+00 0.000000000000000000e+00
1.125432429933391099e+00 2.413497755236662101e+00 0.000000000000000000e+00
1.069310568027842523e+00 2.401710981430804193e+00 0.000000000000000000e+00
1.011602841444227741e+00 2.383187072398682549e+00 0.000000000000000000e+00
9.687325927649663715e-01 2.397697434237343384e+00 0.000000000000000000e+00
9.521836190171903969e-01 2.480523271466617441e+00 0.000000000000000000e+00
9.361090808498651050e-01 2.571938709632378472e+00 0.000000000000000000e+00
9.135441908842104608e-01 2.653125134476244984e+00 0.000000000000000000e+00
8.440770861824640203e-01 2.760851925974135757e+00 0.000000000000000000e+00
8.169890678616592572e-01 2.849179668579572056e+00 0.000000000000000000e+00
7.981979107045267252e-01 2.978915369339899755e+00 0.000000000000000000e+00
7.671342775191123398e-01 3.076807765273619211e+00 0.000000000000000000e+00
7.400889040168073807e-01 3.205677488947402676e+00 0.000000000000000000e+00
7.120974728638572726e-01 3.350155498257873621e+00 0.000000000000000000e+00
6.181874425237666726e-01 3.505915554957971469e+00 0.000000000000000000e+00
5.758352031531681625e-01 3.635680785861686193e+00 0.000000000000000000e+00
5.444450974382570863e-01 3.873928635540345056e+00 0.000000000000000000e+00
4.994205073177783727e-01 4.067454186996925181e+00 0.000000000000000000e+00
-2.263240691301159349e-08 1.434999942779540794e+00 0.000000000000000000e+00
-3.634733316627183353e-01 6.935482284711466328e+00 0.000000000000000000e+00
-6.046866651398364878e-01 6.911599007641956227e+00 0.000000000000000000e+00
-7.244869063548191601e-01 6.893031477380602290e+00 0.000000000000000000e+00
-1.895558145957956242e+00 6.610596517829031349e+00 0.000000000000000000e+00
-1.998945402052689557e+00 6.538255487442476976e+00 0.000000000000000000e+00
-2.664786442861106774e+00 6.277843224818923318e+00 0.000000000000000000e+00
-7.509254992032605713e-01 1.249749868314978807e+00 0.000000000000000000e+00
-7.758018099720831451e-01 1.241542392571040043e+00 0.000000000000000000e+00
-8.331974453082978682e-01 1.235265981702410754e+00 0.000000000000000000e+00
-3.269500274516987215e+00 3.506109721810021451e+00 0.000000000000000000e+00
-3.244054676040080132e+00 3.359316890596649952e+00 0.000000000000000000e+00
-3.147332464606136693e+00 3.147332403625119568e+00 0.000000000000000000e+00
-3.089564525836305808e+00 2.983557724606460404e+00 0.000000000000000000e+00
-3.105602177918939333e+00 2.796296708781262019e+00 0.000000000000000000e+00
-3.072422800370383733e+00 2.670816343986443187e+00 0.000000000000000000e+00
-2.998297999340083120e+00 2.515870699361616225e+00 0.000000000000000000e+00
-2.956263181553166586e+00 2.393934678894877877e+00 0.000000000000000000e+00
-2.885695352822260418e+00 2.254552261015022374e+00 0.000000000000000000e+00
-2.857517928318700218e+00 2.153294169569205607e+00 0.000000000000000000e+00
-2.829941388129627367e+00 2.056072733612365422e+00 0.000000000000000000e+00
-1.517967779235075865e+00 1.023882177274864302e+00 0.000000000000000000e+00
-2.748523839884462028e+00 1.717468280229204503e+00 0.000000000000000000e+00
-2.717220421348935044e+00 1.632670715578599108e+00 0.000000000000000000e+00
-2.689874869799290469e+00 1.552999952693386421e+00 0.000000000000000000e+00
-2.629981443646326689e+00 1.457822493496127469e+00 0.000000000000000000e+00
-2.638247343728184369e+00 1.402780970709720743e+00 0.000000000000000000e+00
-2.612431068898414477e+00 1.331100090782772138e+00 0.000000000000000000e+00
-2.588526965188139517e+00 1.262508934492576174e+00 0.000000000000000000e+00
-2.640146476472092996e+00 1.175468923076288918e+00 0.000000000000000000e+00
-2.720091779474305582e+00 1.154610436614485813e+00 0.000000000000000000e+00
-2.818638890004988351e+00 1.138804011152865003e+00 0.000000000000000000e+00
-2.904368770997144189e+00 1.114882694195799218e+00 0.000000000000000000e+00
-3.001378243057809314e+00 1.092412320807326198e+00 0.000000000000000000e+00
-3.118320360929262680e+00 1.073723785821313781e+00 0.000000000000000000e+00
-3.275343749483478284e+00 1.001373055402461576e+00 0.000000000000000000e+00
-3.372105935920982400e+00 9.669357963695213165e-01 0.000000000000000000e+00
-3.442559545074767691e+00 9.224310292192610117e-01 0.000000000000000000e+00
-3.684212811094039086e+00 9.185774007300469002e-01 0.000000000000000000e+00
-3.673375130202473304e+00 8.480654508915457246e-01 0.000000000000000000e+00
-3.739458236983276951e+00 7.948463649359065464e-01 0.000000000000000000e+00
-3.757668929359158749e+00 7.304168282731455797e-01 0.000000000000000000e+00
-3.775932483765348735e+00 5.980489344857496947e-01 0.000000000000000000e+00
-3.844220615165543808e+00 5.402699556682477589e-01 0.000000000000000000e+00
-3.869937377365732623e+00 4.751685437273407975e-01 0.000000000000000000e+00
-3.863717555814120352e+00 4.060930617398685882e-01 0.000000000000000000e+00
-3.965851041385632936e+00 3.469669902509720516e-01 0.000000000000000000e+00
-4.013199939423256701e+00 2.806302607415320782e-01 0.000000000000000000e+00
-4.078403131269248583e+00 2.137400347341779083e-01 0.000000000000000000e+00
-4.116373064208652011e+00 7.185154370893429010e-02 0.000000000000000000e+00
-4.189000129699706143e+00 -1.509610307323608797e-08 0.000000000000000000e+00
