-7.269892493326889138e+00 -1.268968246628234819e-01 0.000000000000000000e+00
-4.019483961697355667e+00 -2.106524373596576905e-01 0.000000000000000000e+00
-3.958334072419226413e+00 -2.767938880766447896e-01 0.000000000000000000e+00
-3.126984272122210307e+00 -8.966484809565272718e-01 0.000000000000000000e+00
-3.046787009913014099e+00 -9.314964353028856170e-01 0.000000000000000000e+00
-2.989729628968091024e+00 -1.029446633753333229e+00 0.000000000000000000e+00
-2.964730138203298893e+00 -1.079073689373669653e+00 0.000000000000000000e+00
-2.964117753362374597e+00 -1.137818369253368322e+00 0.000000000000000000e+00
-3.774565488715944994e+00 -1.525023665041123522e+00 0.000000000000000000e+00
-3.803525946995318208e+00 -1.614501197997728177e+00 0.000000000000000000e+00
-3.801262360660518702e+00 -1.692431266674348178e+00 0.000000000000000000e+00
-3.800101284809663582e+00 -1.853433465825631066e+00 0.000000000000000000e+00
-3.793905594226227862e+00 -1.933091685610894173e+00 0.000000000000000000e+00
-2.915492916869318218e+00 -1.550195263182017502e+00 0.000000000000000000e+00
-3.723255966804785100e+00 -2.063834718630806808e+00 0.000000000000000000e+00
-3.929157302854148437e+00 -2.268500279107852347e+00 0.000000000000000000e+00
-3.718391489331677846e+00 -2.234235255414935839e+00 0.000000000000000000e+00
-3.563498112976503762e+00 -2.226720993969698359e+00 0.000000000000000000e+00
-3.430162644358499602e+00 -2.227573900326647038e+00 0.000000000000000000e+00
-3.261044136005562866e+00 -2.283407917523073483e+00 0.000000000000000000e+00
-2.942394775088552628e+00 -2.137775151410916674e+00 0.000000000000000000e+00
-2.670637131195876091e+00 -2.012469624507236432e+00 0.000000000000000000e+00
-2.861266974036768218e+00 -2.235466977616114459e+00 0.000000000000000000e+00
-2.740993663191165108e+00 -2.219613116858546675e+00 0.000000000000000000e+00
-2.659706112783931875e+00 -2.231758630698543300e+00 0.000000000000000000e+00
-2.529786408697503930e+00 -2.199109982147896325e+00 0.000000000000000000e+00
-2.443460163027480814e+00 -2.200101619037245104e+00 0.000000000000000000e+00
-2.312677292884403268e+00 -2.233326708541665262e+00 0.000000000000000000e+00
-2.224557766119376279e+00 -2.224557971631257569e+00 0.000000000000000000e+00
-2.146494202722919020e+00 -2.222760020164852079e+00 0.000000000000000000e+00
-2.054860965482583790e+00 -2.203568805709974043e+00 0.000000000000000000e+00
-1.973935220289601000e+00 -2.192277360972870071e+00 0.000000000000000000e+00
-1.903883169612845094e+00 -2.190167251293473782e+00 0.000000000000000000e+00
-1.821660058147754224e+00 -2.170970119457785508e+00 0.000000000000000000e+00
-1.780347284108370065e+00 -2.198546002790115583e+00 0.000000000000000000e+00
-1.677258333534985102e+00 -2.225797194941409707e+00 0.000000000000000000e+00
-1.613470350398234832e+00 -2.220751629540136385e+00 0.000000000000000000e+00
-1.601998874294167541e+00 -2.287891717470513342e+00 0.000000000000000000e+00
-1.608797928921179121e+00 -2.385141245643169317e+00 0.000000000000000000e+00
2.254321713974272168e+00 -3.751821069952222754e+00 0.000000000000000000e+00
2.182737552128132474e+00 -3.493109994381718764e+00 0.000000000000000000e+00
2.204698857884563434e+00 -3.394938262081113045e+00 0.000000000000000000e+00
2.150655995442844137e+00 -3.188478391305994197e+00 0.000000000000000000e+00
2.098716240690694512e+00 -2.997277190188802010e+00 0.000000000000000000e+00
2.185332771272936458e+00 -2.513937603843444446e+00 0.000000000000000000e+00
2.115121936511316747e+00 -2.349080730434019326e+00 0.000000000000000000e+00
2.105328942092960176e+00 -2.257688726581103644e+00 0.000000000000000000e+00
2.134755482797953352e+00 -2.134755337533571051e+00 0.000000000000000000e+00
2.128526618437443840e+00 -2.055494122903115617e+00 0.000000000000000000e+00
2.124582549151627475e+00 -1.981205144757842040e+00 0.000000000000000000e+00
2.189304795832987427e+00 -1.971258759098813984e+00 0.000000000000000000e+00
2.273940040033944676e+00 -1.976705785718380737e+00 0.000000000000000000e+00
2.372439617597159156e+00 -1.990713073296676017e+00 0.000000000000000000e+00
2.466661367274833871e+00 -1.997462854872622540e+00 0.000000000000000000e+00
2.572855259681319229e+00 -2.010134696420726286e+00 0.000000000000000000e+00
2.702116756180359403e+00 -1.963202603558873882e+00 0.000000000000000000e+00
2.815425670315362616e+00 -1.971382140540100858e+00 0.000000000000000000e+00
2.907434805457228766e+00 -1.961089400809049588e+00 0.000000000000000000e+00
3.013343359645889397e+00 -1.956887919853096847e+00 0.000000000000000000e+00
3.143714370393383195e+00 -1.964410620173867583e+00 0.000000000000000000e+00
3.278665029356967242e+00 -1.970020555743543955e+00 0.000000000000000000e+00
3.328135632061644866e+00 -1.921499861089159822e+00 0.000000000000000000e+00
3.431134331312477581e+00 -1.824366345628146924e+00 0.000000000000000000e+00
3.461560393691583748e+00 -1.763752977807626188e+00 0.000000000000000000e+00
3.516082309920817384e+00 -1.714907789721045628e+00 0.000000000000000000e+00
3.564508657991033225e+00 -1.662157548866642909e+00 0.000000000000000000e+00
3.626775543332815932e+00 -1.614744371548691326e+00 0.000000000000000000e+00
3.667291354640769274e+00 -1.556672689365126594e+00 0.000000000000000000e+00
3.742113875092289987e+00 -1.511912011031022907e+00 0.000000000000000000e+00
3.840523683616837936e+00 -1.397836171552578444e+00 0.000000000000000000e+00
3.910665017641502317e+00 -1.346549818446097335e+00 0.000000000000000000e+00
3.994437226460604951e+00 -1.297871196110344849e+00 0.000000000000000000e+00
4.051863277529624163e+00 -1.238778787043780083e+00 0.000000000000000000e+00
4.078633440407854138e+00 -1.169529186364736795e+00 0.000000000000000000e+00
4.154447126454869021e+00 -1.113180619093641965e+00 0.000000000000000000e+00
4.208172492520914076e+00 -1.049215109835526460e+00 0.000000000000000000e+00
1.047596067379074070e+00 -2.226733857328286326e-01 0.000000000000000000e+00
1.043469666399717610e+00 -2.028299244643717303e-01 0.000000000000000000e+00
1.034048099044292623e+00 -1.823305479810875263e-01 0.000000000000000000e+00
1.041023535575243297e+00 -1.648818989327662798e-01 0.000000000000000000e+00
1.042752254194909245e+00 -1.465492413326272836e-01 0.000000000000000000e+00
1.040188348838394727e+00 -1.277190391684922544e-01 0.000000000000000000e+00
1.038280891303943854e+00 -1.091276888902157211e-01 0.000000000000000000e+00
1.038464186950789792e+00 -7.261646019040508826e-02 0.000000000000000000e+00
1.040572031997354596e+00 -5.453403980471051987e-02 0.000000000000000000e+00
1.040365860529601338e+00 -3.633034701804784689e-02 0.000000000000000000e+00
1.043841023814206403e+00 -1.822028353077707191e-02 0.000000000000000000e+00
1.047000050544738325e+00 2.925284348087586419e-08 0.000000000000000000e+00
1.047840362084182075e+00 1.829015069811706917e-02 0.000000000000000000e+00
1.049360319701456046e+00 3.664449890853078984e-02 0.000000000000000000e+00
5.139368355392763377e+00 4.496366099713306475e-01 0.000000000000000000e+00
5.122782291198091364e+00 5.384262556574448411e-01 0.000000000000000000e+00
5.110620284458314622e+00 6.275054076008735882e-01 0.000000000000000000e+00
5.090967918194816200e+00 7.154890201005470463e-01 0.000000000000000000e+00
8.503815132798067111e+00 1.499452279995583615e+00 0.000000000000000000e+00
3.855024730746844597e+00 2.600247144455185122e+00 0.000000000000000000e+00
3.789397235930886509e+00 2.653364640930711005e+00 0.000000000000000000e+00
3.751411807926572806e+00 2.725560350763516215e+00 0.000000000000000000e+00
3.610665034352889435e+00 2.820960826056279291e+00 0.000000000000000000e+00
5.409712911723945972e+00 4.380699343113300337e+00 0.000000000000000000e+00
1.811787021266850095e+00 1.631340434386578275e+00 0.000000000000000000e+00
4.551982209268593316e+00 4.395798316065102185e+00 0.000000000000000000e+00
4.296461884903210127e+00 4.449116717254885778e+00 0.000000000000000000e+00
3.964598875855137816e+00 4.403133317738215702e+00 0.000000000000000000e+00
3.839257498679242708e+00 4.416560723794331622e+00 0.000000000000000000e+00
3.651033420522072692e+00 4.351132382743334581e+00 0.000000000000000000e+00
3.549996104019570886e+00 4.383880283199522943e+00 0.000000000000000000e+00
3.423693292807659105e+00 4.382127770189240934e+00 0.000000000000000000e+00
3.299751561596009797e+00 4.378918411717930503e+00 0.000000000000000000e+00
3.065192307335318223e+00 4.377548475034739539e+00 0.000000000000000000e+00
1.002680410926863219e+00 1.543992503082497469e+00 0.000000000000000000e+00
2.580855788181611210e+00 4.295265529402836790e+00 0.000000000000000000e+00
2.482499991038473741e+00 4.299816311156995141e+00 0.000000000000000000e+00
2.373142997550023559e+00 4.281263496498417531e+00 0.000000000000000000e+00
2.195951915043424574e+00 4.309798504979373668e+00 0.000000000000000000e+00
2.069111639049542983e+00 4.242307749864327349e+00 0.000000000000000000e+00
2.000252066834097509e+00 4.289554614573626523e+00 0.000000000000000000e+00
1.905561068146584880e+00 4.279960453019203470e+00 0.000000000000000000e+00
1.823151321209217413e+00 4.295075578800586769e+00 0.000000000000000000e+00
1.721691896335609373e+00 4.261337208247182318e+00 0.000000000000000000e+00
1.638458195453092348e+00 4.268329765367682604e+00 0.000000000000000000e+00
1.301346443262600072e+00 4.256512696595676104e+00 0.000000000000000000e+00
1.217490074023289015e+00 4.245892756782852828e+00 0.000000000000000000e+00
1.139321348021734126e+00 4.252005459702775880e+00 0.000000000000000000e+00
9.873100888210385451e-01 4.276510172178431546e+00 0.000000000000000000e+00
8.981784665226227871e-01 4.225597818703218600e+00 0.000000000000000000e+00
7.440823425458301665e-01 4.219901084129023872e+00 0.000000000000000000e+00
2.133765816095249956e-01 1.347206863461331006e+00 0.000000000000000000e+00
1.835692989495018301e-01 1.306163591430240745e+00 0.000000000000000000e+00
1.639142480483809783e-01 1.334974605094887856e+00 0.000000000000000000e+00
1.418451015766675205e-01 1.349566207727801670e+00 0.000000000000000000e+00
9.856587354219410735e-02 1.409557992257422843e+00 0.000000000000000000e+00
7.651514505721628001e-02 1.459996393429771944e+00 0.000000000000000000e+00
4.987135857659816957e-02 1.428129512625290642e+00 0.000000000000000000e+00
2.464277440038331601e-02 1.411784886834013264e+00 0.000000000000000000e+00
-3.392495451505511208e-08 2.151000022888183150e+00 0.000000000000000000e+00
-2.937445725227574855e-01 4.200742176921478332e+00 0.000000000000000000e+00
-3.681459188929277482e-01 4.207926376381020184e+00 0.000000000000000000e+00
-5.138012235965290220e-01 4.184574647214073018e+00 0.000000000000000000e+00
-5.875889106603807699e-01 4.180911898477493338e+00 0.000000000000000000e+00
-6.637515009358858631e-01 4.190761649626178809e+00 0.000000000000000000e+00
-7.360946581676414135e-01 4.174599900377993222e+00 0.000000000000000000e+00
-8.153268520318087687e-01 4.194492711059465861e+00 0.000000000000000000e+00
-8.892383505111913777e-01 4.183537227248991464e+00 0.000000000000000000e+00
-9.641402268137719833e-01 4.176149864859262095e+00 0.000000000000000000e+00
-1.157394855208432549e+00 3.361318584094754591e+00 0.000000000000000000e+00
-1.136792215011680485e+00 2.231080276902825066e+00 0.000000000000000000e+00
-1.169923209189654756e+00 2.200305478322401420e+00 0.000000000000000000e+00
-1.094499967850408373e+00 1.895729501907970960e+00 0.000000000000000000e+00
-1.199737203855075984e+00 1.919980824206017900e+00 0.000000000000000000e+00
-2.067169561713407155e+00 2.952224019792149434e+00 0.000000000000000000e+00
-1.167909806993661759e+00 1.494856351851485687e+00 0.000000000000000000e+00
-2.979505623179258045e+00 2.877275079774739286e+00 0.000000000000000000e+00
-1.241107262076143192e+00 1.157351223549462738e+00 0.000000000000000000e+00
-2.958839891705211222e+00 1.848888332907504095e+00 0.000000000000000000e+00
-4.319767102378842871e+00 1.572266613370635557e+00 0.000000000000000000e+00
-6.729120869302148478e+00 1.065788009508821466e+00 0.000000000000000000e+00
-6.720949564520589448e+00 9.445678296784485450e-01 0.000000000000000000e+00
-6.695716157186279105e+00 8.221305373648041259e-01 0.000000000000000000e+00
-6.733907665612110627e+00 7.077621854855769001e-01 0.000000000000000000e+00
-6.737264757117647385e+00 5.894342603660466251e-01 0.000000000000000000e+00
-7.087273931545414740e+00 3.714282594294977535e-01 0.000000000000000000e+00
-7.385000228881835049e+00 -2.661368374296617246e-08 0.000000000000000000e+00
