-7.261893814754057708e+00 -1.267572067918133205e-01 0.000000000000000000e+00
-3.974545556566173143e+00 -2.082973130048532129e-01 0.000000000000000000e+00
-3.993248661835817170e+00 -2.792353558199955899e-01 0.000000000000000000e+00
-3.095558436809508596e+00 -9.464073595489546076e-01 0.000000000000000000e+00
-3.027212925786642028e+00 -9.836012710903904166e-01 0.000000000000000000e+00
-2.987838728910206854e+00 -1.028795544544298224e+00 0.000000000000000000e+00
-2.969428708761740143e+00 -1.080783829464313062e+00 0.000000000000000000e+00
-3.761584971601380278e+00 -1.519779194957517454e+00 0.000000000000000000e+00
-3.772942762247855963e+00 -1.679822567440832692e+00 0.000000000000000000e+00
-3.771146411895745398e+00 -1.758514676378096553e+00 0.000000000000000000e+00
-3.808190273317132668e+00 -1.857378729617507274e+00 0.000000000000000000e+00
-3.763611444531707928e+00 -1.917656043515252540e+00 0.000000000000000000e+00
-3.863778502737025278e+00 -2.054407712078800685e+00 0.000000000000000000e+00
-3.775733097780435976e+00 -2.092923270642080169e+00 0.000000000000000000e+00
-3.901444434542940876e+00 -2.252500245346621632e+00 0.000000000000000000e+00
-3.482160048395016361e+00 -2.261341412869232403e+00 0.000000000000000000e+00
-3.374182954099796294e+00 -2.275915373994825686e+00 0.000000000000000000e+00
-3.204522642144020494e+00 -2.243831137445584378e+00 0.000000000000000000e+00
-2.762792909766605742e+00 -2.007286745136217299e+00 0.000000000000000000e+00
-2.692998827190924871e+00 -2.029320372748855572e+00 0.000000000000000000e+00
-2.828958433627007274e+00 -2.210224776927969703e+00 0.000000000000000000e+00
-2.721565126065853768e+00 -2.203880196194108798e+00 0.000000000000000000e+00
-2.623702077973354196e+00 -2.201547655492575029e+00 0.000000000000000000e+00
-2.482103549169907719e+00 -2.234896283465780176e+00 0.000000000000000000e+00
-2.392257787390621893e+00 -2.230816684474756784e+00 0.000000000000000000e+00
-2.289658545158255620e+00 -2.211097760191560013e+00 0.000000000000000000e+00
-2.204758863477442432e+00 -2.204759067160236619e+00 0.000000000000000000e+00
-2.127043854074873508e+00 -2.202618592669590925e+00 0.000000000000000000e+00
-2.048040988721848255e+00 -2.196255275355333048e+00 0.000000000000000000e+00
-1.969920408777765530e+00 -2.187818460652585451e+00 0.000000000000000000e+00
-1.896010563036387930e+00 -2.181110852570446568e+00 0.000000000000000000e+00
-1.789157730678660574e+00 -2.209425999217109915e+00 0.000000000000000000e+00
-1.728161613013592834e+00 -2.211946201941674683e+00 0.000000000000000000e+00
-1.673045646991041968e+00 -2.220206770553465603e+00 0.000000000000000000e+00
-1.611119239804612358e+00 -2.217515603119986967e+00 0.000000000000000000e+00
-1.608308167647556797e+00 -2.296902323057031570e+00 0.000000000000000000e+00
-1.626132851251346434e+00 -2.410841327360348618e+00 0.000000000000000000e+00
2.242990960131671763e+00 -3.732963530346588232e+00 0.000000000000000000e+00
2.187506732791172137e+00 -3.500742278264328711e+00 0.000000000000000000e+00
2.166029560109540508e+00 -3.335392769908908317e+00 0.000000000000000000e+00
2.108716498810153439e+00 -3.126300535322081409e+00 0.000000000000000000e+00
2.143065079992931388e+00 -2.949675811900752009e+00 0.000000000000000000e+00
2.123007142270656011e+00 -2.442240174284118215e+00 0.000000000000000000e+00
2.111776206775668907e+00 -2.345364921375647338e+00 0.000000000000000000e+00
2.145799772975524711e+00 -2.222040560343800486e+00 0.000000000000000000e+00
2.141826544106906649e+00 -2.141826398361357242e+00 0.000000000000000000e+00
2.122771802432147581e+00 -2.049936762062611439e+00 0.000000000000000000e+00
2.126045324953284688e+00 -1.982569205168217108e+00 0.000000000000000000e+00
2.195992969060597044e+00 -1.977280816914788186e+00 0.000000000000000000e+00
2.290543707422392217e+00 -1.991139132602231854e+00 0.000000000000000000e+00
2.373971778120847365e+00 -1.991998708539938434e+00 0.000000000000000000e+00
2.505086172297597003e+00 -1.957187686136260485e+00 0.000000000000000000e+00
2.616330014141039495e+00 -1.971545943433256287e+00 0.000000000000000000e+00
2.722342258675692683e+00 -1.977897290258220142e+00 0.000000000000000000e+00
2.839181116078591582e+00 -1.988015881580386557e+00 0.000000000000000000e+00
2.949715820623788343e+00 -1.989608303638083830e+00 0.000000000000000000e+00
3.056954268487987569e+00 -1.985209173192426180e+00 0.000000000000000000e+00
3.170003776175542409e+00 -1.980838062947579692e+00 0.000000000000000000e+00
3.270950469549452677e+00 -1.965385180899442474e+00 0.000000000000000000e+00
3.355915782141695392e+00 -1.860214354180901974e+00 0.000000000000000000e+00
3.440846893093051584e+00 -1.829530605937225385e+00 0.000000000000000000e+00
3.479380507467582095e+00 -1.772832778580296864e+00 0.000000000000000000e+00
3.525070241950130079e+00 -1.719291496725589230e+00 0.000000000000000000e+00
3.550007703799702430e+00 -1.655395643429590669e+00 0.000000000000000000e+00
3.577443960736358175e+00 -1.592780537728410994e+00 0.000000000000000000e+00
3.699463634770443488e+00 -1.494680196936544414e+00 0.000000000000000000e+00
3.816476661229496692e+00 -1.465007996022287262e+00 0.000000000000000000e+00
3.863076464491526085e+00 -1.406044711708240191e+00 0.000000000000000000e+00
3.943758023860432615e+00 -1.357944653164722792e+00 0.000000000000000000e+00
4.011556363646622714e+00 -1.303433540389737244e+00 0.000000000000000000e+00
4.052819512982178018e+00 -1.239071137528706901e+00 0.000000000000000000e+00
4.114200295809931518e+00 -1.179727816878535451e+00 0.000000000000000000e+00
4.164106145288870131e+00 -1.115768745079649182e+00 0.000000000000000000e+00
4.221945698073226616e+00 -9.747128342814656010e-01 0.000000000000000000e+00
1.045639797351838540e+00 -2.222575677625855950e-01 0.000000000000000000e+00
1.035616632972622186e+00 -2.013034496389657646e-01 0.000000000000000000e+00
1.036017806600704860e+00 -1.826778605078984430e-01 0.000000000000000000e+00
1.042011152333490953e+00 -1.650383220307586885e-01 0.000000000000000000e+00
1.037800918552972629e+00 -1.458533766351500782e-01 0.000000000000000000e+00
1.040188348838394727e+00 -1.277190391684922544e-01 0.000000000000000000e+00
1.039031055610137866e+00 -9.090340845710476181e-02 0.000000000000000000e+00
1.040459289368800055e+00 -7.275597128489802445e-02 0.000000000000000000e+00
1.040572031997354596e+00 -5.453403980471051987e-02 0.000000000000000000e+00
1.041365298059179878e+00 -3.636524811741106977e-02 0.000000000000000000e+00
1.041841354168198563e+00 -1.818537922342860005e-02 0.000000000000000000e+00
1.046000003814696822e+00 2.922490249801512288e-08 0.000000000000000000e+00
1.047840362084182075e+00 1.829015069811706917e-02 0.000000000000000000e+00
5.177357468010175268e+00 3.620362445772977722e-01 0.000000000000000000e+00
5.143353320384503213e+00 4.499852493421320210e-01 0.000000000000000000e+00
5.135711087182413870e+00 5.397851272268961997e-01 0.000000000000000000e+00
5.131463662703386497e+00 6.300646532175412373e-01 0.000000000000000000e+00
5.219702879972476950e+00 7.335815426100269487e-01 0.000000000000000000e+00
5.200376926328266869e+00 1.689705037843759028e+00 0.000000000000000000e+00
3.834298712696115441e+00 2.586267268055820079e+00 0.000000000000000000e+00
3.702474285492532324e+00 2.790014626383056751e+00 0.000000000000000000e+00
3.613029270981118479e+00 2.822807970238391917e+00 0.000000000000000000e+00
4.573562210736022315e+00 4.416637882159638373e+00 0.000000000000000000e+00
4.430730848418694023e+00 4.430731042092101113e+00 0.000000000000000000e+00
4.124043941007936809e+00 4.422495872491760238e+00 0.000000000000000000e+00
3.955900170522107295e+00 4.393472426315804036e+00 0.000000000000000000e+00
3.826136018101180980e+00 4.401466186431564509e+00 0.000000000000000000e+00
3.708241661010550860e+00 4.419310511804007469e+00 0.000000000000000000e+00
3.538668558136395248e+00 4.369891928395960079e+00 0.000000000000000000e+00
3.418152447711874764e+00 4.375035811567959065e+00 0.000000000000000000e+00
3.209895151405673719e+00 4.418041844754895919e+00 0.000000000000000000e+00
3.047411633062916181e+00 4.352155039405929848e+00 0.000000000000000000e+00
1.034814121302106482e+00 1.593474080038545848e+00 0.000000000000000000e+00
9.845899825028092689e-01 1.575673416415018790e+00 0.000000000000000000e+00
2.577250537494736093e+00 4.289265384384621349e+00 0.000000000000000000e+00
2.482499991038473741e+00 4.299816311156995141e+00 0.000000000000000000e+00
2.294776919863770637e+00 4.315847888878613148e+00 0.000000000000000000e+00
2.189596075998724078e+00 4.297324467900015321e+00 0.000000000000000000e+00
2.119086088276577851e+00 4.344770560110968738e+00 0.000000000000000000e+00
1.993067674367308584e+00 4.274147634438567600e+00 0.000000000000000000e+00
1.816509001128391310e+00 4.279427252502136625e+00 0.000000000000000000e+00
1.723564793459768874e+00 4.265972791547183007e+00 0.000000000000000000e+00
1.625198517710719992e+00 4.233787121958156874e+00 0.000000000000000000e+00
1.388722281943795211e+00 4.274047969604614750e+00 0.000000000000000000e+00
1.301346443262600072e+00 4.256512696595676104e+00 0.000000000000000000e+00
1.213355550746191280e+00 4.231473959611908420e+00 0.000000000000000000e+00
1.138544947215031744e+00 4.249107892238821904e+00 0.000000000000000000e+00
1.063972364249275104e+00 4.267360393470545077e+00 0.000000000000000000e+00
9.756126245858779411e-01 4.225842884001429489e+00 0.000000000000000000e+00
8.221958909867703724e-01 4.229831562644630338e+00 0.000000000000000000e+00
2.476222771400005962e-01 1.404335859096434991e+00 0.000000000000000000e+00
2.132201584995153110e-01 1.346219246704986716e+00 0.000000000000000000e+00
1.835692989495018301e-01 1.306163591430240745e+00 0.000000000000000000e+00
1.637923730266106215e-01 1.333982012559486119e+00 0.000000000000000000e+00
1.189675673160432573e-01 1.359805774352429886e+00 0.000000000000000000e+00
9.940294857042746013e-02 1.421528725674200633e+00 0.000000000000000000e+00
7.646280667146782006e-02 1.458997717228170954e+00 0.000000000000000000e+00
4.987135857659816957e-02 1.428129512625290642e+00 0.000000000000000000e+00
2.595170452253768231e-02 1.486773511668016967e+00 0.000000000000000000e+00
-3.752270911793523928e-02 2.149672639352424142e+00 0.000000000000000000e+00
-2.189213737444554442e-01 4.177267428132208416e+00 0.000000000000000000e+00
-2.937445725227574855e-01 4.200742176921478332e+00 0.000000000000000000e+00
-4.401694178850038552e-01 4.187931660666437850e+00 0.000000000000000000e+00
-5.139230841216495538e-01 4.185567121424909054e+00 0.000000000000000000e+00
-5.877280736887252610e-01 4.181902094770305389e+00 0.000000000000000000e+00
-6.629693106363006017e-01 4.185823094902627162e+00 0.000000000000000000e+00
-7.362682937736186872e-01 4.175584636750375722e+00 0.000000000000000000e+00
-8.122739471868757333e-01 4.178786878376881120e+00 0.000000000000000000e+00
-8.902779328280870930e-01 4.188428077178060427e+00 0.000000000000000000e+00
-1.035667725935846661e+00 4.153836123063435082e+00 0.000000000000000000e+00
-1.156092599306913549e+00 3.357536558502257407e+00 0.000000000000000000e+00
-1.022281547526789902e+00 2.095987718868862260e+00 0.000000000000000000e+00
-1.126804498248769937e+00 2.211478279645311851e+00 0.000000000000000000e+00
-1.169453659712486937e+00 2.199422384219437365e+00 0.000000000000000000e+00
-1.088397565240508680e+00 1.963521129537144416e+00 0.000000000000000000e+00
-1.081500075351809365e+00 1.873213028216676568e+00 0.000000000000000000e+00
-1.140809313706777184e+00 1.898625484272748576e+00 0.000000000000000000e+00
-2.832312135000963682e+00 4.199075320778318243e+00 0.000000000000000000e+00
-1.520856372188358785e+00 1.630918753415330213e+00 0.000000000000000000e+00
-2.962070426797729805e+00 2.962070369406249792e+00 0.000000000000000000e+00
-2.912702939320858331e+00 1.891531372124492405e+00 0.000000000000000000e+00
-2.816275493758381376e+00 1.561086969872550911e+00 0.000000000000000000e+00
-6.698502395081969318e+00 1.060938519757167464e+00 0.000000000000000000e+00
-6.739764710725089536e+00 9.472121259411797611e-01 0.000000000000000000e+00
-6.740380809760353920e+00 8.276146669126981381e-01 0.000000000000000000e+00
-6.720978869584923743e+00 7.064033143239439871e-01 0.000000000000000000e+00
-6.677929667164729466e+00 2.331984166863296237e-01 0.000000000000000000e+00
-7.360000133514403409e+00 -2.652358968595440343e-08 0.000000000000000000e+00
