-4.212358156596679670e+00 -7.352720482528708745e-02 0.000000000000000000e+00
-4.250408962287917092e+00 -1.484277729306668347e-01 0.000000000000000000e+00
-4.297102849701430749e+00 -2.252018412066233433e-01 0.000000000000000000e+00
-4.326435163773986403e+00 -3.025340430047681606e-01 0.000000000000000000e+00
-4.386245114290970193e+00 -3.837469510073399093e-01 0.000000000000000000e+00
-4.425622220760057957e+00 -4.651518693658665549e-01 0.000000000000000000e+00
-4.527995314578367569e+00 -5.559681523932846758e-01 0.000000000000000000e+00
-4.548304790497481598e+00 -7.203809467250436027e-01 0.000000000000000000e+00
-4.701994124848857481e+00 -9.139753193816733123e-01 0.000000000000000000e+00
-1.071071639256665708e+00 -2.276633616470656596e-01 0.000000000000000000e+00
-1.052319699510272821e+00 -2.429472015063249557e-01 0.000000000000000000e+00
-1.041127256799049494e+00 -2.595822353590568343e-01 0.000000000000000000e+00
-1.038370295339262395e+00 -2.782305380022918606e-01 0.000000000000000000e+00
-1.033356354121403697e+00 -2.963102224306677912e-01 0.000000000000000000e+00
-1.028983877981711093e+00 -3.145919984578994799e-01 0.000000000000000000e+00
-1.019268959259847618e+00 -3.509625047136702980e-01 0.000000000000000000e+00
-1.015807676960779782e+00 -3.697238151788239113e-01 0.000000000000000000e+00
-1.012001155105374250e+00 -3.884709042609177931e-01 0.000000000000000000e+00
-1.006921614170342760e+00 -4.068227972310431428e-01 0.000000000000000000e+00
-1.003350300048667210e+00 -4.258969924261035711e-01 0.000000000000000000e+00
-1.000332280418212205e+00 -4.453766848519380983e-01 0.000000000000000000e+00
-1.001470099128026536e+00 -4.669932362517745239e-01 0.000000000000000000e+00
-4.315292928775529724e+00 -3.021600944066636263e+00 0.000000000000000000e+00
-2.991789089023249026e+00 -3.694552181799360735e+00 0.000000000000000000e+00
-2.936705055492307093e+00 -3.758811412545841613e+00 0.000000000000000000e+00
-2.780224082451566936e+00 -3.826650523864378428e+00 0.000000000000000000e+00
-2.698676916454387342e+00 -3.854110426891037999e+00 0.000000000000000000e+00
1.995012952940243833e+00 -3.072050308849430422e+00 0.000000000000000000e+00
2.039376667921342978e+00 -3.023500016357513420e+00 0.000000000000000000e+00
1.649813688198206618e+00 -1.708431969448544363e+00 0.000000000000000000e+00
3.688774460442719505e+00 -3.562207847661905902e+00 0.000000000000000000e+00
2.690184264613428855e+00 -2.422252628004369246e+00 0.000000000000000000e+00
4.260314177456897333e+00 -3.449934163017684963e+00 0.000000000000000000e+00
4.419164264116855811e+00 -3.452629285327206254e+00 0.000000000000000000e+00
4.537847208689743006e+00 -3.419512908485061509e+00 0.000000000000000000e+00
3.618103412876858549e+00 -2.173975698142978530e+00 0.000000000000000000e+00
3.708320903669305224e+00 -2.140999913774732644e+00 0.000000000000000000e+00
4.737481687188618729e+00 -2.413867297625574171e+00 0.000000000000000000e+00
2.380905401743699912e+00 -1.161245062016519558e+00 0.000000000000000000e+00
6.328129514770223452e+00 -2.817464547865644597e+00 0.000000000000000000e+00
3.389471426725808811e+00 -1.233666591598593820e+00 0.000000000000000000e+00
5.831477580376745351e+00 -1.453950473958141476e+00 0.000000000000000000e+00
6.728299161071762846e+00 5.886500862470394058e-01 0.000000000000000000e+00
6.731918743666196470e+00 7.075533560678891609e-01 0.000000000000000000e+00
6.710604664242414863e+00 8.239588309641138197e-01 0.000000000000000000e+00
6.715998081073476733e+00 9.438721601153358121e-01 0.000000000000000000e+00
7.141376628562136730e+00 1.780545369924212862e+00 0.000000000000000000e+00
7.008757787423431473e+00 1.877991183733082048e+00 0.000000000000000000e+00
3.785448495789997203e+00 1.085459994793900096e+00 0.000000000000000000e+00
3.773578632296160862e+00 1.153698872593369007e+00 0.000000000000000000e+00
2.691606952534840502e+00 1.554000084312664454e+00 0.000000000000000000e+00
2.646932637480054140e+00 1.590437668635971580e+00 0.000000000000000000e+00
2.598419236084204886e+00 1.623672629355542130e+00 0.000000000000000000e+00
2.570525299549424325e+00 1.669318733836578916e+00 0.000000000000000000e+00
3.218448248465775041e+00 2.253581836227481094e+00 0.000000000000000000e+00
3.291889906673777677e+00 2.391698130754584373e+00 0.000000000000000000e+00
3.230056003454540914e+00 2.523596446920535641e+00 0.000000000000000000e+00
3.196401215580971122e+00 2.588394788025796256e+00 0.000000000000000000e+00
3.141548073257749873e+00 2.636071950219128990e+00 0.000000000000000000e+00
3.190912166854598997e+00 2.773817753651771856e+00 0.000000000000000000e+00
3.144988744830882865e+00 2.831760711888694271e+00 0.000000000000000000e+00
3.032017303800944585e+00 2.927985204157902643e+00 0.000000000000000000e+00
2.300798938232822444e+00 2.646766523850645481e+00 0.000000000000000000e+00
2.069776069337779578e+00 2.466663172597047371e+00 0.000000000000000000e+00
2.224018153758804850e+00 2.746433812336172231e+00 0.000000000000000000e+00
2.115412839538862499e+00 2.707605079296134587e+00 0.000000000000000000e+00
2.016080214586185804e+00 2.675428924376862749e+00 0.000000000000000000e+00
1.900309690222792725e+00 2.615552014439131323e+00 0.000000000000000000e+00
1.768727159995002962e+00 2.622245966568681474e+00 0.000000000000000000e+00
1.685657776434474675e+00 2.595685465892064503e+00 0.000000000000000000e+00
1.597706585865724893e+00 2.556865130986277546e+00 0.000000000000000000e+00
1.521422420772079898e+00 2.532072233376210679e+00 0.000000000000000000e+00
1.446999977009158389e+00 2.506277593493595024e+00 0.000000000000000000e+00
1.376374456509070310e+00 2.483045363995567634e+00 0.000000000000000000e+00
1.307947732080762870e+00 2.459892031073521501e+00 0.000000000000000000e+00
1.243479968622100973e+00 2.440466966979717878e+00 0.000000000000000000e+00
1.167820703916065295e+00 2.394387392722269414e+00 0.000000000000000000e+00
1.077038585638285584e+00 2.419068394061564931e+00 0.000000000000000000e+00
1.019808159005013870e+00 2.402517590201374897e+00 0.000000000000000000e+00
9.657357787399760696e-01 2.390280058841624644e+00 0.000000000000000000e+00
9.421492752209280619e-01 2.454382910717483490e+00 0.000000000000000000e+00
9.255064915196112851e-01 2.542808333185160752e+00 0.000000000000000000e+00
9.080095455936514348e-01 2.637051356461653118e+00 0.000000000000000000e+00
8.868786887999444701e-01 2.729532109073208090e+00 0.000000000000000000e+00
8.120276267857292618e-01 2.831877066137909349e+00 0.000000000000000000e+00
7.893980227819858975e-01 2.946073738173780043e+00 0.000000000000000000e+00
7.615700738531059333e-01 3.054490961620289990e+00 0.000000000000000000e+00
7.344651602647156441e-01 3.181318376613947230e+00 0.000000000000000000e+00
7.019097956921928061e-01 3.302226241391021055e+00 0.000000000000000000e+00
6.747005502927839737e-01 3.471033745421672201e+00 0.000000000000000000e+00
6.291272703614348982e-01 3.567958407896008488e+00 0.000000000000000000e+00
5.885064074859258643e-01 3.715683630206859434e+00 0.000000000000000000e+00
4.945457388942581800e-01 4.027752378712405879e+00 0.000000000000000000e+00
4.373470229040292701e-01 4.161079632648542415e+00 0.000000000000000000e+00
-2.269549483198167905e-08 1.439000010490417258e+00 0.000000000000000000e+00
-2.500932027908833039e-02 1.432781715301591152e+00 0.000000000000000000e+00
-3.645723822745650100e-01 6.956453413497159843e+00 0.000000000000000000e+00
-4.848075848136740307e-01 6.933069951651473772e+00 0.000000000000000000e+00
-6.057324999885660421e-01 6.923552952584606679e+00 0.000000000000000000e+00
-7.199921586673510010e-01 6.850266815906612905e+00 0.000000000000000000e+00
-3.199070650648880298e-01 2.605433643315747005e+00 0.000000000000000000e+00
-1.769028273886339875e+00 6.602103035219903049e+00 0.000000000000000000e+00
-1.882878825937159162e+00 6.566378476321493629e+00 0.000000000000000000e+00
-2.076594222610553597e+00 6.391099562265972978e+00 0.000000000000000000e+00
-1.840752467030148498e+00 5.057425632338177657e+00 0.000000000000000000e+00
-7.385646215144004989e-01 1.229177913733197958e+00 0.000000000000000000e+00
-8.656306166484369902e-01 1.283350134457314162e+00 0.000000000000000000e+00
-8.884699281378428681e-01 1.268866527106494280e+00 0.000000000000000000e+00
-3.246994333597823523e+00 3.481975055460492019e+00 0.000000000000000000e+00
-3.226688150354169338e+00 3.341333327157184563e+00 0.000000000000000000e+00
-3.188114139761196952e+00 3.078725978715995293e+00 0.000000000000000000e+00
-3.115566963651541066e+00 2.905313140622954204e+00 0.000000000000000000e+00
-3.077362594938350071e+00 2.770869674530889615e+00 0.000000000000000000e+00
-3.067894511184167339e+00 2.666879962324587794e+00 0.000000000000000000e+00
-2.992169540009708140e+00 2.510728311491927212e+00 0.000000000000000000e+00
-2.940720277035186569e+00 2.381348283215181993e+00 0.000000000000000000e+00
-2.875451203937343436e+00 2.246548654879649831e+00 0.000000000000000000e+00
-2.850330158413541426e+00 2.147877796542950968e+00 0.000000000000000000e+00
-2.853106619721990977e+00 1.997766727002169063e+00 0.000000000000000000e+00
-2.741739542427854559e+00 1.713228980749141428e+00 0.000000000000000000e+00
-2.712077381552462807e+00 1.629580465557370683e+00 0.000000000000000000e+00
-2.680348661343465277e+00 1.547499993774350102e+00 0.000000000000000000e+00
-2.635229198611554580e+00 1.460731371521539979e+00 0.000000000000000000e+00
-2.634715598813272219e+00 1.400903108661714747e+00 0.000000000000000000e+00
-2.615490760956032279e+00 1.275660056162395861e+00 0.000000000000000000e+00
-2.606541138317283401e+00 1.215450071931796217e+00 0.000000000000000000e+00
-2.639232779418542396e+00 1.175062118945864098e+00 0.000000000000000000e+00
-2.718250903197153789e+00 1.153829031009662609e+00 0.000000000000000000e+00
-2.823274915397914864e+00 1.140677086959770659e+00 0.000000000000000000e+00
-2.909036557398056999e+00 1.116674489483831412e+00 0.000000000000000000e+00
-3.022991175177826229e+00 1.100278784619839412e+00 0.000000000000000000e+00
-3.120211261023529303e+00 1.074374874924686418e+00 0.000000000000000000e+00
-3.273431278592600524e+00 1.000788354386066503e+00 0.000000000000000000e+00
-3.371144743894979090e+00 9.666601789972356640e-01 0.000000000000000000e+00
-3.435798093758258176e+00 9.206193038401525586e-01 0.000000000000000000e+00
-3.675480319809272700e+00 9.164001461691528849e-01 0.000000000000000000e+00
-3.703580736057568767e+00 8.550389643065890999e-01 0.000000000000000000e+00
-3.735545696949044814e+00 7.940147289002051911e-01 0.000000000000000000e+00
-3.770430093990438269e+00 7.328973473317099696e-01 0.000000000000000000e+00
-3.784616134268393495e+00 6.673299167573645274e-01 0.000000000000000000e+00
-3.843230418870034804e+00 5.401307926590888098e-01 0.000000000000000000e+00
-3.861997110377269671e+00 4.741936015683845262e-01 0.000000000000000000e+00
-3.877640801654937963e+00 4.075564537842342738e-01 0.000000000000000000e+00
-3.920026081456073008e+00 3.429578259482261582e-01 0.000000000000000000e+00
-4.002227054521227068e+00 2.798629619282100300e-01 0.000000000000000000e+00
-4.073409869310346210e+00 2.134783489836080128e-01 0.000000000000000000e+00
-4.110494388213426831e+00 1.435416110838426407e-01 0.000000000000000000e+00
-4.175000190734862393e+00 -1.504565081372578416e-08 0.000000000000000000e+00
