-7.217900367456680399e+00 -1.259892960182864008e-01 0.000000000000000000e+00
-3.958334072419226413e+00 -2.767938880766447896e-01 0.000000000000000000e+00
-3.964628254448207656e+00 -9.884930568636334236e-01 0.000000000000000000e+00
-3.049655716200321720e+00 -9.323734869877797760e-01 0.000000000000000000e+00
-3.012946978503447948e+00 -9.789659830465498036e-01 0.000000000000000000e+00
-2.985002153394189062e+00 -1.027818833109237939e+00 0.000000000000000000e+00
-2.952914932690734240e+00 -1.133518008671139388e+00 0.000000000000000000e+00
-3.800764632645087460e+00 -1.613329089436192687e+00 0.000000000000000000e+00
-3.800348881435905213e+00 -1.692024559466449807e+00 0.000000000000000000e+00
-3.821899857707279136e+00 -1.782181399859001258e+00 0.000000000000000000e+00
-3.816279261824601754e+00 -1.861323993409383482e+00 0.000000000000000000e+00
-2.975961640581652023e+00 -1.516328374870550943e+00 0.000000000000000000e+00
-3.737249701577826322e+00 -2.071591573363708250e+00 0.000000000000000000e+00
-3.755249871847313070e+00 -2.256382008361813352e+00 0.000000000000000000e+00
-3.593179666050789756e+00 -2.245268088781804838e+00 0.000000000000000000e+00
-3.462870824286225613e+00 -2.248814842954840021e+00 0.000000000000000000e+00
-3.354285913847155687e+00 -2.262494649504188438e+00 0.000000000000000000e+00
-3.009564530839449858e+00 -2.107319984461470952e+00 0.000000000000000000e+00
-2.722342100018092292e+00 -1.977897508631669687e+00 0.000000000000000000e+00
-2.891211277863251716e+00 -2.258862034064610835e+00 0.000000000000000000e+00
-2.770525291610637098e+00 -2.243527360325180187e+00 0.000000000000000000e+00
-2.670430870449414851e+00 -2.240757771756665129e+00 0.000000000000000000e+00
-2.543371095659488379e+00 -2.210918971475906769e+00 0.000000000000000000e+00
-2.448662153908585992e+00 -2.204785513103909800e+00 0.000000000000000000e+00
-2.362272367830296371e+00 -2.202854825765912405e+00 0.000000000000000000e+00
-2.275991051146378119e+00 -2.197899213420908104e+00 0.000000000000000000e+00
-2.149272965917885969e+00 -2.225637513953301561e+00 0.000000000000000000e+00
-2.063045002635894853e+00 -2.212345111882870530e+00 0.000000000000000000e+00
-1.983303007461777012e+00 -2.202681343600506381e+00 0.000000000000000000e+00
-1.910443753301553027e+00 -2.197714340197726379e+00 0.000000000000000000e+00
-1.835158538370004644e+00 -2.187056983244212383e+00 0.000000000000000000e+00
-1.779088584580472254e+00 -2.196991638177955064e+00 0.000000000000000000e+00
-1.720773770854290952e+00 -2.202490194308039051e+00 0.000000000000000000e+00
-1.656194900815269433e+00 -2.197845073001690075e+00 0.000000000000000000e+00
-1.584218063888468420e+00 -2.262498086107921580e+00 0.000000000000000000e+00
-1.590903720932512533e+00 -2.358611988758492650e+00 0.000000000000000000e+00
2.198635242146948165e+00 -3.518551614625144097e+00 0.000000000000000000e+00
2.212323771551177654e+00 -3.406679598572161627e+00 0.000000000000000000e+00
2.206575368727092812e+00 -3.271382265170529990e+00 0.000000000000000000e+00
2.119365001100613544e+00 -3.026766673989602197e+00 0.000000000000000000e+00
2.220103883673331335e+00 -2.553937190240486377e+00 0.000000000000000000e+00
2.125828048318945118e+00 -2.360971071369470486e+00 0.000000000000000000e+00
2.114194928904678861e+00 -2.267196332767781097e+00 0.000000000000000000e+00
2.120097453433011925e+00 -2.195425031142217431e+00 0.000000000000000000e+00
2.098692952111112842e+00 -2.098692809300688911e+00 0.000000000000000000e+00
2.091120914666943165e+00 -2.019371857107932655e+00 0.000000000000000000e+00
2.181130086275514746e+00 -1.963898218049925815e+00 0.000000000000000000e+00
2.264128806568515007e+00 -1.968177011162012491e+00 0.000000000000000000e+00
2.362481213430501104e+00 -1.982356980599228713e+00 0.000000000000000000e+00
2.447232643601461533e+00 -1.981729785724982928e+00 0.000000000000000000e+00
2.541334670906290949e+00 -1.985508115150801833e+00 0.000000000000000000e+00
2.669039946926401452e+00 -2.011265724041949365e+00 0.000000000000000000e+00
2.778973395624063869e+00 -2.019042216821904656e+00 0.000000000000000000e+00
2.930647954455293025e+00 -1.976746866412081749e+00 0.000000000000000000e+00
3.053599629335822296e+00 -1.983030645209106657e+00 0.000000000000000000e+00
3.155586992218201825e+00 -1.971829457146344611e+00 0.000000000000000000e+00
3.274379094675698987e+00 -1.967445306565274388e+00 0.000000000000000000e+00
3.318609423471972963e+00 -1.915999902401952726e+00 0.000000000000000000e+00
3.359414424516101949e+00 -1.862153683171113627e+00 0.000000000000000000e+00
3.423187957778880186e+00 -1.820141184196201412e+00 0.000000000000000000e+00
3.514284852088476629e+00 -1.714031111029628462e+00 0.000000000000000000e+00
3.557258072855058906e+00 -1.658776545768097410e+00 0.000000000000000000e+00
3.634083813003143426e+00 -1.617998222572810008e+00 0.000000000000000000e+00
3.722521813369581434e+00 -1.580116626159363546e+00 0.000000000000000000e+00
3.731915149666432008e+00 -1.507791458855634703e+00 0.000000000000000000e+00
3.830480688311813875e+00 -1.470383637870309901e+00 0.000000000000000000e+00
3.900264165319097920e+00 -1.342968518144680878e+00 0.000000000000000000e+00
3.992535251272966601e+00 -1.297253206974003037e+00 0.000000000000000000e+00
4.011698652512497354e+00 -1.226499230194783907e+00 0.000000000000000000e+00
4.084401050969415081e+00 -1.171183021892220788e+00 0.000000000000000000e+00
4.143821791207070504e+00 -1.110333569435962398e+00 0.000000000000000000e+00
4.206232041706538638e+00 -1.048731301170849672e+00 0.000000000000000000e+00
1.053294018448203584e+00 -2.431720518153278054e-01 0.000000000000000000e+00
1.042488110358255504e+00 -2.026391293275718319e-01 0.000000000000000000e+00
1.038972133138856613e+00 -1.831987878971699235e-01 0.000000000000000000e+00
1.036085098559127227e+00 -1.640997274974901887e-01 0.000000000000000000e+00
1.034830093557979946e+00 -1.454358544985191459e-01 0.000000000000000000e+00
1.036218215332299852e+00 -1.272315681856310277e-01 0.000000000000000000e+00
1.040269909492541167e+00 -1.093367430680400182e-01 0.000000000000000000e+00
1.039031055610137866e+00 -9.090340845710476181e-02 0.000000000000000000e+00
1.041570589153674842e+00 -5.458637193937833365e-02 0.000000000000000000e+00
1.040365860529601338e+00 -3.633034701804784689e-02 0.000000000000000000e+00
1.042841129395635669e+00 -1.820283033686002222e-02 0.000000000000000000e+00
1.047000050544738325e+00 2.925284348087586419e-08 0.000000000000000000e+00
1.047840362084182075e+00 1.829015069811706917e-02 0.000000000000000000e+00
1.052358513147670482e+00 3.674919821381672502e-02 0.000000000000000000e+00
5.183342894159720160e+00 3.624547865108546096e-01 0.000000000000000000e+00
5.178475274376718396e+00 5.442798255916549977e-01 0.000000000000000000e+00
5.173150419193528471e+00 6.351831444508764246e-01 0.000000000000000000e+00
5.258323368505775086e+00 7.390092993628708529e-01 0.000000000000000000e+00
8.613128852977840921e+00 1.518727241221655033e+00 0.000000000000000000e+00
8.525432456313694729e+00 1.657176430430778113e+00 0.000000000000000000e+00
3.216783849955770602e+00 1.568930411254152224e+00 0.000000000000000000e+00
3.874092398538694137e+00 2.613108449424704993e+00 0.000000000000000000e+00
3.708064709593814179e+00 2.794227313307413141e+00 0.000000000000000000e+00
1.822934271384568428e+00 1.641377463924707625e+00 0.000000000000000000e+00
4.531121152441080824e+00 4.375653026769595222e+00 0.000000000000000000e+00
4.314523018028376455e+00 4.467819568920369022e+00 0.000000000000000000e+00
3.979319639085523441e+00 4.419482382314961377e+00 0.000000000000000000e+00
3.825480006638941166e+00 4.400711531538141763e+00 0.000000000000000000e+00
3.703099426467937327e+00 4.413182235050291169e+00 0.000000000000000000e+00
3.545590880602038641e+00 4.378440285093231132e+00 0.000000000000000000e+00
3.450166871754762887e+00 4.416012407497176717e+00 0.000000000000000000e+00
3.305168078018682731e+00 4.386106372098542927e+00 0.000000000000000000e+00
3.077237359633492098e+00 4.394750593216167012e+00 0.000000000000000000e+00
2.588581290283589631e+00 4.308122924623410732e+00 0.000000000000000000e+00
2.482000027295268030e+00 4.298950348512168063e+00 0.000000000000000000e+00
2.364901138129737568e+00 4.266394787821456092e+00 0.000000000000000000e+00
2.194590042310788025e+00 4.307125679118806616e+00 0.000000000000000000e+00
2.059029206751793240e+00 4.221635699179873136e+00 0.000000000000000000e+00
1.997293752020699031e+00 4.283210487666031518e+00 0.000000000000000000e+00
1.886851181812653211e+00 4.237937358126947274e+00 0.000000000000000000e+00
1.819634809773198469e+00 4.286791196579696539e+00 0.000000000000000000e+00
1.722066475760441362e+00 4.262264324907182989e+00 0.000000000000000000e+00
1.637741511537227801e+00 4.266462739831764495e+00 0.000000000000000000e+00
1.307193871434896959e+00 4.275638773580535457e+00 0.000000000000000000e+00
1.208394043953198604e+00 4.214171127987596854e+00 0.000000000000000000e+00
1.140356672511867009e+00 4.255869343577376895e+00 0.000000000000000000e+00
1.055988944105816785e+00 4.235340641765183101e+00 0.000000000000000000e+00
9.760626013168549608e-01 4.227791947511520654e+00 0.000000000000000000e+00
8.977625741735671960e-01 4.223641198868199886e+00 0.000000000000000000e+00
7.413040077433952213e-01 4.204144362897399567e+00 0.000000000000000000e+00
2.133765816095249956e-01 1.347206863461331006e+00 0.000000000000000000e+00
1.835692989495018301e-01 1.306163591430240745e+00 0.000000000000000000e+00
1.629392914580857499e-01 1.327034219773839618e+00 0.000000000000000000e+00
1.188804075168900104e-01 1.358809533100685085e+00 0.000000000000000000e+00
9.870538466096337449e-02 1.411553094673735576e+00 0.000000000000000000e+00
7.651514505721628001e-02 1.459996393429771944e+00 0.000000000000000000e+00
4.983645746507382734e-02 1.427130075096136874e+00 0.000000000000000000e+00
2.446825066149434236e-02 1.401786419414963847e+00 0.000000000000000000e+00
-3.762742022171483569e-02 2.155671529094737249e+00 0.000000000000000000e+00
-2.932562792289910569e-01 4.193759259020335861e+00 0.000000000000000000e+00
-4.403784596890052971e-01 4.189920560289649210e+00 0.000000000000000000e+00
-5.147761659093316178e-01 4.192514914183647079e+00 0.000000000000000000e+00
-5.889806073067382908e-01 4.190814333602226327e+00 0.000000000000000000e+00
-6.628128874951381144e-01 4.184835478151216925e+00 0.000000000000000000e+00
-7.378311798312342518e-01 4.184448203287681523e+00 0.000000000000000000e+00
-8.126555375462858333e-01 4.180749990443125341e+00 0.000000000000000000e+00
-8.904858294634608873e-01 4.189406153880449679e+00 0.000000000000000000e+00
-1.037844980665936667e+00 4.162568614306016102e+00 0.000000000000000000e+00
-1.156092599306913549e+00 3.357536558502257407e+00 0.000000000000000000e+00
-1.020528085470988167e+00 2.092392588991624169e+00 0.000000000000000000e+00
-1.129528352122435964e+00 2.216824143713037376e+00 0.000000000000000000e+00
-1.170862084282499493e+00 2.202071245506110664e+00 0.000000000000000000e+00
-1.084034363637496723e+00 1.955649705699430418e+00 0.000000000000000000e+00
-1.139264188646338605e+00 1.896053964404449843e+00 0.000000000000000000e+00
-2.854120677796000649e+00 4.231407814327002193e+00 0.000000000000000000e+00
-2.989480372130312258e+00 4.269420334336301970e+00 0.000000000000000000e+00
-2.040202615542591413e+00 2.808097929737217058e+00 0.000000000000000000e+00
-1.496986370794879839e+00 1.605321311323768096e+00 0.000000000000000000e+00
-2.958829876786755797e+00 1.921486555036867827e+00 0.000000000000000000e+00
-2.973256675443318731e+00 1.857896939059584973e+00 0.000000000000000000e+00
-1.713380005925523974e+00 9.497420290090288209e-01 0.000000000000000000e+00
-6.729120869302148478e+00 1.065788009508821466e+00 0.000000000000000000e+00
-6.692231510967779684e+00 9.405317705983202714e-01 0.000000000000000000e+00
-6.720529905647753210e+00 8.251772824593929245e-01 0.000000000000000000e+00
-6.720329249634324320e+00 5.879525955232318690e-01 0.000000000000000000e+00
-7.403999805450438565e+00 -2.668215343915785957e-08 0.000000000000000000e+00
