-7.226899298020083684e+00 -1.261463734049059482e-01 0.000000000000000000e+00
-3.949579723028441958e+00 -2.069889078126559145e-01 0.000000000000000000e+00
-3.941942419654417940e+00 -3.448754789512956109e-01 0.000000000000000000e+00
-3.993737329446968687e+00 -9.957507659554540869e-01 0.000000000000000000e+00
-3.071650727075403875e+00 -9.390980378533069217e-01 0.000000000000000000e+00
-3.009142801477775908e+00 -9.777299307933270400e-01 0.000000000000000000e+00
-2.983111027907113133e+00 -1.027167666278695046e+00 0.000000000000000000e+00
-2.969428708761740143e+00 -1.080783829464313062e+00 0.000000000000000000e+00
-3.790638935499090145e+00 -1.609030985413610892e+00 0.000000000000000000e+00
-3.792127132801972333e+00 -1.688364000648197916e+00 0.000000000000000000e+00
-3.815555731000989770e+00 -1.779223084613902106e+00 0.000000000000000000e+00
-3.813583075181575133e+00 -1.860008975155982291e+00 0.000000000000000000e+00
-2.976852794936788005e+00 -1.516782440748502880e+00 0.000000000000000000e+00
-3.728503721607466570e+00 -2.066743596949460304e+00 0.000000000000000000e+00
-3.661555447320189227e+00 -2.114000258574798341e+00 0.000000000000000000e+00
-3.740677858125036614e+00 -2.247626258222510387e+00 0.000000000000000000e+00
-3.605052287280503975e+00 -2.252686926706647608e+00 0.000000000000000000e+00
-3.458677375598478321e+00 -2.246091585250268086e+00 0.000000000000000000e+00
-3.358431196452440481e+00 -2.265290678213733422e+00 0.000000000000000000e+00
-3.006287964956402270e+00 -2.105025708098563264e+00 0.000000000000000000e+00
-2.720723990474281262e+00 -1.976721883115914347e+00 0.000000000000000000e+00
-2.884907273229170066e+00 -2.253936805376024921e+00 0.000000000000000000e+00
-2.772856745711439252e+00 -2.245415334811581953e+00 0.000000000000000000e+00
-2.671962848230754695e+00 -2.242043253870313446e+00 0.000000000000000000e+00
-2.549408874260087110e+00 -2.216167532834654619e+00 0.000000000000000000e+00
-2.452377785746721273e+00 -2.208131083351594803e+00 0.000000000000000000e+00
-2.365197744846471384e+00 -2.205582784220248005e+00 0.000000000000000000e+00
-2.278149085543198726e+00 -2.199983203206772764e+00 0.000000000000000000e+00
-2.152051563493398767e+00 -2.228514836237770247e+00 0.000000000000000000e+00
-2.065091011924222730e+00 -2.214539188426094540e+00 0.000000000000000000e+00
-1.983972089536029326e+00 -2.203424434594040360e+00 0.000000000000000000e+00
-1.909787741857678078e+00 -2.196959685288338626e+00 0.000000000000000000e+00
-1.835801279356064075e+00 -2.187822972194261251e+00 0.000000000000000000e+00
-1.780976558851486535e+00 -2.199323092453174144e+00 0.000000000000000000e+00
-1.723236384907391727e+00 -2.205642196852584114e+00 0.000000000000000000e+00
-1.656796672183297181e+00 -2.198643650654382053e+00 0.000000000000000000e+00
-1.585938805121441808e+00 -2.264955559504439719e+00 0.000000000000000000e+00
-1.589226130600952080e+00 -2.356124858571931213e+00 0.000000000000000000e+00
2.196515465916035748e+00 -3.515159263799075617e+00 0.000000000000000000e+00
2.210145373191656049e+00 -3.403325159522879506e+00 0.000000000000000000e+00
2.204897778196026170e+00 -3.268895135118536910e+00 0.000000000000000000e+00
2.131410191111316355e+00 -3.043968986799021614e+00 0.000000000000000000e+00
2.196485748931238824e+00 -2.526767636092354774e+00 0.000000000000000000e+00
2.121813236449437312e+00 -2.356512171371235365e+00 0.000000000000000000e+00
2.103965044184133326e+00 -2.256226125240571534e+00 0.000000000000000000e+00
2.111761494394589711e+00 -2.186792893453501918e+00 0.000000000000000000e+00
2.088793499996058678e+00 -2.088793357859265676e+00 0.000000000000000000e+00
2.103349662860226843e+00 -2.031181021167252521e+00 0.000000000000000000e+00
2.183359536411231261e+00 -1.965905623832971516e+00 0.000000000000000000e+00
2.267902440949122411e+00 -1.971457381260610431e+00 0.000000000000000000e+00
2.344862189284635079e+00 -1.967572864937971344e+00 0.000000000000000000e+00
2.451895552105954224e+00 -1.985505734323749660e+00 0.000000000000000000e+00
2.553154915181477858e+00 -1.994743101475164426e+00 0.000000000000000000e+00
2.667442601226114096e+00 -2.010062037802582857e+00 0.000000000000000000e+00
2.804776684121538022e+00 -1.963925640651395854e+00 0.000000000000000000e+00
2.934793039626897304e+00 -1.979542761467140588e+00 0.000000000000000000e+00
3.045212931478084251e+00 -1.977584260324778631e+00 0.000000000000000000e+00
3.142866383746017789e+00 -1.963880739345145399e+00 0.000000000000000000e+00
3.272664884294882892e+00 -1.966415305129678215e+00 0.000000000000000000e+00
3.305618951325556942e+00 -1.908499850365504180e+00 0.000000000000000000e+00
3.385652991170600590e+00 -1.876697957072016365e+00 0.000000000000000000e+00
3.477598623549489787e+00 -1.771924863446887599e+00 0.000000000000000000e+00
3.521475111996245300e+00 -1.717538034826935567e+00 0.000000000000000000e+00
3.564508657991033225e+00 -1.662157548866642909e+00 0.000000000000000000e+00
3.642305779736922045e+00 -1.621658877705117519e+00 0.000000000000000000e+00
3.735408825304604274e+00 -1.585586837709745733e+00 0.000000000000000000e+00
3.790327478575063580e+00 -1.531391569546300735e+00 0.000000000000000000e+00
3.831414201084132998e+00 -1.470741979816883260e+00 0.000000000000000000e+00
3.905937316507828161e+00 -1.344921940559727913e+00 0.000000000000000000e+00
3.987779859804779559e+00 -1.295708086782376478e+00 0.000000000000000000e+00
4.047081644265210443e+00 -1.237316895205467615e+00 0.000000000000000000e+00
4.084401050969415081e+00 -1.171183021892220788e+00 0.000000000000000000e+00
4.151549098392137260e+00 -1.112404094907673002e+00 0.000000000000000000e+00
4.189736821765162489e+00 -1.044618581449091144e+00 0.000000000000000000e+00
1.050530530722067812e+00 -2.232971250806939645e-01 0.000000000000000000e+00
1.041506437297713639e+00 -2.024483114445705667e-01 0.000000000000000000e+00
1.038972133138856613e+00 -1.831987878971699235e-01 0.000000000000000000e+00
1.037072715317374882e+00 -1.642561505954825973e-01 0.000000000000000000e+00
1.038791232901021377e+00 -1.459925562109347374e-01 0.000000000000000000e+00
1.035225622795415301e+00 -1.271096931759385096e-01 0.000000000000000000e+00
1.038280891303943854e+00 -1.091276888902157211e-01 0.000000000000000000e+00
1.037038691860189488e+00 -9.072909927281350151e-02 0.000000000000000000e+00
1.041570589153674842e+00 -5.458637193937833365e-02 0.000000000000000000e+00
1.042364616452087667e+00 -3.640014505643344306e-02 0.000000000000000000e+00
1.042841129395635669e+00 -1.820283033686002222e-02 0.000000000000000000e+00
1.047000050544738325e+00 2.925284348087586419e-08 0.000000000000000000e+00
1.047840362084182075e+00 1.829015069811706917e-02 0.000000000000000000e+00
1.052358513147670482e+00 3.674919821381672502e-02 0.000000000000000000e+00
5.141360600377309353e+00 4.498109088771765074e-01 0.000000000000000000e+00
5.125765640629091457e+00 5.387398183997482715e-01 0.000000000000000000e+00
5.131463662703386497e+00 6.300646532175412373e-01 0.000000000000000000e+00
5.215742094808001106e+00 7.330248904484544248e-01 0.000000000000000000e+00
3.786939957952523361e+00 2.651644036281796790e+00 0.000000000000000000e+00
3.770827965487547395e+00 2.739667015646468418e+00 0.000000000000000000e+00
3.606725266227176707e+00 2.817882741703219729e+00 0.000000000000000000e+00
1.804355580248214519e+00 1.624649134538882933e+00 0.000000000000000000e+00
4.443458859216016243e+00 4.443459053445782736e+00 0.000000000000000000e+00
4.269370185215459301e+00 4.421062439756661355e+00 0.000000000000000000e+00
3.974635745372840478e+00 4.414280391115130264e+00 0.000000000000000000e+00
3.841881544528202852e+00 4.419579343368022606e+00 0.000000000000000000e+00
3.717240648086376886e+00 4.430035087442626640e+00 0.000000000000000000e+00
3.555030902282470429e+00 4.390097741525638142e+00 0.000000000000000000e+00
3.445241643495148054e+00 4.409708402527946269e+00 0.000000000000000000e+00
3.291326188236027406e+00 4.367737563147081836e+00 0.000000000000000000e+00
3.070354667964928286e+00 4.384921090399735988e+00 0.000000000000000000e+00
9.750514325158138318e-01 1.560408544831164424e+00 0.000000000000000000e+00
2.572615039762121913e+00 4.281550620268896878e+00 0.000000000000000000e+00
2.487499866889104183e+00 4.308476350558367862e+00 0.000000000000000000e+00
2.371203668517240626e+00 4.277764854147608986e+00 0.000000000000000000e+00
2.201399838933034037e+00 4.320490658151687313e+00 0.000000000000000000e+00
1.998984303994104872e+00 4.286835888253757609e+00 0.000000000000000000e+00
1.824323615897965434e+00 4.297837332161498658e+00 0.000000000000000000e+00
1.725063289785431442e+00 4.269681700302901284e+00 0.000000000000000000e+00
1.634157750191612246e+00 4.257126721820493565e+00 0.000000000000000000e+00
1.398919839829185108e+00 4.305432827572019505e+00 0.000000000000000000e+00
1.306316680531525831e+00 4.272769611231901798e+00 0.000000000000000000e+00
1.210323496911452690e+00 4.220899930558390523e+00 0.000000000000000000e+00
1.138803747483932538e+00 4.250073748060139600e+00 0.000000000000000000e+00
1.067359371139314783e+00 4.280944937149143925e+00 0.000000000000000000e+00
9.742629089229738470e-01 4.219996622702862688e+00 0.000000000000000000e+00
8.231499577152987523e-01 4.234739810916651415e+00 0.000000000000000000e+00
2.476222771400005962e-01 1.404335859096434991e+00 0.000000000000000000e+00
2.133765816095249956e-01 1.347206863461331006e+00 0.000000000000000000e+00
1.835692989495018301e-01 1.306163591430240745e+00 0.000000000000000000e+00
1.634267624892554172e-01 1.331004353274002794e+00 0.000000000000000000e+00
1.189675673160432573e-01 1.359805774352429886e+00 0.000000000000000000e+00
9.940294857042746013e-02 1.421528725674200633e+00 0.000000000000000000e+00
7.646280667146782006e-02 1.458997717228170954e+00 0.000000000000000000e+00
4.987135857659816957e-02 1.428129512625290642e+00 0.000000000000000000e+00
2.598660885421806219e-02 1.488773181313600036e+00 0.000000000000000000e+00
-3.754016027506822811e-02 2.150672414579098302e+00 0.000000000000000000e+00
-2.938143239557975961e-01 4.201739668667983985e+00 0.000000000000000000e+00
-4.404830304340685010e-01 4.190915484326247942e+00 0.000000000000000000e+00
-5.144105843339700224e-01 4.189537491551138970e+00 0.000000000000000000e+00
-5.885631182217049284e-01 4.187843744723790174e+00 0.000000000000000000e+00
-6.634386546535607776e-01 4.188786416123358336e+00 0.000000000000000000e+00
-7.357473869556869772e-01 4.172630427633226446e+00 0.000000000000000000e+00
-8.120831520071706278e-01 4.177805322343759009e+00 0.000000000000000000e+00
-8.923569983218521129e-01 4.198209310619077428e+00 0.000000000000000000e+00
-1.035183801828994499e+00 4.151895209597151748e+00 0.000000000000000000e+00
-1.155441432545404101e+00 3.355645432991411159e+00 0.000000000000000000e+00
-1.020966424855981547e+00 2.093291317888634318e+00 0.000000000000000000e+00
-1.125442517192050795e+00 2.208805241395194852e+00 0.000000000000000000e+00
-1.169923209189654756e+00 2.200305478322401420e+00 0.000000000000000000e+00
-1.084034363637496723e+00 1.955649705699430418e+00 0.000000000000000000e+00
-1.138749187891075154e+00 1.895196859236553122e+00 0.000000000000000000e+00
-2.839581649265976004e+00 4.209852818627878968e+00 0.000000000000000000e+00
-2.988333302384302392e+00 4.267782149003435777e+00 0.000000000000000000e+00
-2.071355218686095956e+00 2.850975808496300168e+00 0.000000000000000000e+00
-1.499714329142427749e+00 1.608246688439524341e+00 0.000000000000000000e+00
-2.942819207957592553e+00 2.841847421084525482e+00 0.000000000000000000e+00
-2.953797818160709632e+00 1.918218698013399504e+00 0.000000000000000000e+00
-1.741367893389679677e+00 9.652559680861485525e-01 0.000000000000000000e+00
-6.698502395081969318e+00 1.060938519757167464e+00 0.000000000000000000e+00
-6.720949564520589448e+00 9.445678296784485450e-01 0.000000000000000000e+00
-6.742366231469635096e+00 8.278584460363090924e-01 0.000000000000000000e+00
-6.738880388905258201e+00 7.082848397422941700e-01 0.000000000000000000e+00
-7.352000236511229581e+00 -2.649476006886297420e-08 0.000000000000000000e+00
