-7.256894461859337397e+00 -1.266699425016891978e-01 0.000000000000000000e+00
-7.231592072175125452e+00 -2.525331363498360959e-01 0.000000000000000000e+00
-4.434913736551346020e+00 -2.324242109153387970e-01 0.000000000000000000e+00
-3.966314719884306061e+00 -2.773519497260190092e-01 0.000000000000000000e+00
-3.044874311053991534e+00 -9.309116644727649659e-01 0.000000000000000000e+00
-3.007240599590170316e+00 -9.771118678290136028e-01 0.000000000000000000e+00
-2.944056831018472931e+00 -1.071549219753981319e+00 0.000000000000000000e+00
-2.961316992548736149e+00 -1.136743257747413915e+00 0.000000000000000000e+00
-3.794963381022303572e+00 -1.533264949654452369e+00 0.000000000000000000e+00
-3.797082441247204176e+00 -1.611766091705669535e+00 0.000000000000000000e+00
-3.793954091251199756e+00 -1.689177415063994880e+00 0.000000000000000000e+00
-3.827337742335701343e+00 -1.784717127429102046e+00 0.000000000000000000e+00
-3.815380532943593028e+00 -1.860885653991583233e+00 0.000000000000000000e+00
-2.944776548964500584e+00 -1.500438775136737624e+00 0.000000000000000000e+00
-3.789727249604641912e+00 -2.100680356550243211e+00 0.000000000000000000e+00
-3.740677858125036614e+00 -2.247626258222510387e+00 0.000000000000000000e+00
-3.589787315250514865e+00 -2.243148312509614772e+00 0.000000000000000000e+00
-3.449451868467290794e+00 -2.240100470241039865e+00 0.000000000000000000e+00
-3.302885555957757013e+00 -2.227824666773353002e+00 0.000000000000000000e+00
-2.981713427881957035e+00 -2.087818430249822832e+00 0.000000000000000000e+00
-2.678623478395470325e+00 -2.018487769376942076e+00 0.000000000000000000e+00
-2.867570978670849868e+00 -2.240392206304699929e+00 0.000000000000000000e+00
-2.762753839703306902e+00 -2.237234162051068509e+00 0.000000000000000000e+00
-2.662770433625053279e+00 -2.234329901430873733e+00 0.000000000000000000e+00
-2.538088151844451357e+00 -2.206326578047421272e+00 0.000000000000000000e+00
-2.445689435822646640e+00 -2.202108865465949972e+00 0.000000000000000000e+00
-2.353496062413467982e+00 -2.194670787801817458e+00 0.000000000000000000e+00
-2.227386325285983570e+00 -2.227386531059176278e+00 0.000000000000000000e+00
-2.148578192309417378e+00 -2.224918054754199126e+00 0.000000000000000000e+00
-2.060316881850743354e+00 -2.209419560246359993e+00 0.000000000000000000e+00
-1.982633925387524476e+00 -2.201938252606972846e+00 0.000000000000000000e+00
-1.908475562553275218e+00 -2.195450195532770987e+00 0.000000000000000000e+00
-1.835158538370004644e+00 -2.187056983244212383e+00 0.000000000000000000e+00
-1.779718009365253595e+00 -2.197768913127056578e+00 0.000000000000000000e+00
-1.715232779145970499e+00 -2.195398047675504394e+00 0.000000000000000000e+00
-1.614058233150827304e+00 -2.221560780808689906e+00 0.000000000000000000e+00
-1.585938805121441808e+00 -2.264955559504439719e+00 0.000000000000000000e+00
-1.594818053932164359e+00 -2.364415226641146894e+00 0.000000000000000000e+00
2.184327447472619532e+00 -3.495654358596479216e+00 0.000000000000000000e+00
2.201975859935161317e+00 -3.390745213269510394e+00 0.000000000000000000e+00
2.152333585973910335e+00 -3.190965521357987278e+00 0.000000000000000000e+00
2.105599206411095992e+00 -3.007107083222756216e+00 0.000000000000000000e+00
2.163026659539663221e+00 -2.488277359408842759e+00 0.000000000000000000e+00
2.119136748380824109e+00 -2.353539630432254448e+00 0.000000000000000000e+00
2.106693002602872955e+00 -2.259151502289940439e+00 0.000000000000000000e+00
2.148897605415859502e+00 -2.148897459189143877e+00 0.000000000000000000e+00
2.131403940688102683e+00 -2.058272720513639964e+00 0.000000000000000000e+00
2.128239401471613057e+00 -1.984615214483242296e+00 0.000000000000000000e+00
2.191534068789164902e+00 -1.973266005348697005e+00 0.000000000000000000e+00
2.273185385132539427e+00 -1.976049774265323355e+00 0.000000000000000000e+00
2.367077329723100032e+00 -1.986213579824011033e+00 0.000000000000000000e+00
2.466661367274833871e+00 -1.997462854872622540e+00 0.000000000000000000e+00
2.579947218370022277e+00 -2.015675541430215656e+00 0.000000000000000000e+00
2.723960368313806502e+00 -1.979072915644178421e+00 0.000000000000000000e+00
2.844095867528681154e+00 -1.991457227354865855e+00 0.000000000000000000e+00
2.936451192290317813e+00 -1.980661199482346868e+00 0.000000000000000000e+00
3.017536808552083283e+00 -1.959611177221290079e+00 0.000000000000000000e+00
3.157283167703358373e+00 -1.972889345146380480e+00 0.000000000000000000e+00
3.260664389806099628e+00 -1.959204681107307167e+00 0.000000000000000000e+00
3.319475386122884064e+00 -1.916499866134621755e+00 0.000000000000000000e+00
3.422304863655391660e+00 -1.819671634757634937e+00 0.000000000000000000e+00
3.507892774482184173e+00 -1.787360503112475296e+00 0.000000000000000000e+00
3.526867914071673660e+00 -1.720168279932825506e+00 0.000000000000000000e+00
3.571759027046389257e+00 -1.665538451205149650e+00 0.000000000000000000e+00
3.641392300479683986e+00 -1.621252170570494311e+00 0.000000000000000000e+00
3.664529820731055487e+00 -1.555500487867536918e+00 0.000000000000000000e+00
3.804340104857660609e+00 -1.460349208950552091e+00 0.000000000000000000e+00
3.855559020226751343e+00 -1.403308586018986004e+00 0.000000000000000000e+00
3.939030322726758016e+00 -1.356316775278353592e+00 0.000000000000000000e+00
3.987779859804779559e+00 -1.295708086782376478e+00 0.000000000000000000e+00
4.043256702454995910e+00 -1.236147493265760566e+00 0.000000000000000000e+00
4.126696708965763349e+00 -1.183311105282397691e+00 0.000000000000000000e+00
4.180527076072801052e+00 -1.120168719694742743e+00 0.000000000000000000e+00
4.232663456637493660e+00 -9.771872234788655520e-01 0.000000000000000000e+00
1.048574260694832283e+00 -2.228813071104509269e-01 0.000000000000000000e+00
1.036598306033164052e+00 -2.014942675219670021e-01 0.000000000000000000e+00
1.033063362664319751e+00 -1.821569124181545152e-01 0.000000000000000000e+00
1.043986621333238052e+00 -1.653512055236195377e-01 0.000000000000000000e+00
1.039781429199916563e+00 -1.461317191959963513e-01 0.000000000000000000e+00
1.039195874622231841e+00 -1.275971786867541591e-01 0.000000000000000000e+00
1.039031055610137866e+00 -9.090340845710476181e-02 0.000000000000000000e+00
1.040459289368800055e+00 -7.275597128489802445e-02 0.000000000000000000e+00
1.040572031997354596e+00 -5.453403980471051987e-02 0.000000000000000000e+00
1.044363372374573995e+00 -3.646994309481903923e-02 0.000000000000000000e+00
1.041841354168198563e+00 -1.818537922342860005e-02 0.000000000000000000e+00
1.046000003814696822e+00 2.922490249801512288e-08 0.000000000000000000e+00
1.047840362084182075e+00 1.829015069811706917e-02 0.000000000000000000e+00
5.244194171725218290e+00 3.667099240291087914e-01 0.000000000000000000e+00
5.158296107813895581e+00 4.512925742541951668e-01 0.000000000000000000e+00
5.149634332977071516e+00 5.412485197104487389e-01 0.000000000000000000e+00
5.139403929661096271e+00 6.310395956269606588e-01 0.000000000000000000e+00
5.133549664089199993e+00 7.214734953778821902e-01 0.000000000000000000e+00
8.501033858153164147e+00 1.346431722674393816e+00 0.000000000000000000e+00
5.272657424135269721e+00 1.713190397272999377e+00 0.000000000000000000e+00
3.826008147349457822e+00 2.580675210838488276e+00 0.000000000000000000e+00
3.822982378581274876e+00 2.676881212147944389e+00 0.000000000000000000e+00
3.700876749449965697e+00 2.788810796570544870e+00 0.000000000000000000e+00
3.601997168723520382e+00 2.814188746909271899e+00 0.000000000000000000e+00
4.689439969150264176e+00 4.372973710755744037e+00 0.000000000000000000e+00
4.427902626358031668e+00 4.427902819907814091e+00 0.000000000000000000e+00
4.020136518315000629e+00 4.464814121158942939e+00 0.000000000000000000e+00
3.834008781314691916e+00 4.410522764899793557e+00 0.000000000000000000e+00
3.667745912664323704e+00 4.371049556151759496e+00 0.000000000000000000e+00
3.555030902282470429e+00 4.390097741525638142e+00 0.000000000000000000e+00
3.413227219452259931e+00 4.368731806598728618e+00 0.000000000000000000e+00
3.215773138294990119e+00 4.426132199989255334e+00 0.000000000000000000e+00
3.063471702793814977e+00 4.375091196981166775e+00 0.000000000000000000e+00
1.063025690196035100e+00 1.576000466054536808e+00 0.000000000000000000e+00
9.877694570509432115e-01 1.580761639546161890e+00 0.000000000000000000e+00
2.576220290448997474e+00 4.287550765287113208e+00 0.000000000000000000e+00
2.482000027295268030e+00 4.298950348512168063e+00 0.000000000000000000e+00
2.372173448621248681e+00 4.279514383848603387e+00 0.000000000000000000e+00
2.190050033576269595e+00 4.298215409853537672e+00 0.000000000000000000e+00
1.996448576794037422e+00 4.281398003452785872e+00 0.000000000000000000e+00
1.805568391398896910e+00 4.253652789834291958e+00 0.000000000000000000e+00
1.721317138284442327e+00 4.260409649471464277e+00 0.000000000000000000e+00
1.616597798070906311e+00 4.211381480029619873e+00 0.000000000000000000e+00
1.402937064067392381e+00 4.317796573240968883e+00 0.000000000000000000e+00
1.305147278545277345e+00 4.268944669435916772e+00 0.000000000000000000e+00
1.196817326203674536e+00 4.173798312562833068e+00 0.000000000000000000e+00
1.139580148290634920e+00 4.252971315524093576e+00 0.000000000000000000e+00
1.065907829717109623e+00 4.275123122050618285e+00 0.000000000000000000e+00
9.758375593188597374e-01 4.226817183448547510e+00 0.000000000000000000e+00
8.233407528640421802e-01 4.235721366955791822e+00 0.000000000000000000e+00
7.343580879354120183e-01 4.164752090225405823e+00 0.000000000000000000e+00
2.133765816095249956e-01 1.347206863461331006e+00 0.000000000000000000e+00
1.835692989495018301e-01 1.306163591430240745e+00 0.000000000000000000e+00
1.633049019954409542e-01 1.330011879059322943e+00 0.000000000000000000e+00
1.188804075168900104e-01 1.358809533100685085e+00 0.000000000000000000e+00
9.870538466096337449e-02 1.411553094673735576e+00 0.000000000000000000e+00
7.646280667146782006e-02 1.458997717228170954e+00 0.000000000000000000e+00
4.987135857659816957e-02 1.428129512625290642e+00 0.000000000000000000e+00
2.464277440038331601e-02 1.411784886834013264e+00 0.000000000000000000e+00
-3.760996906458184685e-02 2.154671753868062645e+00 0.000000000000000000e+00
-2.931865277959509464e-01 4.192761767273830209e+00 0.000000000000000000e+00
-4.402739387870046039e-01 4.188926110478043086e+00 0.000000000000000000e+00
-5.139230841216495538e-01 4.185567121424909054e+00 0.000000000000000000e+00
-5.887022812500494195e-01 4.188833941016602225e+00 0.000000000000000000e+00
-6.632821569186256871e-01 4.187798328405447634e+00 0.000000000000000000e+00
-7.386994406630306154e-01 4.189372354742525673e+00 0.000000000000000000e+00
-8.160901237354549753e-01 4.198419403268268901e+00 0.000000000000000000e+00
-8.909016227342086980e-01 4.191362307285229072e+00 0.000000000000000000e+00
-9.632404877589137993e-01 4.172252667099169088e+00 0.000000000000000000e+00
-1.153813554452380430e+00 3.350917731928893861e+00 0.000000000000000000e+00
-1.046830329855499286e+00 2.146320180017792456e+00 0.000000000000000000e+00
-1.145418058957644369e+00 2.248009448342729311e+00 0.000000000000000000e+00
-1.169453659712486937e+00 2.199422384219437365e+00 0.000000000000000000e+00
-1.089499972517319115e+00 1.887069256187767108e+00 0.000000000000000000e+00
-1.146989813948531278e+00 1.908911563745943063e+00 0.000000000000000000e+00
-1.200797091929254101e+00 1.921676999644845507e+00 0.000000000000000000e+00
-2.031607801312768302e+00 2.901436563753061915e+00 0.000000000000000000e+00
-1.159906200659804210e+00 1.484612203121642215e+00 0.000000000000000000e+00
-2.969434566778684559e+00 2.867549573844176525e+00 0.000000000000000000e+00
-1.254271633703207822e+00 1.169627198459444628e+00 0.000000000000000000e+00
-3.909890937378311282e+00 3.280787983454168444e+00 0.000000000000000000e+00
-1.891863804798094240e+00 1.276078226469526955e+00 0.000000000000000000e+00
-2.938486594954543119e+00 1.836170181782122546e+00 0.000000000000000000e+00
-6.738054659510938293e+00 1.188100799529891782e+00 0.000000000000000000e+00
-6.720949564520589448e+00 9.445678296784485450e-01 0.000000000000000000e+00
-6.703656897457629604e+00 8.231055376355895792e-01 0.000000000000000000e+00
-6.718989969957663178e+00 7.061942725584784419e-01 0.000000000000000000e+00
-6.737264757117647385e+00 5.894342603660466251e-01 0.000000000000000000e+00
-7.397999763488768643e+00 -2.666053079673898830e-08 0.000000000000000000e+00
