-7.234897976592916002e+00 -1.262859912759161096e-01 0.000000000000000000e+00
-3.949579723028441958e+00 -2.069889078126559145e-01 0.000000000000000000e+00
-3.970832109470742832e+00 -3.474030008051112728e-01 0.000000000000000000e+00
-3.106797864803710674e+00 -8.908601207081342510e-01 0.000000000000000000e+00
-3.031017102812314068e+00 -9.848373233436131802e-01 0.000000000000000000e+00
-2.991620754455166953e+00 -1.030097800583875900e+00 0.000000000000000000e+00
-2.966609611234710453e+00 -1.079757761718720621e+00 0.000000000000000000e+00
-2.993058874242337630e+00 -1.148927826334366298e+00 0.000000000000000000e+00
-3.715225602950186889e+00 -1.501048791550611217e+00 0.000000000000000000e+00
-3.809049014626688656e+00 -1.616845601435941804e+00 0.000000000000000000e+00
-3.766615201506410049e+00 -1.756401738003105839e+00 0.000000000000000000e+00
-3.801898742571681478e+00 -1.854310144661231785e+00 0.000000000000000000e+00
-3.804597747027825161e+00 -1.938539610228075860e+00 0.000000000000000000e+00
-3.803720984377683134e+00 -2.108437211283145096e+00 0.000000000000000000e+00
-3.904042322375360197e+00 -2.254000136753018690e+00 0.000000000000000000e+00
-3.502288282168779521e+00 -2.274412842087858877e+00 0.000000000000000000e+00
-3.397395904183938775e+00 -2.291572708137920245e+00 0.000000000000000000e+00
-3.249576057764367309e+00 -2.275377881877252317e+00 0.000000000000000000e+00
-2.878482437820498063e+00 -2.091340115692051249e+00 0.000000000000000000e+00
-2.688206980789261014e+00 -2.025709457130253632e+00 0.000000000000000000e+00
-2.856538876623008427e+00 -2.231772982707103559e+00 0.000000000000000000e+00
-2.737885119485438778e+00 -2.217095867557238531e+00 0.000000000000000000e+00
-2.631362514797715768e+00 -2.207975525818366425e+00 0.000000000000000000e+00
-2.520729830764995683e+00 -2.191237218318109914e+00 0.000000000000000000e+00
-2.391526486728653644e+00 -2.230134735511445143e+00 0.000000000000000000e+00
-2.291816579555076672e+00 -2.213181749977424673e+00 0.000000000000000000e+00
-2.208294309554621915e+00 -2.208294513564032169e+00 0.000000000000000000e+00
-2.127043854074873508e+00 -2.202618592669590925e+00 0.000000000000000000e+00
-2.053496905090007818e+00 -2.202106029891718997e+00 0.000000000000000000e+00
-1.972596896607935690e+00 -2.190791001806261296e+00 0.000000000000000000e+00
-1.898634765228540244e+00 -2.184129652144789269e+00 0.000000000000000000e+00
-1.821017163909194547e+00 -2.170203947868502237e+00 0.000000000000000000e+00
-1.741090593666340780e+00 -2.228494544084255402e+00 0.000000000000000000e+00
-1.676656562166957354e+00 -2.224998617288717728e+00 0.000000000000000000e+00
-1.612882607784558164e+00 -2.219942671156271086e+00 0.000000000000000000e+00
-1.604293150354375364e+00 -2.291168283565513164e+00 0.000000000000000000e+00
-1.610475519252739574e+00 -2.387628375829730754e+00 0.000000000000000000e+00
2.176378476120606198e+00 -3.482933346284348808e+00 0.000000000000000000e+00
2.176377731429700813e+00 -3.351327555120840351e+00 0.000000000000000000e+00
2.138353709322351914e+00 -3.170239503477364718e+00 0.000000000000000000e+00
2.084950446001176960e+00 -2.977617599421956029e+00 0.000000000000000000e+00
2.147937300021567353e+00 -2.470919038145780622e+00 0.000000000000000000e+00
2.123151560250331471e+00 -2.357998530430489570e+00 0.000000000000000000e+00
2.109420961021612584e+00 -2.262076879339309343e+00 0.000000000000000000e+00
2.132634147546527359e+00 -2.132634002426496256e+00 0.000000000000000000e+00
2.127087871560124910e+00 -2.054104741288125702e+00 0.000000000000000000e+00
2.120194396114970736e+00 -1.977113126127791443e+00 0.000000000000000000e+00
2.185588986546947332e+00 -1.967913029616016996e+00 0.000000000000000000e+00
2.268657095850527217e+00 -1.972113392713667812e+00 0.000000000000000000e+00
2.370141650770476005e+00 -1.988784850310536090e+00 0.000000000000000000e+00
2.461221369114939606e+00 -1.993057631521283568e+00 0.000000000000000000e+00
2.613135513150012468e+00 -1.969138714438400273e+00 0.000000000000000000e+00
2.715061054631210169e+00 -1.972607186229785370e+00 0.000000000000000000e+00
2.819521329073948923e+00 -1.974249951477379028e+00 0.000000000000000000e+00
2.938938322456466246e+00 -1.982338789844170890e+00 0.000000000000000000e+00
3.021730057503627442e+00 -1.962334304737425095e+00 0.000000000000000000e+00
3.155586992218201825e+00 -1.971829457146344611e+00 0.000000000000000000e+00
3.274379094675698987e+00 -1.967445306565274388e+00 0.000000000000000000e+00
3.330733726490928248e+00 -1.922999871496449575e+00 0.000000000000000000e+00
3.426719702739491336e+00 -1.822019046158259048e+00 0.000000000000000000e+00
3.474034430848279786e+00 -1.770108816700542986e+00 0.000000000000000000e+00
3.497207716946021616e+00 -1.705702036366249841e+00 0.000000000000000000e+00
3.543663576856110886e+00 -1.652437328693387553e+00 0.000000000000000000e+00
3.592974414946677353e+00 -1.599695140858402809e+00 0.000000000000000000e+00
3.665450478344601137e+00 -1.555891283805102665e+00 0.000000000000000000e+00
3.811809097367900190e+00 -1.463216286289420465e+00 0.000000000000000000e+00
3.857438269272853937e+00 -1.403992576669324643e+00 0.000000000000000000e+00
3.942812573805376530e+00 -1.357619108636044958e+00 0.000000000000000000e+00
3.995388667553515294e+00 -1.298180338029287562e+00 0.000000000000000000e+00
4.036562598285475367e+00 -1.234100900457594685e+00 0.000000000000000000e+00
4.122851482469623186e+00 -1.182208504452701758e+00 0.000000000000000000e+00
4.167970029176068181e+00 -1.116804069522766563e+00 0.000000000000000000e+00
4.222919997523082003e+00 -9.749377690025922139e-01 0.000000000000000000e+00
1.046617990667596976e+00 -2.224654891402078616e-01 0.000000000000000000e+00
1.035616632972622186e+00 -2.013034496389657646e-01 0.000000000000000000e+00
1.033063362664319751e+00 -1.821569124181545152e-01 0.000000000000000000e+00
1.042011152333490953e+00 -1.650383220307586885e-01 0.000000000000000000e+00
1.038791232901021377e+00 -1.459925562109347374e-01 0.000000000000000000e+00
1.039195874622231841e+00 -1.275971786867541591e-01 0.000000000000000000e+00
1.039031055610137866e+00 -9.090340845710476181e-02 0.000000000000000000e+00
1.038464186950789792e+00 -7.261646019040508826e-02 0.000000000000000000e+00
1.041570589153674842e+00 -5.458637193937833365e-02 0.000000000000000000e+00
1.040365860529601338e+00 -3.633034701804784689e-02 0.000000000000000000e+00
1.042841129395635669e+00 -1.820283033686002222e-02 0.000000000000000000e+00
1.047000050544738325e+00 2.925284348087586419e-08 0.000000000000000000e+00
1.048840256501777368e+00 1.830760394790757056e-02 0.000000000000000000e+00
5.292077105245970969e+00 3.700582262350718410e-01 0.000000000000000000e+00
5.179216105219573762e+00 4.531228374429055461e-01 0.000000000000000000e+00
5.181459098032712873e+00 5.445934381770267674e-01 0.000000000000000000e+00
5.153299515157810262e+00 6.327457593714057582e-01 0.000000000000000000e+00
5.221683272554714428e+00 7.338598686908132107e-01 0.000000000000000000e+00
8.438066948427733749e+00 1.640194293601577424e+00 0.000000000000000000e+00
5.471427886106361882e+00 1.777774841001816375e+00 0.000000000000000000e+00
3.800865314367500858e+00 2.661394676297446082e+00 0.000000000000000000e+00
3.685702632369606491e+00 2.777376278642212704e+00 0.000000000000000000e+00
3.606725266227176707e+00 2.817882741703219729e+00 0.000000000000000000e+00
4.569246484848886958e+00 4.412470233931875541e+00 0.000000000000000000e+00
4.429316737388362846e+00 4.429316930999958046e+00 0.000000000000000000e+00
4.102901898677160375e+00 4.399823806849062713e+00 0.000000000000000000e+00
3.948539629373749804e+00 4.385297716847894378e+00 0.000000000000000000e+00
3.814983197576470086e+00 4.388636333496221731e+00 0.000000000000000000e+00
3.660032407597898718e+00 4.361856958381953753e+00 0.000000000000000000e+00
3.514754316679309820e+00 4.340360298349187573e+00 0.000000000000000000e+00
3.417536830875705256e+00 4.374247857915906756e+00 0.000000000000000000e+00
3.216948623561716847e+00 4.427750116728379481e+00 0.000000000000000000e+00
3.068060255073707054e+00 4.381644329059500187e+00 0.000000000000000000e+00
1.033180192820987164e+00 1.590958050705641114e+00 0.000000000000000000e+00
9.708120699470049741e-01 1.553624146227761127e+00 0.000000000000000000e+00
2.576735291177224774e+00 4.288407870471254490e+00 0.000000000000000000e+00
2.476499949282860769e+00 4.289423933512870768e+00 0.000000000000000000e+00
2.290551758335134025e+00 4.307901515396427072e+00 0.000000000000000000e+00
2.195043999888333541e+00 4.308016621072328967e+00 0.000000000000000000e+00
2.123469690874664195e+00 4.353758277797738607e+00 0.000000000000000000e+00
1.990954534780571938e+00 4.269615991744219130e+00 0.000000000000000000e+00
1.819634809773198469e+00 4.286791196579696539e+00 0.000000000000000000e+00
1.722815634610105118e+00 4.264118558227182554e+00 0.000000000000000000e+00
1.525409774847298339e+00 4.191029152734601304e+00 0.000000000000000000e+00
1.381614964557385195e+00 4.252173894535982157e+00 0.000000000000000000e+00
1.299884551366104812e+00 4.251731063349050821e+00 0.000000000000000000e+00
1.214182534262086000e+00 4.234357994065275577e+00 0.000000000000000000e+00
1.136992022187097051e+00 4.243312296721584609e+00 0.000000000000000000e+00
1.052118243884830218e+00 4.219816109951153749e+00 0.000000000000000000e+00
9.017129070795197876e-01 4.242226055589572553e+00 0.000000000000000000e+00
8.235315480127856080e-01 4.236702922994932230e+00 0.000000000000000000e+00
2.455385053377004412e-01 1.392518200774483406e+00 0.000000000000000000e+00
2.125944101141581943e-01 1.342268426454732433e+00 0.000000000000000000e+00
1.835692989495018301e-01 1.306163591430240745e+00 0.000000000000000000e+00
1.402771763703251351e-01 1.334648393498026664e+00 0.000000000000000000e+00
1.191418765245775280e-01 1.361798138100257294e+00 0.000000000000000000e+00
9.947270828762096173e-02 1.422526336341807918e+00 0.000000000000000000e+00
7.646280667146782006e-02 1.458997717228170954e+00 0.000000000000000000e+00
4.966196022813671590e-02 1.422133125723708869e+00 0.000000000000000000e+00
2.568991891420422530e-02 1.471775810539442952e+00 0.000000000000000000e+00
-3.750525379982058011e-02 2.148672625743482723e+00 0.000000000000000000e+00
-2.212764964588331551e-01 4.222205833349361725e+00 0.000000000000000000e+00
-3.676229806890110585e-01 4.201949166398370572e+00 0.000000000000000000e+00
-4.411101558460728267e-01 4.196882183195880245e+00 0.000000000000000000e+00
-5.158729687472546344e-01 4.201447655364056288e+00 0.000000000000000000e+00
-5.880063997454142433e-01 4.183882487355930380e+00 0.000000000000000000e+00
-6.634386546535607776e-01 4.188786416123358336e+00 0.000000000000000000e+00
-7.376575442252569781e-01 4.183463466915298135e+00 0.000000000000000000e+00
-8.124647423665808388e-01 4.179768434410003231e+00 0.000000000000000000e+00
-9.661648542172589504e-01 4.184919489051174502e+00 0.000000000000000000e+00
-1.035909630310594798e+00 4.154806348460049037e+00 0.000000000000000000e+00
-1.158371566539946995e+00 3.364155159646426529e+00 0.000000000000000000e+00
-1.459274349281409311e+00 3.801539502753796818e+00 0.000000000000000000e+00
-9.828281809500231114e-01 2.015096332329610274e+00 0.000000000000000000e+00
-1.125442517192050795e+00 2.208805241395194852e+00 0.000000000000000000e+00
-1.172739946398934530e+00 2.205602990384638140e+00 0.000000000000000000e+00
-1.084519138129470761e+00 1.956524262009046167e+00 0.000000000000000000e+00
-1.170591734755081825e+00 1.873338324828097701e+00 0.000000000000000000e+00
-2.865304525384945844e+00 4.247988549840487238e+00 0.000000000000000000e+00
-2.983171215024697176e+00 4.260409924403408155e+00 0.000000000000000000e+00
-2.024920185300279840e+00 2.787063469533186399e+00 0.000000000000000000e+00
-1.486756486341304306e+00 1.594351103547604787e+00 0.000000000000000000e+00
-2.946249730221639940e+00 1.913316912478197018e+00 0.000000000000000000e+00
-2.970712513349485384e+00 1.856307170168912224e+00 0.000000000000000000e+00
-1.710756128442910029e+00 9.482875899963225663e-01 0.000000000000000000e+00
-6.718256143070294506e+00 1.064067205978997732e+00 0.000000000000000000e+00
-6.695202572050916956e+00 9.409493259887008465e-01 0.000000000000000000e+00
-6.707626794310417750e+00 8.235929796591531238e-01 0.000000000000000000e+00
-6.713022796850884433e+00 7.055670974190283440e-01 0.000000000000000000e+00
-7.339000225067137784e+00 -2.644791129668895103e-08 0.000000000000000000e+00
