-7.259894264301983036e+00 -1.267223044045559799e-01 0.000000000000000000e+00
-4.078403119325587411e+00 -2.137402626327118416e-01 0.000000000000000000e+00
-3.958334072419226413e+00 -2.767938880766447896e-01 0.000000000000000000e+00
-4.051955016771439766e+00 -1.010266068781723092e+00 0.000000000000000000e+00
-3.073563425934426885e+00 -9.396828086834274618e-01 0.000000000000000000e+00
-3.012946978503447948e+00 -9.789659830465498036e-01 0.000000000000000000e+00
-2.983111027907113133e+00 -1.027167666278695046e+00 0.000000000000000000e+00
-2.968488860225946713e+00 -1.080441752519803789e+00 0.000000000000000000e+00
-3.791559373615833728e+00 -1.609421688267455908e+00 0.000000000000000000e+00
-3.793040612026586267e+00 -1.688770707856096287e+00 0.000000000000000000e+00
-3.811930330528301880e+00 -1.777532532393797604e+00 0.000000000000000000e+00
-3.816279261824601754e+00 -1.861323993409383482e+00 0.000000000000000000e+00
-2.970615776613357628e+00 -1.513604520801740350e+00 0.000000000000000000e+00
-3.726754609023627651e+00 -2.065774047901662858e+00 0.000000000000000000e+00
-3.670215486381333658e+00 -2.119000135014720954e+00 0.000000000000000000e+00
-3.762964226918395383e+00 -2.261017261030084935e+00 0.000000000000000000e+00
-3.579611071611354056e+00 -2.236789489063474967e+00 0.000000000000000000e+00
-3.456161146422119135e+00 -2.244457526745865295e+00 0.000000000000000000e+00
-3.361747106283942355e+00 -2.267527287866190289e+00 0.000000000000000000e+00
-2.719915032144713862e+00 -1.976134140427503461e+00 0.000000000000000000e+00
-2.922207163187859003e+00 -2.202041259644906823e+00 0.000000000000000000e+00
-2.771302381215561272e+00 -2.244156635140087008e+00 0.000000000000000000e+00
-2.671196859340084995e+00 -2.241400512813489065e+00 0.000000000000000000e+00
-2.562993561222071115e+00 -2.227976522162664619e+00 0.000000000000000000e+00
-2.456093594764382715e+00 -2.211476813132456254e+00 0.000000000000000000e+00
-2.363003668492264175e+00 -2.203536774729224046e+00 0.000000000000000000e+00
-2.281026407570971859e+00 -2.202761801048102264e+00 0.000000000000000000e+00
-2.192738077075212733e+00 -2.192738279647487687e+00 0.000000000000000000e+00
-2.078730965445693801e+00 -2.229166249135376532e+00 0.000000000000000000e+00
-1.998023929827453582e+00 -2.219030585715036086e+00 0.000000000000000000e+00
-1.920284707042941186e+00 -2.209035063522501119e+00 0.000000000000000000e+00
-1.847371536620136201e+00 -2.201611869130542409e+00 0.000000000000000000e+00
-1.781605983636268098e+00 -2.200100367402275658e+00 0.000000000000000000e+00
-1.723236384907391727e+00 -2.205642196852584114e+00 0.000000000000000000e+00
-1.657398443551325151e+00 -2.199442228307074032e+00 0.000000000000000000e+00
-1.631104030197693122e+00 -2.245022309902976687e+00 0.000000000000000000e+00
-1.588107692605922105e+00 -2.354466705894901590e+00 0.000000000000000000e+00
2.209763498817513661e+00 -3.536360546605124000e+00 0.000000000000000000e+00
2.217770286858269824e+00 -3.415066496013928532e+00 0.000000000000000000e+00
2.206575368727092812e+00 -3.271382265170529990e+00 0.000000000000000000e+00
2.125674431928076924e+00 -3.035777474371080586e+00 0.000000000000000000e+00
2.192549367071445765e+00 -2.522239347078202965e+00 0.000000000000000000e+00
2.115121936511316747e+00 -2.349080730434019326e+00 0.000000000000000000e+00
2.107374951557286380e+00 -2.259882802960206494e+00 0.000000000000000000e+00
2.108982896588271316e+00 -2.183915571391919386e+00 0.000000000000000000e+00
2.094450281608260855e+00 -2.094450139086539320e+00 0.000000000000000000e+00
2.091120914666943165e+00 -2.019371857107932655e+00 0.000000000000000000e+00
2.179643904304729762e+00 -1.962560053883337208e+00 0.000000000000000000e+00
2.268657095850527217e+00 -1.972113392713667812e+00 0.000000000000000000e+00
2.364779180257184255e+00 -1.984285203585368640e+00 0.000000000000000000e+00
2.453449916702798550e+00 -1.986764433870561231e+00 0.000000000000000000e+00
2.542122812442242807e+00 -1.986123878762511286e+00 0.000000000000000000e+00
2.676227716963373027e+00 -2.016682096893282594e+00 0.000000000000000000e+00
2.843276774837177889e+00 -1.990883692517664727e+00 0.000000000000000000e+00
2.935622017129625227e+00 -1.980101913813758330e+00 0.000000000000000000e+00
3.042696902125297864e+00 -1.975950331874274379e+00 0.000000000000000000e+00
3.137778059480973880e+00 -1.960701201687629069e+00 0.000000000000000000e+00
3.264093219296960058e+00 -1.961264929567778426e+00 0.000000000000000000e+00
3.320341555250345245e+00 -1.916999949076573673e+00 0.000000000000000000e+00
3.424070841391254394e+00 -1.820610621704031651e+00 0.000000000000000000e+00
3.467797412269931989e+00 -1.766930897254084476e+00 0.000000000000000000e+00
3.516981253126190587e+00 -1.715346233582573321e+00 0.000000000000000000e+00
3.563602199798650005e+00 -1.661734860504300526e+00 0.000000000000000000e+00
3.642305779736922045e+00 -1.621658877705117519e+00 0.000000000000000000e+00
3.693065597976276759e+00 -1.567613205623444195e+00 0.000000000000000000e+00
3.737478291769499972e+00 -1.510039113963269175e+00 0.000000000000000000e+00
3.831414201084132998e+00 -1.470741979816883260e+00 0.000000000000000000e+00
3.946594374025599983e+00 -1.358921286750756519e+00 0.000000000000000000e+00
3.996339655147334469e+00 -1.298489332597458468e+00 0.000000000000000000e+00
4.053775748434731874e+00 -1.239363488013633496e+00 0.000000000000000000e+00
4.087284627067545806e+00 -1.172009873938903102e+00 0.000000000000000000e+00
4.159276866166534248e+00 -1.114474743793907541e+00 0.000000000000000000e+00
4.194588411474162726e+00 -1.045828218468118465e+00 0.000000000000000000e+00
1.051508724037826248e+00 -2.235050464583162588e-01 0.000000000000000000e+00
1.041506437297713639e+00 -2.024483114445705667e-01 0.000000000000000000e+00
1.039956986917062620e+00 -1.833724441605754096e-01 0.000000000000000000e+00
1.036085098559127227e+00 -1.640997274974901887e-01 0.000000000000000000e+00
1.037800918552972629e+00 -1.458533766351500782e-01 0.000000000000000000e+00
1.038203282085347290e+00 -1.274753036770616410e-01 0.000000000000000000e+00
1.038280891303943854e+00 -1.091276888902157211e-01 0.000000000000000000e+00
1.037038691860189488e+00 -9.072909927281350151e-02 0.000000000000000000e+00
1.039573355795116782e+00 -5.448170143111392277e-02 0.000000000000000000e+00
1.040365860529601338e+00 -3.633034701804784689e-02 0.000000000000000000e+00
1.042841129395635669e+00 -1.820283033686002222e-02 0.000000000000000000e+00
1.047000050544738325e+00 2.925284348087586419e-08 0.000000000000000000e+00
1.047840362084182075e+00 1.829015069811706917e-02 0.000000000000000000e+00
1.052358513147670482e+00 3.674919821381672502e-02 0.000000000000000000e+00
5.152418271666340033e+00 3.602923253978928542e-01 0.000000000000000000e+00
5.154607056253732722e+00 5.417711741240227585e-01 0.000000000000000000e+00
5.139403929661096271e+00 6.310395956269606588e-01 0.000000000000000000e+00
5.187024041382501949e+00 7.289888304624604354e-01 0.000000000000000000e+00
3.205099517207190996e+00 1.563231581043750706e+00 0.000000000000000000e+00
3.840930927783892557e+00 2.590740753843306710e+00 0.000000000000000000e+00
3.761546132498804873e+00 2.633863087396845604e+00 0.000000000000000000e+00
3.735231483741081604e+00 2.713804656555460326e+00 0.000000000000000000e+00
3.653757242985401277e+00 2.753303699940811367e+00 0.000000000000000000e+00
1.820704821361024850e+00 1.639370058017081799e+00 0.000000000000000000e+00
4.533998646040442893e+00 4.378431790160367321e+00 0.000000000000000000e+00
4.288125926347145622e+00 4.440484579100362872e+00 0.000000000000000000e+00
3.987349262326217669e+00 4.428400182760122483e+00 0.000000000000000000e+00
3.872060261624451272e+00 4.454295987580515259e+00 0.000000000000000000e+00
3.740380856780642471e+00 4.457612515473582171e+00 0.000000000000000000e+00
3.553142777913048445e+00 4.387766102010325575e+00 0.000000000000000000e+00
3.442778882580210364e+00 4.406556212166924169e+00 0.000000000000000000e+00
3.296742704658699896e+00 4.374925523527694260e+00 0.000000000000000000e+00
3.082973255110269761e+00 4.402942301265688307e+00 0.000000000000000000e+00
1.004859003877032420e+00 1.547347242185478589e+00 0.000000000000000000e+00
2.597337039431306227e+00 4.322694938941491927e+00 0.000000000000000000e+00
2.485500011916280449e+00 4.305012499979057772e+00 0.000000000000000000e+00
2.370234119588465749e+00 4.276015741497794842e+00 0.000000000000000000e+00
2.275998075951976229e+00 4.280530018478770238e+00 0.000000000000000000e+00
2.072618771965984763e+00 4.249498438307826476e+00 0.000000000000000000e+00
2.001520031194172322e+00 4.292273773054728458e+00 0.000000000000000000e+00
1.900273487357710067e+00 4.268084351514599639e+00 0.000000000000000000e+00
1.821979212835582063e+00 4.292314264370597598e+00 0.000000000000000000e+00
1.727310944960757988e+00 4.275244842378619126e+00 0.000000000000000000e+00
1.639174879368956894e+00 4.270196790903600714e+00 0.000000000000000000e+00
9.757833939341071794e-01 2.680942995229947279e+00 0.000000000000000000e+00
1.299884551366104812e+00 4.251731063349050821e+00 0.000000000000000000e+00
1.217765822818004162e+00 4.246854407177507618e+00 0.000000000000000000e+00
1.142427198077603290e+00 4.263596650737249583e+00 0.000000000000000000e+00
9.780871211787045549e-01 4.236561107151442407e+00 0.000000000000000000e+00
8.994259452897663820e-01 4.231466745374027560e+00 0.000000000000000000e+00
7.472080312999912488e-01 4.237627747709300507e+00 0.000000000000000000e+00
2.141587531048918247e-01 1.352145300467929578e+00 0.000000000000000000e+00
1.835692989495018301e-01 1.306163591430240745e+00 0.000000000000000000e+00
1.623299454051457258e-01 1.322071493738274706e+00 0.000000000000000000e+00
1.417405682452732574e-01 1.348571639356650476e+00 0.000000000000000000e+00
9.856587354219410735e-02 1.409557992257422843e+00 0.000000000000000000e+00
7.646280667146782006e-02 1.458997717228170954e+00 0.000000000000000000e+00
4.990625552778021196e-02 1.429128831017773882e+00 0.000000000000000000e+00
2.467768081255077017e-02 1.413784675670729740e+00 0.000000000000000000e+00
-3.394072508469663195e-08 2.151999950408935103e+00 0.000000000000000000e+00
-2.936748210897174305e-01 4.199744685174973569e+00 0.000000000000000000e+00
-3.679716200113234970e-01 4.205934131394353237e+00 0.000000000000000000e+00
-5.136793630714084902e-01 4.183582173003236981e+00 0.000000000000000000e+00
-5.885631182217049284e-01 4.187843744723790174e+00 0.000000000000000000e+00
-6.632821569186256871e-01 4.187798328405447634e+00 0.000000000000000000e+00
-7.371365546054150508e-01 4.180508788205219872e+00 0.000000000000000000e+00
-8.128464237108167234e-01 4.181732014552562937e+00 0.000000000000000000e+00
-8.890304538758174724e-01 4.182559150546601323e+00 0.000000000000000000e+00
-9.627906182314847072e-01 4.170304068219121696e+00 0.000000000000000000e+00
-1.154790265783894654e+00 3.353754307480565355e+00 0.000000000000000000e+00
-1.216907743651868046e+00 3.343426411300837842e+00 0.000000000000000000e+00
-1.178843082225407457e+00 2.217081319123184624e+00 0.000000000000000000e+00
-1.100999973704354096e+00 1.906987841991890642e+00 0.000000000000000000e+00
-1.177760410695727789e+00 1.507464549355631567e+00 0.000000000000000000e+00
-2.975189554152712024e+00 2.873107100444189488e+00 0.000000000000000000e+00
-1.255002934403282699e+00 1.170309147381892068e+00 0.000000000000000000e+00
-2.963928013702454844e+00 1.852067744346252987e+00 0.000000000000000000e+00
-4.419374470225830187e+00 1.608520729669012939e+00 0.000000000000000000e+00
-6.703440949820675954e+00 1.061720709961065934e+00 0.000000000000000000e+00
-6.731842195967796094e+00 9.460986891421007128e-01 0.000000000000000000e+00
-6.707626794310417750e+00 8.235929796591531238e-01 0.000000000000000000e+00
-6.749820285305183631e+00 7.094346691384614267e-01 0.000000000000000000e+00
-6.745234212100473137e+00 5.901314972971557493e-01 0.000000000000000000e+00
-7.385000228881835049e+00 -2.661368374296617246e-08 0.000000000000000000e+00
