-7.179623703516028854e+00 -2.507183582211081063e-01 0.000000000000000000e+00
-3.978285334325221800e+00 -2.781890172532028860e-01 0.000000000000000000e+00
-3.077388595651654679e+00 -9.408522806368109226e-01 0.000000000000000000e+00
-3.022457534442397620e+00 -9.820561505173088790e-01 0.000000000000000000e+00
-2.989729628968091024e+00 -1.029446633753333229e+00 0.000000000000000000e+00
-2.972247806288769834e+00 -1.081809897209905280e+00 0.000000000000000000e+00
-3.798002879363947759e+00 -1.612156794559514772e+00 0.000000000000000000e+00
-3.782991469331015821e+00 -1.684296540674881326e+00 0.000000000000000000e+00
-3.811024088450434721e+00 -1.777109944718799461e+00 0.000000000000000000e+00
-3.809089002198141838e+00 -1.857817069035307744e+00 0.000000000000000000e+00
-3.805503976583516135e+00 -2.023422593272766523e+00 0.000000000000000000e+00
-3.752992965985870732e+00 -2.080318208319668738e+00 0.000000000000000000e+00
-3.816108833454501248e+00 -2.292949765689368036e+00 0.000000000000000000e+00
-3.571978383405943092e+00 -2.232020055622350618e+00 0.000000000000000000e+00
-3.466225263309000493e+00 -2.250993241355178309e+00 0.000000000000000000e+00
-3.361747106283942355e+00 -2.267527287866190289e+00 0.000000000000000000e+00
-2.726387084550605522e+00 -1.980836362212657686e+00 0.000000000000000000e+00
-2.768869220791837282e+00 -2.086492820753004018e+00 0.000000000000000000e+00
-2.818714285189326763e+00 -2.202221170220160840e+00 0.000000000000000000e+00
-2.683453594786907814e+00 -2.251685135985259212e+00 0.000000000000000000e+00
-2.580351882301526789e+00 -2.243065881891975977e+00 0.000000000000000000e+00
-2.479131008263494085e+00 -2.232219795360996795e+00 0.000000000000000000e+00
-2.368854596892917552e+00 -2.208992854238983838e+00 0.000000000000000000e+00
-2.282465154336840829e+00 -2.204151182778501639e+00 0.000000000000000000e+00
-2.196273523152392659e+00 -2.196273726051283681e+00 0.000000000000000000e+00
-2.119402669337349110e+00 -2.194705913511306505e+00 0.000000000000000000e+00
-2.001369499731876278e+00 -2.222746217862246354e+00 0.000000000000000000e+00
-1.926189279287774170e+00 -2.215827497517365963e+00 0.000000000000000000e+00
-1.853799406238231473e+00 -2.209272306548731635e+00 0.000000000000000000e+00
-1.783493957907282379e+00 -2.202431821677495183e+00 0.000000000000000000e+00
-1.725698998960492281e+00 -2.208794199397129177e+00 0.000000000000000000e+00
-1.660407587359212567e+00 -2.203435497389634179e+00 0.000000000000000000e+00
-1.619348337090664947e+00 -2.228841984917542263e+00 0.000000000000000000e+00
-1.625515579977291791e+00 -2.321477057022213852e+00 0.000000000000000000e+00
2.223541412605416934e+00 -3.558409816022480410e+00 0.000000000000000000e+00
2.217770286858269824e+00 -3.415066496013928532e+00 0.000000000000000000e+00
2.189240311013401552e+00 -3.245681987185921269e+00 0.000000000000000000e+00
2.157794710704475261e+00 -3.081649983027762385e+00 0.000000000000000000e+00
2.134526754191819364e+00 -2.370631962305804308e+00 0.000000000000000000e+00
2.122378966761984120e+00 -2.275972638284192495e+00 0.000000000000000000e+00
2.118013463673406260e+00 -2.193266996720038886e+00 0.000000000000000000e+00
2.115663634122519898e+00 -2.115663490157286830e+00 0.000000000000000000e+00
2.111981801116181945e+00 -2.039516979618281489e+00 0.000000000000000000e+00
2.137747008261597248e+00 -1.993481200647993834e+00 0.000000000000000000e+00
2.255827062842686637e+00 -1.960960415928414635e+00 0.000000000000000000e+00
2.343330028760946870e+00 -1.966287229694708927e+00 0.000000000000000000e+00
2.420809742457390445e+00 -1.960332943720860310e+00 0.000000000000000000e+00
2.530302568167056343e+00 -1.976888892438148693e+00 0.000000000000000000e+00
2.642684980533720474e+00 -1.991405833737602826e+00 0.000000000000000000e+00
2.761984112404958669e+00 -2.006698780894474510e+00 0.000000000000000000e+00
2.864574747224826634e+00 -2.005796692295074291e+00 0.000000000000000000e+00
3.013343359645889397e+00 -1.956887919853096847e+00 0.000000000000000000e+00
3.114032613640910441e+00 -1.945863401400083736e+00 0.000000000000000000e+00
3.266664739232798098e+00 -1.962810054515812253e+00 0.000000000000000000e+00
3.312547271962495543e+00 -1.912499917854704412e+00 0.000000000000000000e+00
3.355915782141695392e+00 -1.860214354180901974e+00 0.000000000000000000e+00
3.434666286784203049e+00 -1.826244319520940573e+00 0.000000000000000000e+00
3.472252546930187922e+00 -1.769200901567133721e+00 0.000000000000000000e+00
3.536754575017156732e+00 -1.724990326283077691e+00 0.000000000000000000e+00
3.603936819452168816e+00 -1.604575917394580831e+00 0.000000000000000000e+00
3.676496394517994037e+00 -1.560579996637907030e+00 0.000000000000000000e+00
3.780128753149206045e+00 -1.527271017370912531e+00 0.000000000000000000e+00
3.821144670256935605e+00 -1.466799876638294808e+00 0.000000000000000000e+00
3.873413230405818641e+00 -1.409806986460901523e+00 0.000000000000000000e+00
3.951322075159274139e+00 -1.360549164637125941e+00 0.000000000000000000e+00
4.039431304643135157e+00 -1.234977951912374694e+00 0.000000000000000000e+00
4.072865829846293195e+00 -1.167875350837252579e+00 0.000000000000000000e+00
4.143821791207070504e+00 -1.110333569435962398e+00 0.000000000000000000e+00
4.187796370950786162e+00 -1.044134772784414578e+00 0.000000000000000000e+00
1.042705334008844575e+00 -2.216338284147202631e-01 0.000000000000000000e+00
1.035616632972622186e+00 -2.013034496389657646e-01 0.000000000000000000e+00
1.040035801075369637e+00 -1.647254571863358552e-01 0.000000000000000000e+00
1.038791232901021377e+00 -1.459925562109347374e-01 0.000000000000000000e+00
1.040188348838394727e+00 -1.277190391684922544e-01 0.000000000000000000e+00
1.040269909492541167e+00 -1.093367430680400182e-01 0.000000000000000000e+00
1.037038691860189488e+00 -9.072909927281350151e-02 0.000000000000000000e+00
1.039461797619245953e+00 -7.268621989545970274e-02 0.000000000000000000e+00
1.039573355795116782e+00 -5.448170143111392277e-02 0.000000000000000000e+00
1.041365298059179878e+00 -3.636524811741106977e-02 0.000000000000000000e+00
1.046000003814696822e+00 2.922490249801512288e-08 0.000000000000000000e+00
1.046840586857719968e+00 1.827269952881885318e-02 0.000000000000000000e+00
1.051359194756712467e+00 3.671430121895308263e-02 0.000000000000000000e+00
5.155411222578915265e+00 3.605016129959171534e-01 0.000000000000000000e+00
5.176227737742754798e+00 4.528613890841367562e-01 0.000000000000000000e+00
5.160574229340727292e+00 5.423983494516978476e-01 0.000000000000000000e+00
5.133549664089199993e+00 7.214734953778821902e-01 0.000000000000000000e+00
5.139930098934667235e+00 8.140850928263509978e-01 0.000000000000000000e+00
3.846734165400187422e+00 2.594655087237853319e+00 0.000000000000000000e+00
3.785301382031487805e+00 2.650496693013286720e+00 0.000000000000000000e+00
3.752220766270443875e+00 2.726148093432240405e+00 0.000000000000000000e+00
3.696883861391250470e+00 2.785801939458699916e+00 0.000000000000000000e+00
5.321710666189084726e+00 4.465445661563821389e+00 0.000000000000000000e+00
4.889830653277941863e+00 4.559841055115732011e+00 0.000000000000000000e+00
4.068120227671102818e+00 4.362525029565651025e+00 0.000000000000000000e+00
3.937164276605045199e+00 4.372664107157405056e+00 0.000000000000000000e+00
3.722382882628990419e+00 4.436163364196343828e+00 0.000000000000000000e+00
3.564470623879563149e+00 4.401754827385966351e+00 0.000000000000000000e+00
3.299149790208547817e+00 4.378119834079883255e+00 0.000000000000000000e+00
3.192261751293407279e+00 4.393771550590557240e+00 0.000000000000000000e+00
2.999804685214839228e+00 4.284165268762605727e+00 0.000000000000000000e+00
9.912430414110895427e-01 1.526380497706811612e+00 0.000000000000000000e+00
2.493499908644717156e+00 4.318868728202492235e+00 0.000000000000000000e+00
2.374597320943185874e+00 4.283887165473138303e+00 0.000000000000000000e+00
2.277406388507695834e+00 4.283178669298757235e+00 0.000000000000000000e+00
2.187326071631464863e+00 4.292869333267380405e+00 0.000000000000000000e+00
2.074810468749205938e+00 4.253992082862010804e+00 0.000000000000000000e+00
1.914916108287119112e+00 4.300972218271542857e+00 0.000000000000000000e+00
1.833310339041175352e+00 4.319008726250849861e+00 0.000000000000000000e+00
1.726936365535925999e+00 4.274317725718619343e+00 0.000000000000000000e+00
1.641683443957629107e+00 4.276731825445153845e+00 0.000000000000000000e+00
9.721464772990846548e-01 2.823318542279092291e+00 0.000000000000000000e+00
1.376979603808915709e+00 4.237907720187824800e+00 0.000000000000000000e+00
1.292282880800750489e+00 4.226867117668569485e+00 0.000000000000000000e+00
1.138544947215031744e+00 4.249107892238821904e+00 0.000000000000000000e+00
9.333218913649251602e-01 4.042661578699208391e+00 0.000000000000000000e+00
9.006733249168982214e-01 4.237335205627712043e+00 0.000000000000000000e+00
8.220050958380269446e-01 4.228850006605489931e+00 0.000000000000000000e+00
2.171310159763493730e-01 1.370911431737979580e+00 0.000000000000000000e+00
1.873269653230712484e-01 1.332900780241144556e+00 0.000000000000000000e+00
1.613549888148505251e-01 1.314131108417226690e+00 0.000000000000000000e+00
1.406952847743783708e-01 1.338626429870133805e+00 0.000000000000000000e+00
1.199262835476400807e-01 1.370763953098974364e+00 0.000000000000000000e+00
1.010073472253184002e-01 1.444472700759050765e+00 0.000000000000000000e+00
5.060424863587097144e-02 1.449116747644156433e+00 0.000000000000000000e+00
2.490456208920385078e-02 1.426782707153720686e+00 0.000000000000000000e+00
-2.308978727503969630e-08 1.463999986648559348e+00 0.000000000000000000e+00
-3.790665954075098792e-02 2.171669124632861436e+00 0.000000000000000000e+00
-2.938143239557975961e-01 4.201739668667983985e+00 0.000000000000000000e+00
-3.669257436034900621e-01 4.193979711429054014e+00 0.000000000000000000e+00
-4.410056349440720780e-01 4.195887733384275009e+00 0.000000000000000000e+00
-5.144105843339700224e-01 4.189537491551138970e+00 0.000000000000000000e+00
-5.907898594010420057e-01 4.203687829802007947e+00 0.000000000000000000e+00
-7.374839086192798154e-01 4.182478730542915635e+00 0.000000000000000000e+00
-8.157085333760447643e-01 4.196456291202024680e+00 0.000000000000000000e+00
-8.892383505111913777e-01 4.183537227248991464e+00 0.000000000000000000e+00
-9.639152920500574373e-01 4.175175565419238843e+00 0.000000000000000000e+00
-1.015588163186117221e+00 4.073301400394756300e+00 0.000000000000000000e+00
-1.103190694575993280e+00 3.395271684969336956e+00 0.000000000000000000e+00
-1.215881676009183510e+00 3.340607313736352779e+00 0.000000000000000000e+00
-1.133160337686944352e+00 2.223952316524185235e+00 0.000000000000000000e+00
-1.226568351576298843e+00 2.212787819503632125e+00 0.000000000000000000e+00
-1.087499998225941678e+00 1.883605199194994473e+00 0.000000000000000000e+00
-1.188608947617907363e+00 1.902171891955221517e+00 0.000000000000000000e+00
-2.748793220196610321e+00 4.232770267744419890e+00 0.000000000000000000e+00
-2.960227905586569452e+00 4.227643483531173807e+00 0.000000000000000000e+00
-3.088223871764084638e+00 4.250575405991944500e+00 0.000000000000000000e+00
-3.519788951964808010e+00 4.346577275077025959e+00 0.000000000000000000e+00
-2.946415989314372208e+00 2.845320792399804066e+00 0.000000000000000000e+00
-1.963722892561760025e+00 1.534228442757161970e+00 0.000000000000000000e+00
-2.921089637046053955e+00 1.896977757212918503e+00 0.000000000000000000e+00
-2.982585134993759546e+00 1.863726007430320575e+00 0.000000000000000000e+00
-6.698502395081969318e+00 1.060938519757167464e+00 0.000000000000000000e+00
-6.750657342172296183e+00 9.487429854048319289e-01 0.000000000000000000e+00
-6.723962693250809863e+00 7.067169268151957118e-01 0.000000000000000000e+00
-6.763165842078818102e+00 5.917003115614722919e-01 0.000000000000000000e+00
-7.477739936449965263e+00 5.228944831552292394e-01 0.000000000000000000e+00
-7.391874136639458470e+00 1.290256153500011216e-01 0.000000000000000000e+00
-7.416999816894530362e+00 -2.672900221133188606e-08 0.000000000000000000e+00
