-6.702550409814262977e+00 -1.302844173944745387e+00 0.000000000000000000e+00
-6.655316106722436231e+00 -1.414631460816042852e+00 0.000000000000000000e+00
-6.618895988471654057e+00 -1.528092896302309489e+00 0.000000000000000000e+00
-6.543181621313448382e+00 -1.753240583745647507e+00 0.000000000000000000e+00
-6.488516354346888448e+00 -1.860552476919955289e+00 0.000000000000000000e+00
-6.514736940418078603e+00 -2.116766706705840662e+00 0.000000000000000000e+00
-6.949966411905730723e+00 -2.529581293244822948e+00 0.000000000000000000e+00
-6.750719886035204453e+00 -2.591358957754542836e+00 0.000000000000000000e+00
-3.644132825910516349e+00 -1.622472681263082750e+00 0.000000000000000000e+00
-3.646075929764475809e+00 -1.700193345305999637e+00 0.000000000000000000e+00
-2.570008927989546166e+00 -1.936640826968276663e+00 0.000000000000000000e+00
-2.502722154470740978e+00 -1.955341036413089206e+00 0.000000000000000000e+00
-2.450341213628192349e+00 -1.984247381373426933e+00 0.000000000000000000e+00
-2.383372751763694009e+00 -2.071834519927473028e+00 0.000000000000000000e+00
-3.017565189132070724e+00 -2.813925324389327187e+00 0.000000000000000000e+00
-2.977347256498193317e+00 -2.875191090862251553e+00 0.000000000000000000e+00
-2.974797934591946635e+00 -2.974798209413454853e+00 0.000000000000000000e+00
-2.941183543345252005e+00 -3.045684998273682886e+00 0.000000000000000000e+00
-2.312656347200101603e+00 -2.480020532104711961e+00 0.000000000000000000e+00
-2.836143003353144287e+00 -3.262609610227453771e+00 0.000000000000000000e+00
-2.771057151677704056e+00 -3.302417621056578767e+00 0.000000000000000000e+00
-2.832570875764913954e+00 -3.497934044734149150e+00 0.000000000000000000e+00
-2.647344308017409720e+00 -3.388446510589725236e+00 0.000000000000000000e+00
-2.525215745668217160e+00 -3.351074793281365150e+00 0.000000000000000000e+00
-2.396988150829050035e+00 -3.299171466415956377e+00 0.000000000000000000e+00
-2.274230375265112514e+00 -3.247937887273115720e+00 0.000000000000000000e+00
8.523601677491537965e-01 -1.312519456440427223e+00 0.000000000000000000e+00
8.857616009307666127e-01 -1.313195476357348568e+00 0.000000000000000000e+00
3.495010271041279815e+00 -3.146921170155796865e+00 0.000000000000000000e+00
3.418856307961768426e+00 -2.868760872774277271e+00 0.000000000000000000e+00
3.368927863168780679e+00 -2.728103807317326268e+00 0.000000000000000000e+00
3.319889249457259606e+00 -2.593781575351731483e+00 0.000000000000000000e+00
3.261627592348588678e+00 -2.457812513684747291e+00 0.000000000000000000e+00
3.206134472963393378e+00 -2.329392884406310760e+00 0.000000000000000000e+00
3.110320327073218927e+00 -2.177869587821215536e+00 0.000000000000000000e+00
3.038422738470547557e+00 -2.049441871029240136e+00 0.000000000000000000e+00
2.947950566930535032e+00 -1.701999927612869890e+00 0.000000000000000000e+00
2.892367354194369078e+00 -1.603265284089726572e+00 0.000000000000000000e+00
2.813954057906617123e+00 -1.496205798338666071e+00 0.000000000000000000e+00
2.800433450331509810e+00 -1.426892001126345733e+00 0.000000000000000000e+00
2.776374839611860601e+00 -1.354128379248073388e+00 0.000000000000000000e+00
2.756081920368520954e+00 -1.285182000881237574e+00 0.000000000000000000e+00
2.750468461114211394e+00 -1.167504493734456528e+00 0.000000000000000000e+00
2.718503023037201149e+00 -1.098346418560745663e+00 0.000000000000000000e+00
2.800741312582084142e+00 -1.075103762432251475e+00 0.000000000000000000e+00
2.868881578164612645e+00 -1.044187400527285758e+00 0.000000000000000000e+00
2.939617251760314076e+00 -1.012191291967553086e+00 0.000000000000000000e+00
3.052891483715968857e+00 -9.919444710053469949e-01 0.000000000000000000e+00
3.155805678252346702e+00 -9.648265162181878241e-01 0.000000000000000000e+00
3.265406080793979982e+00 -9.363400199159738202e-01 0.000000000000000000e+00
3.410589605016404846e+00 -8.503553866651314408e-01 0.000000000000000000e+00
3.479475621843997057e+00 -8.033001340421325187e-01 0.000000000000000000e+00
3.564369931709823192e+00 -7.576301070734352550e-01 0.000000000000000000e+00
3.733128173792701343e+00 -7.256464944675621309e-01 0.000000000000000000e+00
3.766889721686641934e+00 -6.642041775176962259e-01 0.000000000000000000e+00
3.790747927109397786e+00 -6.003953755491912014e-01 0.000000000000000000e+00
3.843230432014618003e+00 -5.401306991305062644e-01 0.000000000000000000e+00
3.858745079503402398e+00 -4.055703384985319682e-01 0.000000000000000000e+00
3.886155549786157959e+00 -3.399944432484861001e-01 0.000000000000000000e+00
3.899477800318150056e+00 -2.726779392187069218e-01 0.000000000000000000e+00
3.890660581756181013e+00 -2.039007704491611339e-01 0.000000000000000000e+00
3.990567606717414062e+00 -1.393535788239172735e-01 0.000000000000000000e+00
4.073379393825687700e+00 -7.110098740202318301e-02 0.000000000000000000e+00
4.103375030469132767e+00 7.162479170862635913e-02 0.000000000000000000e+00
4.122487157470487773e+00 1.439605379640599148e-01 0.000000000000000000e+00
4.177267425468380146e+00 2.189214245732970798e-01 0.000000000000000000e+00
4.206727599496749015e+00 2.941631655707958592e-01 0.000000000000000000e+00
4.252755209212256915e+00 3.720679863901255602e-01 0.000000000000000000e+00
4.282411500667062221e+00 4.500997033292400973e-01 0.000000000000000000e+00
4.306657961087410058e+00 5.287912247145437616e-01 0.000000000000000000e+00
1.038972122901825168e+00 1.831988459542617798e-01 0.000000000000000000e+00
1.025800359301437092e+00 1.993954191148208099e-01 0.000000000000000000e+00
1.018251655063390437e+00 2.164360987234238420e-01 0.000000000000000000e+00
1.012370524644815584e+00 2.337241796923258674e-01 0.000000000000000000e+00
1.008137286366157515e+00 2.513568840926177494e-01 0.000000000000000000e+00
1.001665017794112433e+00 2.683953604227380385e-01 0.000000000000000000e+00
9.949058158569539234e-01 2.852846797153783531e-01 0.000000000000000000e+00
9.843434544628708593e-01 3.198326039702629742e-01 0.000000000000000000e+00
9.795572483876162639e-01 3.372886372166523095e-01 0.000000000000000000e+00
9.735215587386178981e-01 3.543328976193380608e-01 0.000000000000000000e+00
9.746579834723611002e-01 3.741361743844378029e-01 0.000000000000000000e+00
9.633440470103278308e-01 3.892162874703891107e-01 0.000000000000000000e+00
9.619275222155448946e-01 4.083140363876737733e-01 0.000000000000000000e+00
4.697393285932332851e+00 2.190430603048251879e+00 0.000000000000000000e+00
4.610067508756841015e+00 2.348946860644838708e+00 0.000000000000000000e+00
4.589561488319026772e+00 2.440313272727031801e+00 0.000000000000000000e+00
4.550646335714850110e+00 2.522464596732394426e+00 0.000000000000000000e+00
2.660247440462002011e+00 3.799227245331709302e+00 0.000000000000000000e+00
2.580675043598351870e+00 3.826008260154354801e+00 0.000000000000000000e+00
2.521134116338736408e+00 3.882206266794673066e+00 0.000000000000000000e+00
2.425440469179094283e+00 3.881516304551437813e+00 0.000000000000000000e+00
1.115000665556858950e+00 2.188312124936912184e+00 0.000000000000000000e+00
2.831439173639529461e+00 5.805310899086199683e+00 0.000000000000000000e+00
2.648971208996214077e+00 5.680737373968596238e+00 0.000000000000000000e+00
2.115087517898586178e+00 5.509991670252929907e+00 0.000000000000000000e+00
2.014840491601039840e+00 5.535729072704670628e+00 0.000000000000000000e+00
1.885365046021620472e+00 5.475498001275045823e+00 0.000000000000000000e+00
1.740383605375259712e+00 5.356350302434579547e+00 0.000000000000000000e+00
1.628802699738589155e+00 5.327573919751051434e+00 0.000000000000000000e+00
1.509114402421486645e+00 5.262907720655063848e+00 0.000000000000000000e+00
1.388046424956748570e+00 5.180260150031372746e+00 0.000000000000000000e+00
7.766970594852635745e-01 4.903872774959064706e+00 0.000000000000000000e+00
6.809739188566878987e-01 4.845381796489073523e+00 0.000000000000000000e+00
5.910662234141461635e-01 4.813848750685345124e+00 0.000000000000000000e+00
4.186961008013318497e-01 4.785719237714627816e+00 0.000000000000000000e+00
3.305758410466398400e-01 4.727455883552230453e+00 0.000000000000000000e+00
1.632248726919163784e-01 4.674150946335265289e+00 0.000000000000000000e+00
8.049042493751844274e-02 4.611297559899282916e+00 0.000000000000000000e+00
-7.225021382271850272e-08 4.580999851226805752e+00 0.000000000000000000e+00
-1.619337319222963756e-01 4.637173301425349337e+00 0.000000000000000000e+00
-3.155783676636261248e-01 4.512979926006711828e+00 0.000000000000000000e+00
-3.836596414515133224e-01 4.385249005805891720e+00 0.000000000000000000e+00
-4.609705726750208399e-01 4.385841399925729966e+00 0.000000000000000000e+00
-5.390281537634671327e-01 4.390031480626570115e+00 0.000000000000000000e+00
-6.058205946317627433e-01 4.310637056768115372e+00 0.000000000000000000e+00
-6.779870510944913109e-01 4.280641367535510611e+00 0.000000000000000000e+00
-7.494655934508105410e-01 4.250430236166635289e+00 0.000000000000000000e+00
-2.883735270241180593e-01 1.356690683622633120e+00 0.000000000000000000e+00
-3.048087014289777574e-01 1.320271452097003140e+00 0.000000000000000000e+00
-3.280460957739099737e-01 1.315720948457944406e+00 0.000000000000000000e+00
-3.538056486065407347e-01 1.320420584014514453e+00 0.000000000000000000e+00
-4.175068049361090328e-01 1.365603160353920487e+00 0.000000000000000000e+00
-4.558000927814131464e-01 1.402808378130789846e+00 0.000000000000000000e+00
-4.753295361529540353e-01 1.380457150167936131e+00 0.000000000000000000e+00
-4.901148722186057238e-01 1.346579489608218827e+00 0.000000000000000000e+00
-7.733580584393451307e-01 2.014666543256839137e+00 0.000000000000000000e+00
-1.723343200545292664e+00 3.870692071988815819e+00 0.000000000000000000e+00
-1.792324169831162717e+00 3.843651461647780820e+00 0.000000000000000000e+00
-1.857378590603734114e+00 3.808190341118685485e+00 0.000000000000000000e+00
-1.930821542610777986e+00 3.789450530230567438e+00 0.000000000000000000e+00
-2.059471381114454491e+00 3.715384618305071385e+00 0.000000000000000000e+00
-2.123500151809424530e+00 3.678010053300778459e+00 0.000000000000000000e+00
-2.202302862549166296e+00 3.665247371917411456e+00 0.000000000000000000e+00
-2.274413426716749953e+00 3.639822247389734589e+00 0.000000000000000000e+00
-2.345215852354755270e+00 3.611315634204043334e+00 0.000000000000000000e+00
-2.407884812359938564e+00 3.569835953428243780e+00 0.000000000000000000e+00
-2.290894999334549986e+00 2.730182288250336597e+00 0.000000000000000000e+00
-2.634076944797623554e+00 3.030158836887097973e+00 0.000000000000000000e+00
-1.668149016489721248e+00 1.610912749134236766e+00 0.000000000000000000e+00
-1.859348438338636056e+00 1.674164822388148233e+00 0.000000000000000000e+00
-1.893566399338573625e+00 1.646052127710857960e+00 0.000000000000000000e+00
-1.719769700139730073e+00 1.443058094686971993e+00 0.000000000000000000e+00
-1.761992105194476022e+00 1.376619081003005896e+00 0.000000000000000000e+00
-4.246484234879043917e+00 2.973420219398339448e+00 0.000000000000000000e+00
-2.875931438908142290e+00 1.939840215084362773e+00 0.000000000000000000e+00
-2.916057578420007346e+00 1.893709900189450179e+00 0.000000000000000000e+00
-4.851474538280081461e+00 2.801000081094598304e+00 0.000000000000000000e+00
-1.956650422721687654e+00 9.969631682619775059e-01 0.000000000000000000e+00
-3.793040706393997041e+00 1.688770495903432867e+00 0.000000000000000000e+00
-6.387923550001263884e+00 2.199538425744215431e+00 0.000000000000000000e+00
-3.422962052978130387e+00 7.902530381326842157e-01 0.000000000000000000e+00
-1.868706302271570197e+00 2.959739925820581430e-01 0.000000000000000000e+00
