-7.241896879939710097e+00 -1.264081579532975730e-01 0.000000000000000000e+00
-4.034463271346527158e+00 -2.114374704926747228e-01 0.000000000000000000e+00
-3.931399892629912962e+00 -2.749104653514166108e-01 0.000000000000000000e+00
-3.144286874226260409e+00 -9.016099232098528926e-01 0.000000000000000000e+00
-3.043918075624889141e+00 -9.306193139111335055e-01 0.000000000000000000e+00
-2.988784178939149161e+00 -1.029121089148815615e+00 0.000000000000000000e+00
-2.967549235730328583e+00 -1.080099757119262094e+00 0.000000000000000000e+00
-2.955715470921458365e+00 -1.134593034735505324e+00 0.000000000000000000e+00
-3.775492605350456277e+00 -1.525398244529043268e+00 0.000000000000000000e+00
-3.806287700276457908e+00 -1.615673492874406314e+00 0.000000000000000000e+00
-3.791213653577358844e+00 -1.687957293440299544e+00 0.000000000000000000e+00
-3.824618583940880168e+00 -1.783449162883995687e+00 0.000000000000000000e+00
-3.787668575902797485e+00 -1.929913765664131420e+00 0.000000000000000000e+00
-2.916375800444036326e+00 -1.550664700760668646e+00 0.000000000000000000e+00
-3.727629165315547333e+00 -2.066258822425561803e+00 0.000000000000000000e+00
-3.937817341915292424e+00 -2.273500155547774959e+00 0.000000000000000000e+00
-3.707248304934998462e+00 -2.227539754011148787e+00 0.000000000000000000e+00
-3.553321464956510578e+00 -2.220361917838343135e+00 0.000000000000000000e+00
-3.429324034602805771e+00 -2.227029300726562244e+00 0.000000000000000000e+00
-3.257767570122515721e+00 -2.281113641160165795e+00 0.000000000000000000e+00
-2.934304613138849938e+00 -2.131897304110007330e+00 0.000000000000000000e+00
-2.668241207995044384e+00 -2.010664166697935684e+00 0.000000000000000000e+00
-2.865206929963969973e+00 -2.238545208850194701e+00 0.000000000000000000e+00
-2.744879481787844355e+00 -2.222759791016443831e+00 0.000000000000000000e+00
-2.660472284313822655e+00 -2.232401525007884580e+00 0.000000000000000000e+00
-2.533560042814975599e+00 -2.202390352549197683e+00 0.000000000000000000e+00
-2.444946344890924550e+00 -2.201439783323048349e+00 0.000000000000000000e+00
-2.314116039650272683e+00 -2.234716090272065081e+00 0.000000000000000000e+00
-2.228093380783942479e+00 -2.228093586622455380e+00 0.000000000000000000e+00
-2.149272965917885969e+00 -2.225637513953301561e+00 0.000000000000000000e+00
-2.058952984059239544e+00 -2.207956958796422509e+00 0.000000000000000000e+00
-1.977280790194023696e+00 -2.195992993120079895e+00 0.000000000000000000e+00
-1.907163539665525764e+00 -2.193940885713996369e+00 0.000000000000000000e+00
-1.823588281105932740e+00 -2.173268086307931224e+00 0.000000000000000000e+00
-1.782235258379384568e+00 -2.200877457065334664e+00 0.000000000000000000e+00
-1.676054790798929384e+00 -2.224200039636025750e+00 0.000000000000000000e+00
-1.611707122557205052e+00 -2.218324754388540931e+00 0.000000000000000000e+00
-1.597983857000986108e+00 -2.282157677978994936e+00 0.000000000000000000e+00
-1.608797928921179121e+00 -2.385141245643169317e+00 0.000000000000000000e+00
2.188566747249233391e+00 -3.502438655867780692e+00 0.000000000000000000e+00
2.204154258294682922e+00 -3.394099652318792515e+00 0.000000000000000000e+00
2.150655995442844137e+00 -3.188478391305994197e+00 0.000000000000000000e+00
2.111334965594335422e+00 -3.015298595650697244e+00 0.000000000000000000e+00
2.160402457105357055e+00 -2.485258560045001897e+00 0.000000000000000000e+00
2.116460260312210462e+00 -2.350567089493273532e+00 0.000000000000000000e+00
2.107374951557286380e+00 -2.259882802960206494e+00 0.000000000000000000e+00
2.114540092200908106e+00 -2.189670215515084895e+00 0.000000000000000000e+00
2.127807159246795088e+00 -2.054799349285892696e+00 0.000000000000000000e+00
2.139209609694938674e+00 -1.994845098457294741e+00 0.000000000000000000e+00
2.189304795832987427e+00 -1.971258759098813984e+00 0.000000000000000000e+00
2.271675895392938571e+00 -1.974737594942552965e+00 0.000000000000000000e+00
2.370907639712703574e+00 -1.989427591305916065e+00 0.000000000000000000e+00
2.467438456930235890e+00 -1.998092129625194557e+00 0.000000000000000000e+00
2.550790866326440476e+00 -1.992896104210291952e+00 0.000000000000000000e+00
2.706161933833300726e+00 -1.966141596954310344e+00 0.000000000000000000e+00
2.813787289631285216e+00 -1.970234934114425851e+00 0.000000000000000000e+00
2.943912582788763110e+00 -1.985693970567818489e+00 0.000000000000000000e+00
3.040180872772511478e+00 -1.974316403423770128e+00 0.000000000000000000e+00
3.138626046128339286e+00 -1.961231082516351254e+00 0.000000000000000000e+00
3.267521844423206367e+00 -1.963325055233610561e+00 0.000000000000000000e+00
3.312547271962495543e+00 -1.912499917854704412e+00 0.000000000000000000e+00
3.390025981350221151e+00 -1.879121944928359600e+00 0.000000000000000000e+00
3.475816527198885009e+00 -1.771016840073715404e+00 0.000000000000000000e+00
3.516981253126190587e+00 -1.715346233582573321e+00 0.000000000000000000e+00
3.572665269158154189e+00 -1.665961038807453276e+00 0.000000000000000000e+00
3.638651644901758075e+00 -1.620031952193058400e+00 0.000000000000000000e+00
3.674655518221826345e+00 -1.559798591077883101e+00 0.000000000000000000e+00
3.774565611046138525e+00 -1.525023362263278282e+00 0.000000000000000000e+00
3.849920825008079195e+00 -1.401256450980070678e+00 0.000000000000000000e+00
3.941867123750320889e+00 -1.357293564107367123e+00 0.000000000000000000e+00
3.988730847398598733e+00 -1.296017081350547606e+00 0.000000000000000000e+00
4.053775748434731874e+00 -1.239363488013633496e+00 0.000000000000000000e+00
4.086323435034835860e+00 -1.171734256590008849e+00 0.000000000000000000e+00
4.166038317527133827e+00 -1.116286469008469950e+00 0.000000000000000000e+00
4.207202267113726357e+00 -1.048973205503187955e+00 0.000000000000000000e+00
1.049552337406309377e+00 -2.230892037030716979e-01 0.000000000000000000e+00
1.041506437297713639e+00 -2.024483114445705667e-01 0.000000000000000000e+00
1.036017806600704860e+00 -1.826778605078984430e-01 0.000000000000000000e+00
1.038060449817248543e+00 -1.644125923419130220e-01 0.000000000000000000e+00
1.041762057896013838e+00 -1.464100783475656697e-01 0.000000000000000000e+00
1.036218215332299852e+00 -1.272315681856310277e-01 0.000000000000000000e+00
1.037286322931520566e+00 -1.090231555709233469e-01 0.000000000000000000e+00
1.040459289368800055e+00 -7.275597128489802445e-02 0.000000000000000000e+00
1.041570589153674842e+00 -5.458637193937833365e-02 0.000000000000000000e+00
1.040365860529601338e+00 -3.633034701804784689e-02 0.000000000000000000e+00
1.042841129395635669e+00 -1.820283033686002222e-02 0.000000000000000000e+00
1.047000050544738325e+00 2.925284348087586419e-08 0.000000000000000000e+00
1.047840362084182075e+00 1.829015069811706917e-02 0.000000000000000000e+00
1.056356144121513019e+00 3.688879867431379966e-02 0.000000000000000000e+00
5.150326652853062903e+00 4.505953370717021289e-01 0.000000000000000000e+00
5.154607056253732722e+00 5.417711741240227585e-01 0.000000000000000000e+00
5.148336670828159711e+00 6.321363985735770630e-01 0.000000000000000000e+00
5.200887733851387473e+00 7.309372457538014789e-01 0.000000000000000000e+00
8.621006743940002437e+00 1.520116326165330545e+00 0.000000000000000000e+00
3.853366380487964982e+00 2.599128573025339950e+00 0.000000000000000000e+00
3.795131275149193684e+00 2.657379658614078544e+00 0.000000000000000000e+00
3.624849326863859300e+00 2.832042810438123670e+00 0.000000000000000000e+00
1.822191003257034092e+00 1.640708222266717309e+00 0.000000000000000000e+00
4.559895059410884244e+00 4.403439666960528243e+00 0.000000000000000000e+00
4.239500053501631172e+00 4.390131011545564732e+00 0.000000000000000000e+00
3.960584064234790702e+00 4.398674417515636037e+00 0.000000000000000000e+00
3.846473937597198578e+00 4.424862287495559876e+00 0.000000000000000000e+00
3.715312425072275104e+00 4.427737120639406498e+00 0.000000000000000000e+00
3.555030902282470429e+00 4.390097741525638142e+00 0.000000000000000000e+00
3.440932032071702285e+00 4.404192351210768130e+00 0.000000000000000000e+00
3.292530017978708923e+00 4.369335099242269926e+00 0.000000000000000000e+00
3.006687650385952537e+00 4.293995162181175829e+00 0.000000000000000000e+00
1.003225075395913102e+00 1.544831212852573854e+00 0.000000000000000000e+00
2.592186540970464748e+00 4.314123069641626174e+00 0.000000000000000000e+00
2.481499825133491210e+00 4.298083972914243489e+00 0.000000000000000000e+00
2.372658223085636120e+00 4.280388940173510015e+00 0.000000000000000000e+00
2.274589539534778826e+00 4.277880946636558157e+00 0.000000000000000000e+00
2.072618771965984763e+00 4.249498438307826476e+00 0.000000000000000000e+00
1.998561716380774067e+00 4.285929646147134342e+00 0.000000000000000000e+00
1.901086901649187144e+00 4.269911310019177897e+00 0.000000000000000000e+00
1.821979212835582063e+00 4.292314264370597598e+00 0.000000000000000000e+00
1.720567979434778572e+00 4.258555416151464712e+00 0.000000000000000000e+00
1.638816537411024621e+00 4.269263278135642103e+00 0.000000000000000000e+00
1.288189695021511261e+00 4.213478909379333004e+00 0.000000000000000000e+00
1.218592674899773520e+00 4.249737983265577057e+00 0.000000000000000000e+00
1.140097872242966215e+00 4.254903487756058311e+00 0.000000000000000000e+00
9.832609418323260408e-01 4.258971388282733805e+00 0.000000000000000000e+00
8.983863631271448158e-01 4.226575895412166162e+00 0.000000000000000000e+00
7.459924994736890635e-01 4.230734123471348695e+00 0.000000000000000000e+00
2.140023299948821123e-01 1.351157683711585289e+00 0.000000000000000000e+00
1.841259841193919333e-01 1.310124612717354919e+00 0.000000000000000000e+00
1.625736809207305733e-01 1.324056560488356293e+00 0.000000000000000000e+00
1.418451015766675205e-01 1.349566207727801670e+00 0.000000000000000000e+00
9.856587354219410735e-02 1.409557992257422843e+00 0.000000000000000000e+00
7.646280667146782006e-02 1.458997717228170954e+00 0.000000000000000000e+00
5.011565387624167256e-02 1.435125217919355656e+00 0.000000000000000000e+00
2.485220455143974383e-02 1.423783143089779157e+00 0.000000000000000000e+00
-3.397226998424900688e-08 2.154000043869018111e+00 0.000000000000000000e+00
-2.940933629504438040e-01 4.205730111329610388e+00 0.000000000000000000e+00
-3.675358312482089329e-01 4.200953043905037099e+00 0.000000000000000000e+00
-5.141668051718906174e-01 4.187552069846581126e+00 0.000000000000000000e+00
-5.874497476320363898e-01 4.179921702184681287e+00 0.000000000000000000e+00
-6.621871203367154513e-01 4.180884540179075515e+00 0.000000000000000000e+00
-7.378311798312342518e-01 4.184448203287681523e+00 0.000000000000000000e+00
-8.103659044049990046e-01 4.168970849969344528e+00 0.000000000000000000e+00
-8.904858294634608873e-01 4.189406153880449679e+00 0.000000000000000000e+00
-9.634654225226283453e-01 4.173226966539192340e+00 0.000000000000000000e+00
-1.158045944348442324e+00 3.363209484176406416e+00 0.000000000000000000e+00
-1.203568945840930660e+00 3.306778367002709107e+00 0.000000000000000000e+00
-1.181659931365432792e+00 2.222379041696530333e+00 0.000000000000000000e+00
-1.102000020454688700e+00 1.908719973726549446e+00 0.000000000000000000e+00
-1.199207322989287006e+00 1.919132837581814410e+00 0.000000000000000000e+00
-2.051682889380747277e+00 2.930106760088870832e+00 0.000000000000000000e+00
-1.176529103581111402e+00 1.505888548152163775e+00 0.000000000000000000e+00
-2.974470266482946101e+00 2.872412492428917830e+00 0.000000000000000000e+00
-1.255002934403282699e+00 1.170309147381892068e+00 0.000000000000000000e+00
-2.962232040433514513e+00 1.851007982647535410e+00 0.000000000000000000e+00
-4.368631161787607908e+00 1.590051676171788220e+00 0.000000000000000000e+00
-6.696527161573087916e+00 1.060625673513113432e+00 0.000000000000000000e+00
-6.753628403255433454e+00 9.491605407952125040e-01 0.000000000000000000e+00
-6.703656897457629604e+00 8.231055376355895792e-01 0.000000000000000000e+00
-6.720978869584923743e+00 7.064033143239439871e-01 0.000000000000000000e+00
-6.687454832185350639e+00 5.850764568181988645e-01 0.000000000000000000e+00
-7.272999763488768643e+00 -2.621006223008134388e-08 0.000000000000000000e+00
