-7.368877392172587193e+00 -1.286246176617735493e-01 0.000000000000000000e+00
-7.383499428045299240e+00 -2.578378660178865522e-01 0.000000000000000000e+00
-4.500823270428101708e+00 -2.358783866475177848e-01 0.000000000000000000e+00
-3.967312211628265306e+00 -2.774217011954714374e-01 0.000000000000000000e+00
-3.995677780222536057e+00 -9.962345747757846981e-01 0.000000000000000000e+00
-3.073563425934426885e+00 -9.396828086834274618e-01 0.000000000000000000e+00
-3.013897966072480727e+00 -9.792749776910045778e-01 0.000000000000000000e+00
-2.985002153394189062e+00 -1.027818833109237939e+00 0.000000000000000000e+00
-2.953848445434308800e+00 -1.133876350692594848e+00 0.000000000000000000e+00
-3.794321126896973428e+00 -1.610593983144134045e+00 0.000000000000000000e+00
-3.790300174352745355e+00 -1.687550586232401173e+00 0.000000000000000000e+00
-3.813743246845255452e+00 -1.778377909263905821e+00 0.000000000000000000e+00
-3.817178419283999258e+00 -1.861762541858856590e+00 0.000000000000000000e+00
-2.970615776613357628e+00 -1.513604520801740350e+00 0.000000000000000000e+00
-3.743372429723591743e+00 -2.074985457381522291e+00 0.000000000000000000e+00
-3.738106542677745114e+00 -2.246081255862857340e+00 0.000000000000000000e+00
-3.599963963270507605e+00 -2.249507388640969996e+00 0.000000000000000000e+00
-3.451129087978678456e+00 -2.241189669441209009e+00 0.000000000000000000e+00
-3.352627958931404528e+00 -2.261376344677959782e+00 0.000000000000000000e+00
-2.996458072006200180e+00 -2.098142742258551685e+00 0.000000000000000000e+00
-2.721533141688524449e+00 -1.977309765943259023e+00 0.000000000000000000e+00
-2.888059275546210891e+00 -2.256399419720317656e+00 0.000000000000000000e+00
-2.768970927114759562e+00 -2.242268660653685242e+00 0.000000000000000000e+00
-2.671196859340084995e+00 -2.241400512813489065e+00 0.000000000000000000e+00
-2.544125930445049644e+00 -2.211575139406169122e+00 0.000000000000000000e+00
-2.453121053857969081e+00 -2.208800325027672873e+00 0.000000000000000000e+00
-2.363735143522535331e+00 -2.204218886293624280e+00 0.000000000000000000e+00
-2.277429626408281838e+00 -2.199288429531838229e+00 0.000000000000000000e+00
-2.148578192309417378e+00 -2.224918054754199126e+00 0.000000000000000000e+00
-2.063045002635894853e+00 -2.212345111882870530e+00 0.000000000000000000e+00
-1.981964683780111702e+00 -2.201194984433898050e+00 0.000000000000000000e+00
-1.906507371804997630e+00 -2.193186050867816039e+00 0.000000000000000000e+00
-1.835158538370004644e+00 -2.187056983244212383e+00 0.000000000000000000e+00
-1.779088584580472254e+00 -2.196991638177955064e+00 0.000000000000000000e+00
-1.718926773618184134e+00 -2.200126145430527647e+00 0.000000000000000000e+00
-1.656194900815269433e+00 -2.197845073001690075e+00 0.000000000000000000e+00
-1.593968839707804674e+00 -2.276423638487476531e+00 0.000000000000000000e+00
-1.589226130600952080e+00 -2.356124858571931213e+00 0.000000000000000000e+00
2.192276166139421889e+00 -3.508374966527773697e+00 0.000000000000000000e+00
2.204698857884563434e+00 -3.394938262081113045e+00 0.000000000000000000e+00
2.207134521130119875e+00 -3.272211242635209238e+00 0.000000000000000000e+00
2.127968708251115615e+00 -3.039054040282044511e+00 0.000000000000000000e+00
2.208950906015028526e+00 -2.541107157991576049e+00 0.000000000000000000e+00
2.127835454253698799e+00 -2.363200521368588269e+00 0.000000000000000000e+00
2.116240938369005065e+00 -2.269390409146883947e+00 0.000000000000000000e+00
2.119402845386299195e+00 -2.194705743502813888e+00 0.000000000000000000e+00
2.099400176253188199e+00 -2.099400033394639209e+00 0.000000000000000000e+00
2.104068950546897021e+00 -2.031875629165019959e+00 0.000000000000000000e+00
2.176671186004082603e+00 -1.959883406483834634e+00 0.000000000000000000e+00
2.261864661927508902e+00 -1.966208820386184719e+00 0.000000000000000000e+00
2.347160156111318230e+00 -1.969501087924111493e+00 0.000000000000000000e+00
2.451895552105954224e+00 -1.985505734323749660e+00 0.000000000000000000e+00
2.546062768616365712e+00 -1.989202109680547004e+00 0.000000000000000000e+00
2.673033025562798315e+00 -2.014274724414550022e+00 0.000000000000000000e+00
2.776546327609236364e+00 -2.017278848812426251e+00 0.000000000000000000e+00
2.933964062124169381e+00 -1.978983609120523068e+00 0.000000000000000000e+00
3.025084896610442442e+00 -1.964512962572802834e+00 0.000000000000000000e+00
3.130145573083408017e+00 -1.955931895201354687e+00 0.000000000000000000e+00
3.276950614611537027e+00 -1.968990431513308215e+00 0.000000000000000000e+00
3.310815140184123706e+00 -1.911499871180083687e+00 0.000000000000000000e+00
3.369035169731740442e+00 -1.867486548925160417e+00 0.000000000000000000e+00
3.435549170396577257e+00 -1.826713757028771035e+00 0.000000000000000000e+00
3.516082309920817384e+00 -1.714907789721045628e+00 0.000000000000000000e+00
3.545476061079641195e+00 -1.653282503897994804e+00 0.000000000000000000e+00
3.590233759368750999e+00 -1.598474922480967120e+00 0.000000000000000000e+00
3.742772769420199541e+00 -1.588712646264948569e+00 0.000000000000000000e+00
3.782910103142880232e+00 -1.528394755611564904e+00 0.000000000000000000e+00
3.835148252173409933e+00 -1.472175347603176476e+00 0.000000000000000000e+00
3.908773666672995528e+00 -1.345898574145761639e+00 0.000000000000000000e+00
3.988730847398598733e+00 -1.296017081350547606e+00 0.000000000000000000e+00
4.021261463039679462e+00 -1.229422874457730241e+00 0.000000000000000000e+00
4.078633440407854138e+00 -1.169529186364736795e+00 0.000000000000000000e+00
4.151549098392137260e+00 -1.112404094907673002e+00 0.000000000000000000e+00
4.197499550368786636e+00 -1.046554046822468997e+00 0.000000000000000000e+00
1.052319718998347975e+00 -2.429471170942012481e-01 0.000000000000000000e+00
1.039543208195709889e+00 -2.020666984247694031e-01 0.000000000000000000e+00
1.038972133138856613e+00 -1.831987878971699235e-01 0.000000000000000000e+00
1.035097364059253566e+00 -1.639432857510597641e-01 0.000000000000000000e+00
1.034830093557979946e+00 -1.454358544985191459e-01 0.000000000000000000e+00
1.038203282085347290e+00 -1.274753036770616410e-01 0.000000000000000000e+00
1.040269909492541167e+00 -1.093367430680400182e-01 0.000000000000000000e+00
1.039031055610137866e+00 -9.090340845710476181e-02 0.000000000000000000e+00
1.040459289368800055e+00 -7.275597128489802445e-02 0.000000000000000000e+00
1.042364616452087667e+00 -3.640014505643344306e-02 0.000000000000000000e+00
1.042841129395635669e+00 -1.820283033686002222e-02 0.000000000000000000e+00
1.046000003814696822e+00 2.922490249801512288e-08 0.000000000000000000e+00
1.047840362084182075e+00 1.829015069811706917e-02 0.000000000000000000e+00
1.052358513147670482e+00 3.674919821381672502e-02 0.000000000000000000e+00
5.160398681307198032e+00 3.608503702218047171e-01 0.000000000000000000e+00
5.161568679151060657e+00 5.425028703657990281e-01 0.000000000000000000e+00
5.164217678026465030e+00 6.340863415042601314e-01 0.000000000000000000e+00
5.273177257265778906e+00 7.410968776946051939e-01 0.000000000000000000e+00
8.566842956424643774e+00 1.510565787564148721e+00 0.000000000000000000e+00
3.225771781740124577e+00 1.573314118760935632e+00 0.000000000000000000e+00
3.750602849582702181e+00 2.724972608094792470e+00 0.000000000000000000e+00
3.705668595939504595e+00 2.792421712072532092e+00 0.000000000000000000e+00
1.820704821361024850e+00 1.639370058017081799e+00 0.000000000000000000e+00
4.584352554477675312e+00 4.427057996445837418e+00 0.000000000000000000e+00
4.290210081605619230e+00 4.442642785142970396e+00 0.000000000000000000e+00
3.988018344418553962e+00 4.429143273737373043e+00 0.000000000000000000e+00
3.837945162921447384e+00 4.415051054133908082e+00 0.000000000000000000e+00
3.721097400619589379e+00 4.434631386327529512e+00 0.000000000000000000e+00
3.538039283374367461e+00 4.369114838748214602e+00 0.000000000000000000e+00
3.421846442299151025e+00 4.379763909233084895e+00 0.000000000000000000e+00
3.303362476888539234e+00 4.383710258365307588e+00 0.000000000000000000e+00
3.061750824749761346e+00 4.372633528325454932e+00 0.000000000000000000e+00
1.003225075395913102e+00 1.544831212852573854e+00 0.000000000000000000e+00
2.599397042344215869e+00 4.326123359678058833e+00 0.000000000000000000e+00
2.480999861390285055e+00 4.297218010269415522e+00 0.000000000000000000e+00
2.373142997550023559e+00 4.281263496498417531e+00 0.000000000000000000e+00
2.275998075951976229e+00 4.280530018478770238e+00 0.000000000000000000e+00
2.078755941022292220e+00 4.262081500216346797e+00 0.000000000000000000e+00
1.992222499140646974e+00 4.272335150225321954e+00 0.000000000000000000e+00
1.901900509887801016e+00 4.271738704136179621e+00 0.000000000000000000e+00
1.822760618418005629e+00 4.294155140657257341e+00 0.000000000000000000e+00
1.723564793459768874e+00 4.265972791547183007e+00 0.000000000000000000e+00
1.640250076125900014e+00 4.272997774373318514e+00 0.000000000000000000e+00
9.812557270395116937e-01 2.695978107733091544e+00 0.000000000000000000e+00
1.299884551366104812e+00 4.251731063349050821e+00 0.000000000000000000e+00
1.217490074023289015e+00 4.245892756782852828e+00 0.000000000000000000e+00
1.139321348021734126e+00 4.252005459702775880e+00 0.000000000000000000e+00
9.848355922282120423e-01 4.265791949028418628e+00 0.000000000000000000e+00
8.992179495452327087e-01 4.230488202247956409e+00 0.000000000000000000e+00
8.212418242582421035e-01 4.224923314372610150e+00 0.000000000000000000e+00
2.141587531048918247e-01 1.352145300467929578e+00 0.000000000000000000e+00
1.841259841193919333e-01 1.310124612717354919e+00 0.000000000000000000e+00
1.623299454051457258e-01 1.322071493738274706e+00 0.000000000000000000e+00
1.417405682452732574e-01 1.348571639356650476e+00 0.000000000000000000e+00
9.793806934992352331e-02 1.400579971924565070e+00 0.000000000000000000e+00
7.646280667146782006e-02 1.458997717228170954e+00 0.000000000000000000e+00
4.987135857659816957e-02 1.428129512625290642e+00 0.000000000000000000e+00
2.469513193814742297e-02 1.414784450897954571e+00 0.000000000000000000e+00
-3.419307300030763241e-08 2.167999982833861861e+00 0.000000000000000000e+00
-2.938143239557975961e-01 4.201739668667983985e+00 0.000000000000000000e+00
-3.675358312482089329e-01 4.200953043905037099e+00 0.000000000000000000e+00
-5.133137233842085534e-01 4.180604277087843990e+00 0.000000000000000000e+00
-5.877280736887252610e-01 4.181902094770305389e+00 0.000000000000000000e+00
-6.615614277720653913e-01 4.176934073173435458e+00 0.000000000000000000e+00
-7.369629189994377771e-01 4.179524051832837372e+00 0.000000000000000000e+00
-8.113198803035244211e-01 4.173878630134955081e+00 0.000000000000000000e+00
-8.906937260988347926e-01 4.190384230582838931e+00 0.000000000000000000e+00
-9.641402268137719833e-01 4.176149864859262095e+00 0.000000000000000000e+00
-1.157720399778437548e+00 3.362264034135580726e+00 0.000000000000000000e+00
-1.201858805921803608e+00 3.302079796381841348e+00 0.000000000000000000e+00
-1.179312631702575276e+00 2.217964413226148235e+00 0.000000000000000000e+00
-1.095500014600743199e+00 1.897461633642629764e+00 0.000000000000000000e+00
-1.199207322989287006e+00 1.919132837581814410e+00 0.000000000000000000e+00
-1.188226631258817667e+00 1.520860700492410844e+00 0.000000000000000000e+00
-3.497762834019163769e+00 4.319377285240345365e+00 0.000000000000000000e+00
-3.001804912973804473e+00 2.898809253203840086e+00 0.000000000000000000e+00
-1.293033360700170942e+00 1.205773092966404114e+00 0.000000000000000000e+00
-3.866992269983374086e+00 3.244791728123865404e+00 0.000000000000000000e+00
-1.971451375834538888e+00 1.329760720018813958e+00 0.000000000000000000e+00
-2.963861735458156232e+00 1.924754282208273048e+00 0.000000000000000000e+00
-6.921228774001995099e+00 1.220399337146058860e+00 0.000000000000000000e+00
-6.696527161573087916e+00 1.060625673513113432e+00 0.000000000000000000e+00
-6.714574587085683888e+00 8.244460613122184256e-01 0.000000000000000000e+00
-6.723962693250809863e+00 7.067169268151957118e-01 0.000000000000000000e+00
-6.739257002107692074e+00 5.896085592090501981e-01 0.000000000000000000e+00
-7.409871044254750849e+00 1.293397524736231985e-01 0.000000000000000000e+00
