-4.476855994042493236e+00 -2.346223136700878453e-01 0.000000000000000000e+00
-4.440157784746205927e+00 -3.104863092474020592e-01 0.000000000000000000e+00
-4.354366819492865304e+00 -3.809579599424701701e-01 0.000000000000000000e+00
-4.390848600318916439e+00 -6.170937565656882118e-01 0.000000000000000000e+00
-4.384348636548817346e+00 -6.944128344627128469e-01 0.000000000000000000e+00
-4.327994130456810140e+00 -8.412770651416802137e-01 0.000000000000000000e+00
-1.466243192004534901e+00 -3.116596890900254491e-01 0.000000000000000000e+00
-1.424529030181739486e+00 -3.288785162039952747e-01 0.000000000000000000e+00
-1.403047583137953414e+00 -3.498191268815935562e-01 0.000000000000000000e+00
-1.411132201613825465e+00 -4.046357240380855647e-01 0.000000000000000000e+00
-1.459321057189874704e+00 -4.461593010315533236e-01 0.000000000000000000e+00
-1.496962933312774302e+00 -4.863928240525158819e-01 0.000000000000000000e+00
-1.458935120948541941e+00 -5.023517292576618054e-01 0.000000000000000000e+00
-1.493171534941871270e+00 -5.434700771969498412e-01 0.000000000000000000e+00
-4.090735251100878322e+00 -1.652764558992728672e+00 0.000000000000000000e+00
-4.006037256329811669e+00 -1.700462160558510405e+00 0.000000000000000000e+00
-4.005896953408326411e+00 -1.783540469394410577e+00 0.000000000000000000e+00
-3.984128857998417317e+00 -1.857830034726694501e+00 0.000000000000000000e+00
-3.950199722397871760e+00 -1.926641374390114958e+00 0.000000000000000000e+00
-3.926665712593544910e+00 -2.000736352728374357e+00 0.000000000000000000e+00
-3.861445870156015481e+00 -2.140434641613071953e+00 0.000000000000000000e+00
-3.832162470241463836e+00 -2.212500280152844390e+00 0.000000000000000000e+00
-3.796393780108433980e+00 -2.281103765241446535e+00 0.000000000000000000e+00
-3.778054090477888316e+00 -2.360790462884041485e+00 0.000000000000000000e+00
-3.743825487816821784e+00 -2.431268953894776264e+00 0.000000000000000000e+00
-3.724865718999188946e+00 -2.512453909956481546e+00 0.000000000000000000e+00
-3.633791593596516378e+00 -2.738258641909960822e+00 0.000000000000000000e+00
-2.887271321936049961e+00 -2.255783802830530149e+00 0.000000000000000000e+00
-2.836582725465958355e+00 -2.297019620675969875e+00 0.000000000000000000e+00
-2.230628658419385069e+00 -2.080095069309927158e+00 0.000000000000000000e+00
-1.856155214875857551e+00 -1.856155386353512959e+00 0.000000000000000000e+00
-1.529191607393160623e+00 -1.822419760332090855e+00 0.000000000000000000e+00
-1.527360532292422413e+00 -1.886133353343261598e+00 0.000000000000000000e+00
-2.194503290726178335e+00 -3.134075799539085772e+00 0.000000000000000000e+00
1.832710458617321958e+00 -2.822126403805642170e+00 0.000000000000000000e+00
1.796127640780532664e+00 -2.662868530714001203e+00 0.000000000000000000e+00
1.804471507412811482e+00 -2.577052192503198391e+00 0.000000000000000000e+00
1.795684072090845129e+00 -2.471546908542451959e+00 0.000000000000000000e+00
2.807672198006109898e+00 -3.118235664743763014e+00 0.000000000000000000e+00
2.890991047957343962e+00 -3.100208127634237698e+00 0.000000000000000000e+00
2.288204690958613785e+00 -2.369505159667562921e+00 0.000000000000000000e+00
3.034902278636020245e+00 -3.034902072119063821e+00 0.000000000000000000e+00
3.095319242945271387e+00 -2.989114844640085700e+00 0.000000000000000000e+00
3.200403846011588449e+00 -2.984424666178703056e+00 0.000000000000000000e+00
2.877815307464228756e+00 -2.248395582167745488e+00 0.000000000000000000e+00
2.673831793617715835e+00 -2.014876639276171666e+00 0.000000000000000000e+00
2.837222642210549317e+00 -2.061362768771547227e+00 0.000000000000000000e+00
2.808872342880124773e+00 -1.966793451588674024e+00 0.000000000000000000e+00
2.807121214282454869e+00 -1.893427033955391581e+00 0.000000000000000000e+00
2.745300646782294240e+00 -1.584999950309252226e+00 0.000000000000000000e+00
2.723565887864535018e+00 -1.509697110435157974e+00 0.000000000000000000e+00
2.690341300196302132e+00 -1.430479734220762023e+00 0.000000000000000000e+00
2.656090443772920029e+00 -1.353345571571807238e+00 0.000000000000000000e+00
2.614591848795030593e+00 -1.275221548650470549e+00 0.000000000000000000e+00
2.584789844649701962e+00 -1.205307200723636951e+00 0.000000000000000000e+00
2.525039624223961443e+00 -1.124219977894260980e+00 0.000000000000000000e+00
2.556245890672977694e+00 -1.032790287591623501e+00 0.000000000000000000e+00
2.530936534084736067e+00 -9.715354210143585245e-01 0.000000000000000000e+00
2.503341201956168494e+00 -9.111415968503517870e-01 0.000000000000000000e+00
2.563300852915183281e+00 -8.826151773534701706e-01 0.000000000000000000e+00
2.650594480839087108e+00 -8.612302645442594384e-01 0.000000000000000000e+00
2.726424951943852815e+00 -8.335516683559195394e-01 0.000000000000000000e+00
2.819380662862799536e+00 -8.084443039236873796e-01 0.000000000000000000e+00
2.919619923153654817e+00 -7.279429119870919340e-01 0.000000000000000000e+00
3.029316520592882256e+00 -6.993727306986182723e-01 0.000000000000000000e+00
3.119312611997552498e+00 -6.630302672005647935e-01 0.000000000000000000e+00
3.282561419457432628e+00 -6.380652032324302114e-01 0.000000000000000000e+00
3.417282948777903062e+00 -6.025590813744271523e-01 0.000000000000000000e+00
3.530985881030117124e+00 -5.592531170271053398e-01 0.000000000000000000e+00
3.650128223929936855e+00 -5.129919593381724319e-01 0.000000000000000000e+00
3.900514817132693324e+00 -4.099605136151236451e-01 0.000000000000000000e+00
4.086390897414044154e+00 -3.575127604293710237e-01 0.000000000000000000e+00
4.253613057892689397e+00 -2.974414786424299795e-01 0.000000000000000000e+00
1.478774712766267152e+00 2.581214975462731154e-02 0.000000000000000000e+00
6.943751728467036699e+00 7.298179057496173572e-01 0.000000000000000000e+00
6.473020295955509873e+00 2.228839812979088730e+00 0.000000000000000000e+00
6.435015054636395782e+00 2.342154120847337317e+00 0.000000000000000000e+00
6.470646090947232310e+00 2.483848504105814925e+00 0.000000000000000000e+00
3.696747262884063190e+00 1.569176223315345453e+00 0.000000000000000000e+00
2.379964155813504068e+00 1.109795583151198306e+00 0.000000000000000000e+00
1.262607458425231810e+00 7.586511398688162711e-01 0.000000000000000000e+00
1.256807254298021981e+00 7.853403757333711210e-01 0.000000000000000000e+00
1.298272805529807838e+00 8.756961086080232715e-01 0.000000000000000000e+00
3.288512794882115120e+00 3.405354834410735609e+00 0.000000000000000000e+00
3.078540484436044444e+00 3.301330630921856191e+00 0.000000000000000000e+00
2.910718004506470002e+00 3.232679982390033846e+00 0.000000000000000000e+00
2.744294908538555067e+00 3.156950298782955855e+00 0.000000000000000000e+00
2.638643083421505331e+00 3.144612509500205100e+00 0.000000000000000000e+00
2.539307615868427792e+00 3.135783889334267993e+00 0.000000000000000000e+00
2.349364117573179644e+00 3.007049072862716166e+00 0.000000000000000000e+00
2.160698595557055679e+00 2.973946611587549249e+00 0.000000000000000000e+00
2.056271485986309600e+00 2.936660152185378792e+00 0.000000000000000000e+00
1.040805170757533427e+00 1.602699487600088846e+00 0.000000000000000000e+00
1.754032677873530455e+00 2.807039185004793325e+00 0.000000000000000000e+00
1.662542812261657232e+00 2.766936016093837658e+00 0.000000000000000000e+00
1.581999962836166507e+00 2.740104438674009213e+00 0.000000000000000000e+00
1.500000960761962654e+00 2.706073491842910794e+00 0.000000000000000000e+00
1.369235309742538265e+00 2.687275732436367193e+00 0.000000000000000000e+00
1.294071531506119310e+00 2.653239962203779001e+00 0.000000000000000000e+00
1.223057221815698536e+00 2.622854807509751307e+00 0.000000000000000000e+00
1.156352200497841709e+00 2.597209698824400892e+00 0.000000000000000000e+00
1.128822156145399047e+00 2.659338486754576625e+00 0.000000000000000000e+00
1.086733685651096959e+00 2.689760403691827673e+00 0.000000000000000000e+00
1.062202546168705242e+00 2.767132391441613048e+00 0.000000000000000000e+00
1.044871507652892495e+00 2.870761038536938425e+00 0.000000000000000000e+00
9.619698236561377014e-01 2.960638872923929021e+00 0.000000000000000000e+00
9.388054783391457381e-01 3.070694555529504211e+00 0.000000000000000000e+00
9.093275867996375439e-01 3.171202375044215316e+00 0.000000000000000000e+00
8.833493698993781784e-01 3.296704964019959938e+00 0.000000000000000000e+00
8.472104409765099930e-01 3.397975739068014533e+00 0.000000000000000000e+00
8.089239201323599193e-01 3.503834724402924650e+00 0.000000000000000000e+00
7.701048389759858059e-01 3.623058722781967056e+00 0.000000000000000000e+00
7.119082883496830050e-01 3.662450981305447328e+00 0.000000000000000000e+00
5.858469908344876576e-01 3.698892732449497789e+00 0.000000000000000000e+00
5.228732733580614411e-01 3.720437112853641537e+00 0.000000000000000000e+00
4.652970992972252917e-01 3.789541292363848957e+00 0.000000000000000000e+00
4.005530098383952020e-01 3.811007926765658027e+00 0.000000000000000000e+00
3.372926510488325480e-01 3.855273373157312111e+00 0.000000000000000000e+00
2.707945657749847301e-01 3.872543617082738532e+00 0.000000000000000000e+00
2.041101713335747025e-01 3.894655284081526503e+00 0.000000000000000000e+00
6.926853978891180097e-02 3.968395604251647946e+00 0.000000000000000000e+00
-6.292913407636908966e-08 3.990000009536742276e+00 0.000000000000000000e+00
-7.029835397323760948e-02 4.027386392939003024e+00 0.000000000000000000e+00
-1.426343026107264322e-01 4.084510201069569746e+00 0.000000000000000000e+00
-2.158858828004960595e-01 4.119346827545291134e+00 0.000000000000000000e+00
-2.918611507807317151e-01 4.173807997063412323e+00 0.000000000000000000e+00
-3.688431559784487446e-01 4.215895831350336742e+00 0.000000000000000000e+00
-4.473819083967405796e-01 4.256553914142143569e+00 0.000000000000000000e+00
-5.999752829009051824e-01 4.269045507093724545e+00 0.000000000000000000e+00
-6.854958840267002529e-01 4.328050268368702547e+00 0.000000000000000000e+00
-7.690878245587107198e-01 4.361713429325711822e+00 0.000000000000000000e+00
-8.639831712648138318e-01 4.444807754481903572e+00 0.000000000000000000e+00
-2.095750016659042592e-01 9.859727944325151761e-01 0.000000000000000000e+00
-2.229265076359575604e-01 9.656007278257391357e-01 0.000000000000000000e+00
-2.380511650966309622e-01 9.547710177240523732e-01 0.000000000000000000e+00
-2.536426821469567328e-01 9.466073247008666147e-01 0.000000000000000000e+00
-2.868166567851749837e-01 9.381349676633868873e-01 0.000000000000000000e+00
-3.031456858416687328e-01 9.329864443376404415e-01 0.000000000000000000e+00
-3.203590851185618149e-01 9.303902998589808071e-01 0.000000000000000000e+00
-3.365478424116358225e-01 9.246575599960011882e-01 0.000000000000000000e+00
-3.533508106688343919e-01 9.205102972920218285e-01 0.000000000000000000e+00
-3.697367151256915063e-01 9.151304491150025200e-01 0.000000000000000000e+00
-3.864331063600363048e-01 9.103793158011536102e-01 0.000000000000000000e+00
-4.042962417686393750e-01 9.080641959498172433e-01 0.000000000000000000e+00
-4.370560351343589223e-01 8.960976399460326425e-01 0.000000000000000000e+00
-4.548984798709090338e-01 8.927885087800619957e-01 0.000000000000000000e+00
-4.746357781372653184e-01 8.926600435310652060e-01 0.000000000000000000e+00
-2.986470978084813765e+00 3.202597966355437809e+00 0.000000000000000000e+00
-3.804961252306866548e+00 2.664262504193359860e+00 0.000000000000000000e+00
-3.857511745234905920e+00 2.601924479954872638e+00 0.000000000000000000e+00
-3.913236797750713869e+00 2.541285645567191054e+00 0.000000000000000000e+00
-3.905261518327312942e+00 2.440278190932062774e+00 0.000000000000000000e+00
-3.870842107365820350e+00 2.058163220269360494e+00 0.000000000000000000e+00
-5.500936865403807552e+00 2.335009121339322480e+00 0.000000000000000000e+00
-5.462039910775642326e+00 2.206807328716496652e+00 0.000000000000000000e+00
-5.501900325256134927e+00 2.002527910990748339e+00 0.000000000000000000e+00
-5.356362706085744385e+00 1.844343549517986069e+00 0.000000000000000000e+00
-5.025382565773791832e+00 1.632845743182341325e+00 0.000000000000000000e+00
-5.267326506852755053e+00 1.610383288410969671e+00 0.000000000000000000e+00
-5.243682486676267018e+00 1.503601724712256837e+00 0.000000000000000000e+00
-5.147418732377293082e+00 1.379246661375080896e+00 0.000000000000000000e+00
-4.849342573385040822e+00 6.815306298517572747e-01 0.000000000000000000e+00
-4.827744329043803795e+00 5.927724452950174916e-01 0.000000000000000000e+00
-4.799562881727222674e+00 5.044543648695739568e-01 0.000000000000000000e+00
-4.828555825064441365e+00 4.224438750720339586e-01 0.000000000000000000e+00
-4.671152512626292719e+00 1.631202220354189270e-01 0.000000000000000000e+00
-4.657290556714190011e+00 8.129329163834858596e-02 0.000000000000000000e+00
-4.592000007629393643e+00 -1.654841329222961893e-08 0.000000000000000000e+00
