-7.256894461859337397e+00 -1.266699425016891978e-01 0.000000000000000000e+00
-3.974545556566173143e+00 -2.082973130048532129e-01 0.000000000000000000e+00
-4.001229547138700049e+00 -2.797934341006214631e-01 0.000000000000000000e+00
-3.076432360222551843e+00 -9.405599300751795733e-01 0.000000000000000000e+00
-3.023408522011430399e+00 -9.823651451617635422e-01 0.000000000000000000e+00
-2.987838728910206854e+00 -1.028795544544298224e+00 0.000000000000000000e+00
-2.974127055280006093e+00 -1.082493888010988448e+00 0.000000000000000000e+00
-3.787877182217950001e+00 -1.607858690536932755e+00 0.000000000000000000e+00
-3.777510593983334442e+00 -1.681856297427491098e+00 0.000000000000000000e+00
-3.813743246845255452e+00 -1.778377909263905821e+00 0.000000000000000000e+00
-3.803696200333699373e+00 -1.855186823496832504e+00 0.000000000000000000e+00
-3.811684582628754647e+00 -2.026708880184830530e+00 0.000000000000000000e+00
-3.769610786685835269e+00 -2.089529617799527728e+00 0.000000000000000000e+00
-3.783536385413559966e+00 -2.273378262264557303e+00 0.000000000000000000e+00
-3.583851004635657311e+00 -2.239438893547193388e+00 0.000000000000000000e+00
-3.480482828883629143e+00 -2.260252213669063259e+00 0.000000000000000000e+00
-3.375011931557671652e+00 -2.276474526407940235e+00 0.000000000000000000e+00
-3.086564707945833597e+00 -2.161236094370599936e+00 0.000000000000000000e+00
-2.723151058347659692e+00 -1.978485251320080573e+00 0.000000000000000000e+00
-2.696992095995490502e+00 -2.032329516925654112e+00 0.000000000000000000e+00
-2.821078333896206658e+00 -2.204068167674666068e+00 0.000000000000000000e+00
-2.679623285055116710e+00 -2.248471124196104842e+00 0.000000000000000000e+00
-2.581106717087088498e+00 -2.243722049822238329e+00 0.000000000000000000e+00
-2.477644826400050349e+00 -2.230881631075193550e+00 0.000000000000000000e+00
-2.368854596892917552e+00 -2.208992854238983838e+00 0.000000000000000000e+00
-2.282465154336840829e+00 -2.204151182778501639e+00 0.000000000000000000e+00
-2.198394858233655214e+00 -2.198395061328521916e+00 0.000000000000000000e+00
-2.122875874901877236e+00 -2.198302523490897276e+00 0.000000000000000000e+00
-2.040539063065360814e+00 -2.188210444275723532e+00 0.000000000000000000e+00
-1.928157313619398572e+00 -2.218091462245528334e+00 0.000000000000000000e+00
-1.856370523434969666e+00 -2.212336444988160178e+00 0.000000000000000000e+00
-1.786011206921413352e+00 -2.205540365615772824e+00 0.000000000000000000e+00
-1.726314615777486017e+00 -2.209582153064162835e+00 0.000000000000000000e+00
-1.671842104254986250e+00 -2.218609615248081646e+00 0.000000000000000000e+00
-1.613470350398234832e+00 -2.220751629540136385e+00 0.000000000000000000e+00
-1.620926891105605838e+00 -2.314923729531141117e+00 0.000000000000000000e+00
-1.598173234595285264e+00 -2.369389487014269768e+00 0.000000000000000000e+00
2.241028745283508705e+00 -3.586395396099830268e+00 0.000000000000000000e+00
2.227029258998669548e+00 -3.429324061701219506e+00 0.000000000000000000e+00
2.199305854199799626e+00 -3.260604767497878864e+00 0.000000000000000000e+00
2.148617468661034646e+00 -3.068543524082844698e+00 0.000000000000000000e+00
2.137872324394292534e+00 -2.374347594184648358e+00 0.000000000000000000e+00
2.123060915716397545e+00 -2.276703938954458550e+00 0.000000000000000000e+00
2.118013463673406260e+00 -2.193266996720038886e+00 0.000000000000000000e+00
2.099400176253188199e+00 -2.099400033394639209e+00 0.000000000000000000e+00
2.105507697424215952e+00 -2.033265010780009874e+00 0.000000000000000000e+00
2.120194396114970736e+00 -1.977113126127791443e+00 0.000000000000000000e+00
2.253562918201680532e+00 -1.958992225152586864e+00 0.000000000000000000e+00
2.344862189284635079e+00 -1.967572864937971344e+00 0.000000000000000000e+00
2.417701198549742525e+00 -1.957815694668904705e+00 0.000000000000000000e+00
2.533454570681636486e+00 -1.979351506529602789e+00 0.000000000000000000e+00
2.645879481524747501e+00 -1.993813062732458841e+00 0.000000000000000000e+00
2.760366002766844851e+00 -2.005523155508516453e+00 0.000000000000000000e+00
2.870308786667490342e+00 -2.009811709658027468e+00 0.000000000000000000e+00
2.970441641797739507e+00 -2.003588045557321173e+00 0.000000000000000000e+00
3.111488451508388486e+00 -1.944273632571325461e+00 0.000000000000000000e+00
3.267521844423206367e+00 -1.963325055233610561e+00 0.000000000000000000e+00
3.310815140184123706e+00 -1.911499871180083687e+00 0.000000000000000000e+00
3.350668235631268921e+00 -1.857305591870812789e+00 0.000000000000000000e+00
3.426719702739491336e+00 -1.822019046158259048e+00 0.000000000000000000e+00
3.474034430848279786e+00 -1.770108816700542986e+00 0.000000000000000000e+00
3.563602199798650005e+00 -1.661734860504300526e+00 0.000000000000000000e+00
3.596628549781841322e+00 -1.601322066370462149e+00 0.000000000000000000e+00
3.661768286821341700e+00 -1.554328286369947465e+00 0.000000000000000000e+00
3.743041433872567492e+00 -1.512286769070903425e+00 0.000000000000000000e+00
3.809008113885099522e+00 -1.462141089566559637e+00 0.000000000000000000e+00
3.851800074054181788e+00 -1.401940441630409317e+00 0.000000000000000000e+00
3.956049776292948739e+00 -1.362177042523495141e+00 0.000000000000000000e+00
4.033693435926167581e+00 -1.233223709589135408e+00 0.000000000000000000e+00
4.064214643186601528e+00 -1.165394663263086272e+00 0.000000000000000000e+00
4.128367176836936991e+00 -1.106192518492541188e+00 0.000000000000000000e+00
4.175182515311222531e+00 -1.040989785749344865e+00 0.000000000000000000e+00
1.043683527324603011e+00 -2.218417497923425297e-01 0.000000000000000000e+00
1.036598306033164052e+00 -2.014942675219670021e-01 0.000000000000000000e+00
1.040035801075369637e+00 -1.647254571863358552e-01 0.000000000000000000e+00
1.038791232901021377e+00 -1.459925562109347374e-01 0.000000000000000000e+00
1.041180941375279279e+00 -1.278409141781847724e-01 0.000000000000000000e+00
1.041264477864964233e+00 -1.094412763873323924e-01 0.000000000000000000e+00
1.039031055610137866e+00 -9.090340845710476181e-02 0.000000000000000000e+00
1.039461797619245953e+00 -7.268621989545970274e-02 0.000000000000000000e+00
1.039573355795116782e+00 -5.448170143111392277e-02 0.000000000000000000e+00
1.042841129395635669e+00 -1.820283033686002222e-02 0.000000000000000000e+00
1.047000050544738325e+00 2.925284348087586419e-08 0.000000000000000000e+00
1.047840362084182075e+00 1.829015069811706917e-02 0.000000000000000000e+00
1.051359194756712467e+00 3.671430121895308263e-02 0.000000000000000000e+00
5.136457452384624034e+00 3.591762357500691283e-01 0.000000000000000000e+00
5.154311142822155745e+00 4.509439348833938488e-01 0.000000000000000000e+00
5.144661609700410310e+00 5.407258652968748303e-01 0.000000000000000000e+00
5.120676167911434540e+00 7.196642431269342222e-01 0.000000000000000000e+00
5.133016310721619568e+00 8.129900561603140563e-01 0.000000000000000000e+00
3.842589278042772616e+00 2.591859325273151882e+00 0.000000000000000000e+00
3.790216328590340744e+00 2.653938175813682854e+00 0.000000000000000000e+00
3.748175588781731626e+00 2.723209099810761646e+00 0.000000000000000000e+00
3.702474285492532324e+00 2.790014626383056751e+00 0.000000000000000000e+00
3.625637280489002023e+00 2.832658427308735405e+00 0.000000000000000000e+00
5.395724186843460224e+00 4.369371496535318755e+00 0.000000000000000000e+00
5.217307307116076487e+00 4.535336254335430972e+00 0.000000000000000000e+00
4.072212246354547815e+00 4.366913182552515593e+00 0.000000000000000000e+00
3.865499834168735660e+00 4.446749078772709751e+00 0.000000000000000000e+00
3.743594868309154666e+00 4.461442825424077441e+00 0.000000000000000000e+00
3.568875847297095838e+00 4.407194825492258161e+00 0.000000000000000000e+00
3.308778993311212169e+00 4.390898218745920012e+00 0.000000000000000000e+00
3.206368415327652155e+00 4.413187708768154138e+00 0.000000000000000000e+00
2.971125754836049015e+00 4.243207509719279180e+00 0.000000000000000000e+00
1.017385702330905639e+00 1.566636667101316993e+00 0.000000000000000000e+00
2.501499805373153418e+00 4.332724956425926699e+00 0.000000000000000000e+00
2.378475979008751739e+00 4.290884450174756282e+00 0.000000000000000000e+00
2.277406388507695834e+00 4.283178669298757235e+00 0.000000000000000000e+00
2.076125695850782549e+00 4.256688698172923502e+00 0.000000000000000000e+00
1.990531947167241134e+00 4.268709749637596751e+00 0.000000000000000000e+00
1.844641651561881313e+00 4.345703627062024843e+00 0.000000000000000000e+00
1.742669773136876099e+00 4.313259278132930419e+00 0.000000000000000000e+00
1.642041785915561380e+00 4.277665338213113344e+00 0.000000000000000000e+00
1.378833718638148076e+00 4.243614099227269953e+00 0.000000000000000000e+00
1.296668417076551894e+00 4.241211561406802666e+00 0.000000000000000000e+00
1.140615472780767803e+00 4.256835199398694591e+00 0.000000000000000000e+00
1.039054486442324121e+00 4.167420236737480188e+00 0.000000000000000000e+00
9.015050104749978699e-01 4.241247978880624991e+00 0.000000000000000000e+00
8.214326194069855314e-01 4.225904870411750558e+00 0.000000000000000000e+00
2.172874577347985170e-01 1.371899166235949652e+00 0.000000000000000000e+00
1.887186948385209950e-01 1.342803451508083334e+00 0.000000000000000000e+00
1.612331137930801683e-01 1.313138515881824953e+00 0.000000000000000000e+00
1.402771763703251351e-01 1.334648393498026664e+00 0.000000000000000000e+00
1.189675673160432573e-01 1.359805774352429886e+00 0.000000000000000000e+00
1.003795430330478161e-01 1.435494680426192993e+00 0.000000000000000000e+00
7.593944776970422417e-02 1.449011431395832217e+00 0.000000000000000000e+00
2.488710888312012370e-02 1.425782812735362448e+00 0.000000000000000000e+00
-2.316864576365129842e-08 1.468999981880187766e+00 0.000000000000000000e+00
-3.752270911793523928e-02 2.149672639352424142e+00 0.000000000000000000e+00
-2.933260306620311120e-01 4.194756750766840625e+00 0.000000000000000000e+00
-3.677972795706153097e-01 4.203941411385037519e+00 0.000000000000000000e+00
-4.412147265911359750e-01 4.197877107232479865e+00 0.000000000000000000e+00
-5.145324448590905542e-01 4.190529965761975006e+00 0.000000000000000000e+00
-5.895373257830289759e-01 4.194775590970086121e+00 0.000000000000000000e+00
-6.635950777947232648e-01 4.189774032874768572e+00 0.000000000000000000e+00
-8.115106754832295266e-01 4.174860186168077192e+00 0.000000000000000000e+00
-8.896541437819390774e-01 4.185493380653769968e+00 0.000000000000000000e+00
-9.645902036062290463e-01 4.178098928355160169e+00 0.000000000000000000e+00
-1.035909630310594798e+00 4.154806348460049037e+00 0.000000000000000000e+00
-1.119259593088802518e+00 3.444726667138268361e+00 0.000000000000000000e+00
-1.158371566539946995e+00 3.364155159646426529e+00 0.000000000000000000e+00
-1.451031800039062958e+00 3.780066928687376038e+00 0.000000000000000000e+00
-1.132252314235874247e+00 2.222170220213271374e+00 0.000000000000000000e+00
-1.174148370968947086e+00 2.208251851671310995e+00 0.000000000000000000e+00
-1.070459637573617728e+00 1.931160252299913616e+00 0.000000000000000000e+00
-1.185959290603762151e+00 1.897931554453363034e+00 0.000000000000000000e+00
-2.863626801592426663e+00 4.245501222089710147e+00 0.000000000000000000e+00
-2.980303267157110803e+00 4.256314070469112032e+00 0.000000000000000000e+00
-1.976134041140013675e+00 2.719915104281302121e+00 0.000000000000000000e+00
-2.944572310694742345e+00 1.912227583519686469e+00 0.000000000000000000e+00
-2.973256675443318731e+00 1.857896939059584973e+00 0.000000000000000000e+00
-1.724750072174987992e+00 9.560445595348825432e-01 0.000000000000000000e+00
-6.736034657549737403e+00 1.066883045956773746e+00 0.000000000000000000e+00
-6.728871607081270412e+00 9.456812001146238655e-01 0.000000000000000000e+00
-6.712589638659289371e+00 8.242023403004367088e-01 0.000000000000000000e+00
-6.720978869584923743e+00 7.064033143239439871e-01 0.000000000000000000e+00
-6.232201259132200910e+00 2.176332394224254063e-01 0.000000000000000000e+00
-7.369999885559081143e+00 -2.655962627771838399e-08 0.000000000000000000e+00
