-5.997247883238177479e+00 -1.384574089652136797e+00 0.000000000000000000e+00
-4.732318874868819414e+00 -1.816567286803027370e+00 0.000000000000000000e+00
-5.383468184111809052e+00 -2.510352762150162231e+00 0.000000000000000000e+00
-4.534415924314153301e+00 -2.211582690095971415e+00 0.000000000000000000e+00
-5.300334071289604765e+00 -2.818237946336158650e+00 0.000000000000000000e+00
-5.261711836952124521e+00 -2.916614829963378508e+00 0.000000000000000000e+00
-5.209142543116028534e+00 -3.007500184425664358e+00 0.000000000000000000e+00
-3.136560806146110103e+00 -2.539937104065014495e+00 0.000000000000000000e+00
-2.969188089238741224e+00 -2.491444867715051359e+00 0.000000000000000000e+00
-2.940348336003843155e+00 -2.556006054292621510e+00 0.000000000000000000e+00
-2.910898200369997912e+00 -2.620984757759117212e+00 0.000000000000000000e+00
-1.238703082824977875e+00 -1.196201773303007254e+00 0.000000000000000000e+00
-2.798083697963155370e+00 -2.897500756823786272e+00 0.000000000000000000e+00
-1.079976718858627560e+00 -1.199435770128349787e+00 0.000000000000000000e+00
-2.748231213207791068e+00 -3.161478654897830420e+00 0.000000000000000000e+00
-2.718348712760821240e+00 -3.239602143810968560e+00 0.000000000000000000e+00
-2.638109175051749578e+00 -3.376626078325756453e+00 0.000000000000000000e+00
-2.600442619058914051e+00 -3.450904235430763300e+00 0.000000000000000000e+00
-2.584491497927824177e+00 -3.557247707799045422e+00 0.000000000000000000e+00
-1.584791598715702854e+00 -2.263317178806403707e+00 0.000000000000000000e+00
6.210000306710540263e-01 -1.075603515071790195e+00 0.000000000000000000e+00
6.309216917576333516e-01 -1.050029941136079170e+00 0.000000000000000000e+00
6.533905114395279767e-01 -1.045643313149732689e+00 0.000000000000000000e+00
6.933992421419981067e-01 -1.028006573251370792e+00 0.000000000000000000e+00
7.077933396179175718e-01 -1.010833571053018298e+00 0.000000000000000000e+00
8.269270360136236064e-01 -1.021169772701160827e+00 0.000000000000000000e+00
8.522207288118816004e-01 -9.803677339662597578e-01 0.000000000000000000e+00
8.718771955563366927e-01 -9.683176577348524550e-01 0.000000000000000000e+00
8.968279154880747228e-01 -9.617301287217352446e-01 0.000000000000000000e+00
9.204224065397350607e-01 -9.531252383089288127e-01 0.000000000000000000e+00
9.461089472273613854e-01 -9.461088828471863055e-01 0.000000000000000000e+00
9.739861016384533388e-01 -9.405673813827364338e-01 0.000000000000000000e+00
1.001223218341745991e+00 -9.336556925132231122e-01 0.000000000000000000e+00
1.043763392063787210e+00 -9.073296127820202894e-01 0.000000000000000000e+00
1.074760381578210300e+00 -9.018309787104397124e-01 0.000000000000000000e+00
1.105101626194072262e+00 -8.948935911785583786e-01 0.000000000000000000e+00
1.135523513268290374e+00 -8.871681389900163417e-01 0.000000000000000000e+00
1.166007904079116031e+00 -8.786499183487066489e-01 0.000000000000000000e+00
1.198154154021827678e+00 -8.705098879463546435e-01 0.000000000000000000e+00
1.231185567918611889e+00 -8.620853556448546673e-01 0.000000000000000000e+00
1.281488652385757154e+00 -8.322084024228844079e-01 0.000000000000000000e+00
1.316170710592065474e+00 -8.224346798800640235e-01 0.000000000000000000e+00
1.350038565542823532e+00 -8.111849491643580157e-01 0.000000000000000000e+00
1.389970815268668503e+00 -8.024999650637023585e-01 0.000000000000000000e+00
1.430877898680124716e+00 -7.931485111662401888e-01 0.000000000000000000e+00
1.468341860746722016e+00 -7.807311565090017114e-01 0.000000000000000000e+00
1.524354707909078011e+00 -7.434774082265717121e-01 0.000000000000000000e+00
1.572444046438340681e+00 -7.332426409172920767e-01 0.000000000000000000e+00
1.580433681089283393e+00 -7.036543509940373919e-01 0.000000000000000000e+00
1.593393873166255581e+00 -6.763555130739260512e-01 0.000000000000000000e+00
1.609591137693769936e+00 -6.503169746185990530e-01 0.000000000000000000e+00
1.628164243873124084e+00 -6.249936388562324918e-01 0.000000000000000000e+00
1.637884284974931770e+00 -5.961410700634829363e-01 0.000000000000000000e+00
1.661495730410764260e+00 -5.398526322245402742e-01 0.000000000000000000e+00
1.671620753501116274e+00 -5.110656968370973496e-01 0.000000000000000000e+00
1.692781896911726980e+00 -4.853973428880032914e-01 0.000000000000000000e+00
1.703893227447758063e+00 -4.565567595557083469e-01 0.000000000000000000e+00
1.720334337334001651e+00 -4.289274700378150618e-01 0.000000000000000000e+00
1.736327414385612000e+00 -4.008627150483675128e-01 0.000000000000000000e+00
1.750884179002019314e+00 -3.721618668728227664e-01 0.000000000000000000e+00
1.766745147143745864e+00 -3.115247841172695820e-01 0.000000000000000000e+00
1.783765145700525467e+00 -2.825205909592303777e-01 0.000000000000000000e+00
1.797336608760292664e+00 -2.525991340450692846e-01 0.000000000000000000e+00
1.818344573294323752e+00 -2.232645866854194583e-01 0.000000000000000000e+00
1.819975116703859808e+00 -1.912870399398040600e-01 0.000000000000000000e+00
1.832998282329393991e+00 -1.603665171123442867e-01 0.000000000000000000e+00
1.878422199567936435e+00 -9.844388264468571792e-02 0.000000000000000000e+00
1.893845600004979035e+00 -6.613449216005512499e-02 0.000000000000000000e+00
1.912708629375618807e+00 -3.338639959909331378e-02 0.000000000000000000e+00
1.927000045776366299e+00 5.383975931749773074e-08 0.000000000000000000e+00
1.948703157867573088e+00 3.401479434558286191e-02 0.000000000000000000e+00
1.969799274309058434e+00 6.878696097254656527e-02 0.000000000000000000e+00
1.996260390427789355e+00 1.046196290491734904e-01 0.000000000000000000e+00
2.029045194427498977e+00 1.418847176010178956e-01 0.000000000000000000e+00
2.034791795915447565e+00 2.138652914451712739e-01 0.000000000000000000e+00
2.063503438636855147e+00 2.533664201751331668e-01 0.000000000000000000e+00
2.084514295720542254e+00 2.929594361615066589e-01 0.000000000000000000e+00
2.103776269595393877e+00 3.332054846571581574e-01 0.000000000000000000e+00
2.125215113523581945e+00 3.747328225849473338e-01 0.000000000000000000e+00
2.165469643549391865e+00 4.209247181878498778e-01 0.000000000000000000e+00
2.190072546015664479e+00 4.655143504298034918e-01 0.000000000000000000e+00
2.206452398746821864e+00 5.501304309919639035e-01 0.000000000000000000e+00
2.232254674069825917e+00 5.981308992119163115e-01 0.000000000000000000e+00
2.265693908754430996e+00 6.496773370807445991e-01 0.000000000000000000e+00
2.295131487519326274e+00 7.016921780674252318e-01 0.000000000000000000e+00
2.324382112004191203e+00 7.552375953064675018e-01 0.000000000000000000e+00
2.358123267268836809e+00 8.119670233824392014e-01 0.000000000000000000e+00
2.376895746521397790e+00 9.124048605706372994e-01 0.000000000000000000e+00
2.423658647434935087e+00 9.792217264202567328e-01 0.000000000000000000e+00
2.454065811607000658e+00 1.041689206261962042e+00 0.000000000000000000e+00
2.505855190641290697e+00 1.115678686251347695e+00 0.000000000000000000e+00
2.538568189593017443e+00 1.183753863459122480e+00 0.000000000000000000e+00
2.572348519578925963e+00 1.254618279921874580e+00 0.000000000000000000e+00
2.599397685044994244e+00 1.382124346314081764e+00 0.000000000000000000e+00
2.638727586275534609e+00 1.462670668243782890e+00 0.000000000000000000e+00
2.688142895566403734e+00 1.552000109979136511e+00 0.000000000000000000e+00
2.732649284581285087e+00 1.641941429044759593e+00 0.000000000000000000e+00
2.801950784246210802e+00 1.750853262631264728e+00 0.000000000000000000e+00
2.809546279798580404e+00 1.824540781322296246e+00 0.000000000000000000e+00
2.911579978546142922e+00 1.963885591883292259e+00 0.000000000000000000e+00
2.967787731673853013e+00 2.078067444168839817e+00 0.000000000000000000e+00
2.744910229530423962e+00 2.068438319343947729e+00 0.000000000000000000e+00
2.594131398246340314e+00 2.026757669977842014e+00 0.000000000000000000e+00
2.570798861497166854e+00 2.081791967080220296e+00 0.000000000000000000e+00
2.566248762874524747e+00 2.153338488970832909e+00 0.000000000000000000e+00
2.537333550672709936e+00 2.205670504785460562e+00 0.000000000000000000e+00
2.531894417844619660e+00 2.279728075620897965e+00 0.000000000000000000e+00
2.509274494296881652e+00 2.339936424992450803e+00 0.000000000000000000e+00
2.456488887969402679e+00 2.456488995345949000e+00 0.000000000000000000e+00
5.148112911334306929e+00 5.331027210229557944e+00 0.000000000000000000e+00
4.963583866389067012e+00 5.322792258248176367e+00 0.000000000000000000e+00
5.051266684126258788e+00 5.610000237126144818e+00 0.000000000000000000e+00
1.570214425700342309e+00 4.314128926316424639e+00 0.000000000000000000e+00
5.355380351756684476e-01 3.810551586651598210e+00 0.000000000000000000e+00
4.790683229992609982e-01 3.901698924431759252e+00 0.000000000000000000e+00
2.934476094839993943e-01 5.599315680403600837e+00 0.000000000000000000e+00
9.647681273486559406e-02 5.527157938307460050e+00 0.000000000000000000e+00
-8.661824812101857644e-08 5.492000102996825284e+00 0.000000000000000000e+00
-9.560437096996758644e-02 5.477165836578793190e+00 0.000000000000000000e+00
-1.876197750274510023e-01 5.372725010711212335e+00 0.000000000000000000e+00
-4.654989093165770586e-01 5.320675955284778880e+00 0.000000000000000000e+00
-5.537918624650918220e-01 5.268976853005502115e+00 0.000000000000000000e+00
-6.444451787553862054e-01 5.248584146340574463e+00 0.000000000000000000e+00
-7.365041017808400259e-01 5.240498427637560575e+00 0.000000000000000000e+00
-8.158058340241969297e-01 5.150794835038938757e+00 0.000000000000000000e+00
-9.001922292911914703e-01 5.105243393661743845e+00 0.000000000000000000e+00
-1.393071235073946479e+00 4.858216496974646859e+00 0.000000000000000000e+00
-1.482324658458126443e+00 4.848465256921348221e+00 0.000000000000000000e+00
-1.561771923033555387e+00 4.806639518196796246e+00 0.000000000000000000e+00
-1.597888560861377094e+00 4.640605140730918343e+00 0.000000000000000000e+00
-2.163382921606900489e+00 4.639389497002381901e+00 0.000000000000000000e+00
-2.248405750323112962e+00 4.609914803913523151e+00 0.000000000000000000e+00
-2.328517413418230930e+00 4.569972600884513625e+00 0.000000000000000000e+00
-2.714765698020053630e+00 4.518128732086411858e+00 0.000000000000000000e+00
-2.021112053192612112e+00 3.234455323409491267e+00 0.000000000000000000e+00
-2.976024696508691392e+00 4.412137950018767185e+00 0.000000000000000000e+00
-3.072648945772377349e+00 4.388197364215962182e+00 0.000000000000000000e+00
-3.251004771684060657e+00 4.314228950659156681e+00 0.000000000000000000e+00
-4.072782009131151959e+00 4.217489149009460370e+00 0.000000000000000000e+00
-4.212453871225176449e+00 4.067919340069533263e+00 0.000000000000000000e+00
-2.774411050463969630e+00 2.246673729409099707e+00 0.000000000000000000e+00
-2.334014035421011268e+00 1.695760427486948885e+00 0.000000000000000000e+00
-2.343689149932374427e+00 1.580838264496929657e+00 0.000000000000000000e+00
-2.313892161868900565e+00 1.502659113225088383e+00 0.000000000000000000e+00
-8.870583162103072850e-01 5.542955453749210948e-01 0.000000000000000000e+00
-8.777393617203850251e-01 5.273990069160811034e-01 0.000000000000000000e+00
-8.668914734913243381e-01 5.005000167248604415e-01 0.000000000000000000e+00
-8.580019417040689600e-01 4.755982340108674822e-01 0.000000000000000000e+00
-8.562572954277379855e-01 4.362848755117118005e-01 0.000000000000000000e+00
-8.484615877953300966e-01 4.138223590371233884e-01 0.000000000000000000e+00
-8.392410126646629998e-01 3.913445041078078002e-01 0.000000000000000000e+00
-8.322399266471947055e-01 3.705370815729466250e-01 0.000000000000000000e+00
-8.266133625115682504e-01 3.508765485792924577e-01 0.000000000000000000e+00
-8.233392756543067570e-01 3.326506538243214628e-01 0.000000000000000000e+00
-8.206172044884205707e-01 3.150054252681451783e-01 0.000000000000000000e+00
-8.494821163540756670e-01 3.091861988261907501e-01 0.000000000000000000e+00
-8.873357582004675059e-01 2.883128590883736186e-01 0.000000000000000000e+00
-9.180525468610346573e-01 2.806768248417350065e-01 0.000000000000000000e+00
-9.631841961712335198e-01 2.761886178765626809e-01 0.000000000000000000e+00
-1.003596968191222460e+00 2.689129910953662606e-01 0.000000000000000000e+00
-4.512194805108008744e+00 9.590965887123026334e-01 0.000000000000000000e+00
