-7.251895108964617087e+00 -1.265826782115650750e-01 0.000000000000000000e+00
-7.021719960758521673e+00 -2.452042297965581485e-01 0.000000000000000000e+00
-4.178265977292844546e+00 -2.189738584457476822e-01 0.000000000000000000e+00
-3.963322006814626874e+00 -2.771426786864101266e-01 0.000000000000000000e+00
-3.108720248824913934e+00 -8.914113555601270722e-01 0.000000000000000000e+00
-3.044874311053991534e+00 -9.309116644727649659e-01 0.000000000000000000e+00
-3.007240599590170316e+00 -9.771118678290136028e-01 0.000000000000000000e+00
-2.965669762698917022e+00 -1.079415684774211348e+00 0.000000000000000000e+00
-2.957582718991522253e+00 -1.135309804220004493e+00 0.000000000000000000e+00
-3.775492605350456277e+00 -1.525398244529043268e+00 0.000000000000000000e+00
-3.794321126896973428e+00 -1.610593983144134045e+00 0.000000000000000000e+00
-3.825928477787137627e+00 -1.703413331023436728e+00 0.000000000000000000e+00
-3.837307269514678598e+00 -1.789365994894305922e+00 0.000000000000000000e+00
-3.784104808212270576e+00 -1.928097935111444450e+00 0.000000000000000000e+00
-2.918141778104577977e+00 -1.551603687848723823e+00 0.000000000000000000e+00
-3.772234872612758139e+00 -2.090984172546485720e+00 0.000000000000000000e+00
-3.993243078537706658e+00 -2.305500223070236387e+00 0.000000000000000000e+00
-3.748392621925327184e+00 -2.252261756480093524e+00 0.000000000000000000e+00
-3.583003018030796571e+00 -2.238909012650449615e+00 0.000000000000000000e+00
-3.443581200268156284e+00 -2.236288013336298341e+00 0.000000000000000000e+00
-3.307859816020917165e+00 -2.231179847896012536e+00 0.000000000000000000e+00
-2.988266559648051768e+00 -2.092406982975638208e+00 0.000000000000000000e+00
-2.673032863987171215e+00 -2.014274938832645745e+00 0.000000000000000000e+00
-2.871511122474448729e+00 -2.243470584323923323e+00 0.000000000000000000e+00
-2.760422385602504747e+00 -2.235346187564667186e+00 0.000000000000000000e+00
-2.660472284313822655e+00 -2.232401525007884580e+00 0.000000000000000000e+00
-2.532805208029413890e+00 -2.201734184618935330e+00 0.000000000000000000e+00
-2.443460163027480814e+00 -2.200101619037245104e+00 0.000000000000000000e+00
-2.352033461089531485e+00 -2.193306889875193733e+00 0.000000000000000000e+00
-2.227386325285983570e+00 -2.227386531059176278e+00 0.000000000000000000e+00
-2.146494202722919020e+00 -2.222760020164852079e+00 0.000000000000000000e+00
-2.059634932954991449e+00 -2.208688259521391029e+00 0.000000000000000000e+00
-1.981295601705859166e+00 -2.200451893440364515e+00 0.000000000000000000e+00
-1.907819551109400491e+00 -2.194695540623383678e+00 0.000000000000000000e+00
-1.836444173594623974e+00 -2.188589143783544078e+00 0.000000000000000000e+00
-1.780347284108370065e+00 -2.198546002790115583e+00 0.000000000000000000e+00
-1.719542390435177870e+00 -2.200914099097561305e+00 0.000000000000000000e+00
-1.615233718378180638e+00 -2.223178697576420504e+00 0.000000000000000000e+00
-1.596263115768012719e+00 -2.279700204582476797e+00 0.000000000000000000e+00
-1.603765157926497542e+00 -2.377679855083485450e+00 0.000000000000000000e+00
2.183267433014557835e+00 -3.493957980993027235e+00 0.000000000000000000e+00
2.205788316768468427e+00 -3.396615881515034907e+00 0.000000000000000000e+00
2.169109357962589524e+00 -3.215836624219961415e+00 0.000000000000000000e+00
2.111908500487273965e+00 -3.016117688303172617e+00 0.000000000000000000e+00
2.161058468609766692e+00 -2.486013214901766855e+00 0.000000000000000000e+00
2.117798424579929950e+00 -2.352053271372999799e+00 0.000000000000000000e+00
2.102600983674220547e+00 -2.254763349531734740e+00 0.000000000000000000e+00
2.098562947790243438e+00 -2.173125399281024883e+00 0.000000000000000000e+00
2.131403940688102683e+00 -2.058272720513639964e+00 0.000000000000000000e+00
2.143597762731595413e+00 -1.998937117087345339e+00 0.000000000000000000e+00
2.184845895561554840e+00 -1.967243947532722803e+00 0.000000000000000000e+00
2.270166405653337272e+00 -1.973425415619782797e+00 0.000000000000000000e+00
2.374737767063074934e+00 -1.992641449535318410e+00 0.000000000000000000e+00
2.466661367274833871e+00 -1.997462854872622540e+00 0.000000000000000000e+00
2.553154915181477858e+00 -1.994743101475164426e+00 0.000000000000000000e+00
2.706970892210014412e+00 -1.966729339577830471e+00 0.000000000000000000e+00
2.845734248212758111e+00 -1.992604433780540640e+00 0.000000000000000000e+00
2.943912582788763110e+00 -1.985693970567818489e+00 0.000000000000000000e+00
3.018375418351462169e+00 -1.960155776754105350e+00 0.000000000000000000e+00
3.191205059883083450e+00 -1.994086094406367193e+00 0.000000000000000000e+00
3.270950469549452677e+00 -1.965385180899442474e+00 0.000000000000000000e+00
3.301288931594451803e+00 -1.905999912492876591e+00 0.000000000000000000e+00
3.382572364454062619e+00 -1.798545491805699115e+00 0.000000000000000000e+00
3.456214317072281883e+00 -1.761029015927872310e+00 0.000000000000000000e+00
3.512487179966933049e+00 -1.713154327822391965e+00 0.000000000000000000e+00
3.574477969462302340e+00 -1.666806314772099507e+00 0.000000000000000000e+00
3.631343157425217516e+00 -1.616778004195374097e+00 0.000000000000000000e+00
3.670973326698566463e+00 -1.558235593642728123e+00 0.000000000000000000e+00
3.810875139429738212e+00 -1.462857773459706356e+00 0.000000000000000000e+00
3.876232103974972532e+00 -1.410832972436409483e+00 0.000000000000000000e+00
3.945648923970543898e+00 -1.358595742222078684e+00 0.000000000000000000e+00
4.008703400865165634e+00 -1.302506556685224304e+00 0.000000000000000000e+00
4.032737200473614614e+00 -1.232931359104208813e+00 0.000000000000000000e+00
4.098819848190668580e+00 -1.175317544993871310e+00 0.000000000000000000e+00
4.166038317527133827e+00 -1.116286469008469950e+00 0.000000000000000000e+00
4.229740558287926611e+00 -9.765124193154858245e-01 0.000000000000000000e+00
1.047596067379074070e+00 -2.226733857328286326e-01 0.000000000000000000e+00
1.039543208195709889e+00 -2.020666984247694031e-01 0.000000000000000000e+00
1.033063362664319751e+00 -1.821569124181545152e-01 0.000000000000000000e+00
1.042011152333490953e+00 -1.650383220307586885e-01 0.000000000000000000e+00
1.039781429199916563e+00 -1.461317191959963513e-01 0.000000000000000000e+00
1.039195874622231841e+00 -1.275971786867541591e-01 0.000000000000000000e+00
1.039031055610137866e+00 -9.090340845710476181e-02 0.000000000000000000e+00
1.040459289368800055e+00 -7.275597128489802445e-02 0.000000000000000000e+00
1.041570589153674842e+00 -5.458637193937833365e-02 0.000000000000000000e+00
1.041365298059179878e+00 -3.636524811741106977e-02 0.000000000000000000e+00
1.041841354168198563e+00 -1.818537922342860005e-02 0.000000000000000000e+00
1.047000050544738325e+00 2.925284348087586419e-08 0.000000000000000000e+00
1.047840362084182075e+00 1.829015069811706917e-02 0.000000000000000000e+00
5.259157499261277735e+00 3.677562622317550600e-01 0.000000000000000000e+00
5.160288352798441558e+00 4.514668731600410267e-01 0.000000000000000000e+00
5.161568679151060657e+00 5.425028703657990281e-01 0.000000000000000000e+00
5.149329618320398261e+00 6.322583172226181603e-01 0.000000000000000000e+00
5.161277049026970154e+00 7.253703259605643883e-01 0.000000000000000000e+00
5.267902032753423391e+00 1.711645276815644934e+00 0.000000000000000000e+00
3.795950367808647918e+00 2.657953193497049948e+00 0.000000000000000000e+00
3.670528896108327110e+00 2.765942047681655414e+00 0.000000000000000000e+00
3.609877080727746712e+00 2.820345209185667557e+00 0.000000000000000000e+00
4.739903203337312299e+00 4.420031440017957003e+00 0.000000000000000000e+00
4.424367011607422739e+00 4.424367205002658565e+00 0.000000000000000000e+00
4.104266121706410253e+00 4.401286757002435657e+00 0.000000000000000000e+00
3.963929474696472166e+00 4.402389872401891502e+00 0.000000000000000000e+00
3.825480006638941166e+00 4.400711531538141763e+00 0.000000000000000000e+00
3.703742167472637625e+00 4.413948223984697883e+00 0.000000000000000000e+00
3.541814931946533296e+00 4.373777376634683911e+00 0.000000000000000000e+00
3.411995692209660813e+00 4.367155523541810247e+00 0.000000000000000000e+00
3.208131923505583849e+00 4.415614969646210142e+00 0.000000000000000000e+00
3.055441667928365579e+00 4.363623118193547867e+00 0.000000000000000000e+00
1.061907318821639246e+00 1.574342412233707078e+00 0.000000000000000000e+00
9.845899825028092689e-01 1.575673416415018790e+00 0.000000000000000000e+00
2.577765538222963393e+00 4.290122489568762632e+00 0.000000000000000000e+00
2.484499846011297475e+00 4.303280161736305232e+00 0.000000000000000000e+00
2.292898945928000032e+00 4.312315933429738735e+00 0.000000000000000000e+00
2.191866080365983294e+00 4.301779602532650237e+00 0.000000000000000000e+00
1.996448576794037422e+00 4.281398003452785872e+00 0.000000000000000000e+00
1.819634809773198469e+00 4.286791196579696539e+00 0.000000000000000000e+00
1.720942558859610561e+00 4.259482532811464495e+00 0.000000000000000000e+00
1.614447575440166149e+00 4.205779958256025353e+00 0.000000000000000000e+00
1.392121517022517629e+00 4.284509740093445984e+00 0.000000000000000000e+00
1.305439629041839522e+00 4.269900904884912585e+00 0.000000000000000000e+00
1.197368560924854330e+00 4.175720696621546324e+00 0.000000000000000000e+00
1.139321348021734126e+00 4.252005459702775880e+00 0.000000000000000000e+00
1.065665925372965450e+00 4.274152896646373989e+00 0.000000000000000000e+00
9.753876898528961448e-01 4.224868584554310580e+00 0.000000000000000000e+00
8.214326194069855314e-01 4.225904870411750558e+00 0.000000000000000000e+00
7.303641385047792145e-01 4.142101275162896279e+00 0.000000000000000000e+00
2.133765816095249956e-01 1.347206863461331006e+00 0.000000000000000000e+00
1.835692989495018301e-01 1.306163591430240745e+00 0.000000000000000000e+00
1.634267624892554172e-01 1.331004353274002794e+00 0.000000000000000000e+00
1.189675673160432573e-01 1.359805774352429886e+00 0.000000000000000000e+00
9.940294857042746013e-02 1.421528725674200633e+00 0.000000000000000000e+00
7.651514505721628001e-02 1.459996393429771944e+00 0.000000000000000000e+00
4.983645746507382734e-02 1.427130075096136874e+00 0.000000000000000000e+00
2.614368146751038305e-02 1.497771873505424622e+00 0.000000000000000000e+00
-3.750525379982058011e-02 2.148672625743482723e+00 0.000000000000000000e+00
-2.931167763629108913e-01 4.191764275527325445e+00 0.000000000000000000e+00
-4.400648969830031620e-01 4.186937210854832614e+00 0.000000000000000000e+00
-5.138012235965290220e-01 4.184574647214073018e+00 0.000000000000000000e+00
-5.889806073067382908e-01 4.190814333602226327e+00 0.000000000000000000e+00
-6.629693106363006017e-01 4.185823094902627162e+00 0.000000000000000000e+00
-7.381784510431885771e-01 4.186417676032447410e+00 0.000000000000000000e+00
-8.113198803035244211e-01 4.173878630134955081e+00 0.000000000000000000e+00
-8.865354959712782312e-01 4.170821297283684004e+00 0.000000000000000000e+00
-1.035909630310594798e+00 4.154806348460049037e+00 0.000000000000000000e+00
-1.158371566539946995e+00 3.364155159646426529e+00 0.000000000000000000e+00
-1.198780684537710028e+00 3.293622727728564126e+00 0.000000000000000000e+00
-1.039378037731470750e+00 2.131040717322631117e+00 0.000000000000000000e+00
-1.141786181632908237e+00 2.240881487964089924e+00 0.000000000000000000e+00
-1.180251506795420013e+00 2.219730180409857478e+00 0.000000000000000000e+00
-1.088000081205754865e+00 1.884471368300596250e+00 0.000000000000000000e+00
-1.153170314190285595e+00 1.919197643219137772e+00 0.000000000000000000e+00
-1.233607492928534111e+00 1.899588910424173438e+00 0.000000000000000000e+00
-2.025872042328876965e+00 2.893245051185536099e+00 0.000000000000000000e+00
-1.149439980096714109e+00 1.471216051984862938e+00 0.000000000000000000e+00
-2.945696358636656687e+00 2.844625853145612115e+00 0.000000000000000000e+00
-2.936790621685602787e+00 1.835110420083404970e+00 0.000000000000000000e+00
-4.466358832524778499e+00 1.625621638686183257e+00 0.000000000000000000e+00
-6.700477628590851609e+00 1.061251366001221497e+00 0.000000000000000000e+00
-6.733823060755425693e+00 9.463770815233223388e-01 0.000000000000000000e+00
-6.714574587085683888e+00 8.244460613122184256e-01 0.000000000000000000e+00
-6.731918765984849173e+00 7.075531437201112439e-01 0.000000000000000000e+00
-6.743241967110429336e+00 5.899571984541521763e-01 0.000000000000000000e+00
-7.377999782562254971e+00 -2.658845589480981322e-08 0.000000000000000000e+00
