-7.249895558512542415e+00 -1.265477758243077344e-01 0.000000000000000000e+00
-4.004504652048184177e+00 -2.098674042266406581e-01 0.000000000000000000e+00
-3.967312211628265306e+00 -2.774217011954714374e-01 0.000000000000000000e+00
-3.113526667243210699e+00 -8.927895741242652949e-01 0.000000000000000000e+00
-3.042961612194968968e+00 -9.303268936426443148e-01 0.000000000000000000e+00
-2.989729628968091024e+00 -1.029446633753333229e+00 0.000000000000000000e+00
-2.963790513707680763e+00 -1.078731693973128181e+00 0.000000000000000000e+00
-2.959449967061586584e+00 -1.136026573704503440e+00 0.000000000000000000e+00
-3.728206120064751605e+00 -1.506293261634217284e+00 0.000000000000000000e+00
-3.796162003130460594e+00 -1.611375388851824297e+00 0.000000000000000000e+00
-3.826841957011751116e+00 -1.703820038231335099e+00 0.000000000000000000e+00
-3.753363954370090294e+00 -1.830638143846628596e+00 0.000000000000000000e+00
-3.792123710380964408e+00 -1.932183770334550577e+00 0.000000000000000000e+00
-2.915492916869318218e+00 -1.550195263182017502e+00 0.000000000000000000e+00
-3.725005079388624019e+00 -2.064804267678603811e+00 0.000000000000000000e+00
-3.911836811778778955e+00 -2.258500287809408036e+00 0.000000000000000000e+00
-3.641246712433226840e+00 -2.187881991964287565e+00 0.000000000000000000e+00
-3.566042072791085982e+00 -2.228310636659929234e+00 0.000000000000000000e+00
-3.400712209331347768e+00 -2.293809584434351123e+00 0.000000000000000000e+00
-3.308555024863460314e+00 -2.316675403414744761e+00 0.000000000000000000e+00
-2.906797908202119807e+00 -2.111912511175767726e+00 0.000000000000000000e+00
-2.673831631993806468e+00 -2.014876853758340580e+00 0.000000000000000000e+00
-2.861266974036768218e+00 -2.235466977616114459e+00 0.000000000000000000e+00
-2.756536567005825500e+00 -2.232199513406770031e+00 0.000000000000000000e+00
-2.655109996800691263e+00 -2.227902031105082337e+00 0.000000000000000000e+00
-2.530541063546286829e+00 -2.199765993661488839e+00 0.000000000000000000e+00
-2.398108715791274825e+00 -2.236272763984516576e+00 0.000000000000000000e+00
-2.310519258487582661e+00 -2.231242718755801047e+00 0.000000000000000000e+00
-2.209708589137925561e+00 -2.209708793277991745e+00 0.000000000000000000e+00
-2.140937007571892980e+00 -2.217005375595914707e+00 0.000000000000000000e+00
-2.055542914378335695e+00 -2.204300106434943007e+00 0.000000000000000000e+00
-1.972596896607935690e+00 -2.190791001806261296e+00 0.000000000000000000e+00
-1.898634765228540244e+00 -2.184129652144789269e+00 0.000000000000000000e+00
-1.803661931265586826e+00 -2.149520785103315124e+00 0.000000000000000000e+00
-1.740474830064221434e+00 -2.227706402540810871e+00 0.000000000000000000e+00
-1.674851104578999550e+00 -2.222602693921091888e+00 0.000000000000000000e+00
-1.611707122557205052e+00 -2.218324754388540931e+00 0.000000000000000000e+00
-1.604293150354375364e+00 -2.291168283565513164e+00 0.000000000000000000e+00
-1.611034671589270273e+00 -2.388457353339262568e+00 0.000000000000000000e+00
2.220329206857163395e+00 -3.695248042406108713e+00 0.000000000000000000e+00
2.173729071688479397e+00 -3.478693413227807341e+00 0.000000000000000000e+00
2.200886401051256325e+00 -3.389067593835588532e+00 0.000000000000000000e+00
2.192782800696849943e+00 -3.131618150247884369e+00 0.000000000000000000e+00
2.139538483782595257e+00 -2.944821868995759484e+00 0.000000000000000000e+00
2.144657086082851549e+00 -2.467145583925173913e+00 0.000000000000000000e+00
2.104415824703688376e+00 -2.337190389498567722e+00 0.000000000000000000e+00
2.140242577362887921e+00 -2.216285916220634977e+00 0.000000000000000000e+00
2.128391477043675817e+00 -2.128391332212346665e+00 0.000000000000000000e+00
2.117017157930829896e+00 -2.044379566841562745e+00 0.000000000000000000e+00
2.116537718163300941e+00 -1.973703219003465348e+00 0.000000000000000000e+00
2.190790977803772410e+00 -1.972596923265402591e+00 0.000000000000000000e+00
2.297335961408619731e+00 -1.997043548513059541e+00 0.000000000000000000e+00
2.377802088110451351e+00 -1.995212720021843467e+00 0.000000000000000000e+00
2.504298218638054241e+00 -1.956572069309679085e+00 0.000000000000000000e+00
2.611538167449725112e+00 -1.967935028199033987e+00 0.000000000000000000e+00
2.725578285067233431e+00 -1.980248400891218452e+00 0.000000000000000000e+00
2.848191721588338776e+00 -1.994325175043416554e+00 0.000000000000000000e+00
2.949715820623788343e+00 -1.989608303638083830e+00 0.000000000000000000e+00
3.059470297840773956e+00 -1.986843101642930431e+00 0.000000000000000000e+00
3.162371491968402282e+00 -1.976068882803896809e+00 0.000000000000000000e+00
3.346322293066627651e+00 -1.931999933940187875e+00 0.000000000000000000e+00
3.356790546998092761e+00 -1.860699244222261850e+00 0.000000000000000000e+00
3.423187957778880186e+00 -1.820141184196201412e+00 0.000000000000000000e+00
3.483835642127838028e+00 -1.775102782893346109e+00 0.000000000000000000e+00
3.525969185155503283e+00 -1.719729940587116923e+00 0.000000000000000000e+00
3.562695957686885073e+00 -1.661312272901996900e+00 0.000000000000000000e+00
3.592974414946677353e+00 -1.599695140858402809e+00 0.000000000000000000e+00
3.691118921615841764e+00 -1.491308714275092928e+00 0.000000000000000000e+00
3.781000950052150866e+00 -1.451390147636796080e+00 0.000000000000000000e+00
3.843343005266355750e+00 -1.398862320615986032e+00 0.000000000000000000e+00
3.939030322726758016e+00 -1.356316775278353592e+00 0.000000000000000000e+00
3.999192617928791993e+00 -1.299416316301971408e+00 0.000000000000000000e+00
4.037518833738028334e+00 -1.234393250942521281e+00 0.000000000000000000e+00
4.094975080059827022e+00 -1.174215075598294966e+00 0.000000000000000000e+00
4.165479798566281922e+00 -1.038570627068625907e+00 0.000000000000000000e+00
4.192714391498279625e+00 -9.679642563226302787e-01 0.000000000000000000e+00
1.044661604036080105e+00 -2.220496463849633006e-01 0.000000000000000000e+00
1.039543208195709889e+00 -2.020666984247694031e-01 0.000000000000000000e+00
1.037987396758883740e+00 -1.830251523342369124e-01 0.000000000000000000e+00
1.036085098559127227e+00 -1.640997274974901887e-01 0.000000000000000000e+00
1.040188348838394727e+00 -1.277190391684922544e-01 0.000000000000000000e+00
1.038280891303943854e+00 -1.091276888902157211e-01 0.000000000000000000e+00
1.038034933112994995e+00 -9.081625905984451463e-02 0.000000000000000000e+00
1.040459289368800055e+00 -7.275597128489802445e-02 0.000000000000000000e+00
1.039573355795116782e+00 -5.448170143111392277e-02 0.000000000000000000e+00
1.040365860529601338e+00 -3.633034701804784689e-02 0.000000000000000000e+00
1.040841459749627829e+00 -1.816792602951155383e-02 0.000000000000000000e+00
1.046000003814696822e+00 2.922490249801512288e-08 0.000000000000000000e+00
1.048361001310498253e+00 3.660960191366714744e-02 0.000000000000000000e+00
5.162394140474116710e+00 3.609899063746515036e-01 0.000000000000000000e+00
5.173238895243287061e+00 4.525998991662583126e-01 0.000000000000000000e+00
5.179470198412045256e+00 5.443843963488244064e-01 0.000000000000000000e+00
5.240643871541277754e+00 6.434703002105521819e-01 0.000000000000000000e+00
5.271196864683541428e+00 7.408185516138189319e-01 0.000000000000000000e+00
8.592447980423381537e+00 1.515080644838758372e+00 0.000000000000000000e+00
5.052851094014347844e+00 1.739836300904366473e+00 0.000000000000000000e+00
4.141730243647586462e+00 1.673367759046381131e+00 0.000000000000000000e+00
3.825179169877975127e+00 2.580116058445548255e+00 0.000000000000000000e+00
3.748984547125602251e+00 2.723796842479485836e+00 0.000000000000000000e+00
3.722439868243350158e+00 2.805059772845601707e+00 0.000000000000000000e+00
3.592540973716206842e+00 2.806800757321375794e+00 0.000000000000000000e+00
5.366970018034316503e+00 4.346086828666715363e+00 0.000000000000000000e+00
4.588668623372749167e+00 4.431225975912530757e+00 0.000000000000000000e+00
4.082442130462085039e+00 4.377883390651364337e+00 0.000000000000000000e+00
3.949208711466086097e+00 4.386040807825145826e+00 0.000000000000000000e+00
3.797269636762728329e+00 4.368259211879495396e+00 0.000000000000000000e+00
3.705027649482038665e+00 4.415480201853512199e+00 0.000000000000000000e+00
3.529228536455963017e+00 4.358234471963553069e+00 0.000000000000000000e+00
3.326833282806101355e+00 4.414857071163710955e+00 0.000000000000000000e+00
3.211658659583605413e+00 4.420469105632951923e+00 0.000000000000000000e+00
3.054294324731479993e+00 4.361984542222360872e+00 0.000000000000000000e+00
1.033180192820987164e+00 1.590958050705641114e+00 0.000000000000000000e+00
9.660427633678587700e-01 1.545991659888227954e+00 0.000000000000000000e+00
2.576735291177224774e+00 4.288407870471254490e+00 0.000000000000000000e+00
2.401261997061594045e+00 4.331991516803651798e+00 0.000000000000000000e+00
2.287734909362217017e+00 4.302603792734228882e+00 0.000000000000000000e+00
2.194590042310788025e+00 4.307125679118806616e+00 0.000000000000000000e+00
2.109003446947184557e+00 4.324098080848111536e+00 0.000000000000000000e+00
1.985883080380437038e+00 4.258740222142276544e+00 0.000000000000000000e+00
1.801661177171666184e+00 4.244447969470071413e+00 0.000000000000000000e+00
1.720942558859610561e+00 4.259482532811464495e+00 0.000000000000000000e+00
1.381614964557385195e+00 4.252173894535982157e+00 0.000000000000000000e+00
1.299884551366104812e+00 4.251731063349050821e+00 0.000000000000000000e+00
1.218592674899773520e+00 4.249737983265577057e+00 0.000000000000000000e+00
1.135439097159162580e+00 4.237516701204348202e+00 0.000000000000000000e+00
1.048489448007987601e+00 4.205261803541368693e+00 0.000000000000000000e+00
9.015050104749978699e-01 4.241247978880624991e+00 0.000000000000000000e+00
8.235315480127856080e-01 4.236702922994932230e+00 0.000000000000000000e+00
2.453648490623113188e-01 1.391533346998390375e+00 0.000000000000000000e+00
2.125944101141581943e-01 1.342268426454732433e+00 0.000000000000000000e+00
1.835692989495018301e-01 1.306163591430240745e+00 0.000000000000000000e+00
1.402771763703251351e-01 1.334648393498026664e+00 0.000000000000000000e+00
1.190547271151965042e-01 1.360802015604174908e+00 0.000000000000000000e+00
9.947270828762096173e-02 1.422526336341807918e+00 0.000000000000000000e+00
7.646280667146782006e-02 1.458997717228170954e+00 0.000000000000000000e+00
4.966196022813671590e-02 1.422133125723708869e+00 0.000000000000000000e+00
2.593425131645395523e-02 1.485773617249658507e+00 0.000000000000000000e+00
-3.754016027506822811e-02 2.150672414579098302e+00 0.000000000000000000e+00
-2.184503342281383098e-01 4.168279461378576300e+00 0.000000000000000000e+00
-3.675358312482089329e-01 4.200953043905037099e+00 0.000000000000000000e+00
-4.401694178850038552e-01 4.187931660666437850e+00 0.000000000000000000e+00
-5.151418055965315546e-01 4.195492810099040071e+00 0.000000000000000000e+00
-5.868930291557455936e-01 4.175960444816821493e+00 0.000000000000000000e+00
-6.635950777947232648e-01 4.189774032874768572e+00 0.000000000000000000e+00
-7.378311798312342518e-01 4.184448203287681523e+00 0.000000000000000000e+00
-8.117015616477604167e-01 4.175842210277514788e+00 0.000000000000000000e+00
-8.902779328280870930e-01 4.188428077178060427e+00 0.000000000000000000e+00
-1.038086885040684804e+00 4.163538839702630057e+00 0.000000000000000000e+00
-1.156092599306913549e+00 3.357536558502257407e+00 0.000000000000000000e+00
-1.021843208141796522e+00 2.095088989971852556e+00 0.000000000000000000e+00
-1.129074394516786928e+00 2.215933201773834682e+00 0.000000000000000000e+00
-1.170392646736077014e+00 2.201188361914256042e+00 0.000000000000000000e+00
-1.090336894383650890e+00 1.967019771826779895e+00 0.000000000000000000e+00
-1.080999992371996177e+00 1.872346859111074791e+00 0.000000000000000000e+00
-1.140294312951513733e+00 1.897768379104851855e+00 0.000000000000000000e+00
-2.840699954031682850e+00 4.211510773584453027e+00 0.000000000000000000e+00
-2.940857074799717363e+00 2.940857017819256125e+00 0.000000000000000000e+00
-2.918573607733030428e+00 1.895343828701184341e+00 0.000000000000000000e+00
-2.923221824581965222e+00 1.826631694780682658e+00 0.000000000000000000e+00
-2.832893314973073284e+00 1.570298378423816921e+00 0.000000000000000000e+00
-4.279360111682994905e+00 1.557559671789716882e+00 0.000000000000000000e+00
-6.718256143070294506e+00 1.064067205978997732e+00 0.000000000000000000e+00
-6.701144222020580798e+00 9.417843704065582688e-01 0.000000000000000000e+00
-6.598446585049666524e+00 8.101873361100599968e-01 0.000000000000000000e+00
-6.749820285305183631e+00 7.094346691384614267e-01 0.000000000000000000e+00
-6.799855088836158856e+00 2.374561457587686664e-01 0.000000000000000000e+00
-7.328999996185301846e+00 -2.641187298652375982e-08 0.000000000000000000e+00
