-7.254894911407262725e+00 -1.266350401144318572e-01 0.000000000000000000e+00
-7.228593640458118585e+00 -2.524284286508855502e-01 0.000000000000000000e+00
-4.418935869750051815e+00 -2.315868455675544058e-01 0.000000000000000000e+00
-3.965316990302544475e+00 -2.772821816253149829e-01 0.000000000000000000e+00
-3.120255469682710281e+00 -8.947190275403962278e-01 0.000000000000000000e+00
-3.042961612194968968e+00 -9.303268936426443148e-01 0.000000000000000000e+00
-2.991620754455166953e+00 -1.030097800583875900e+00 0.000000000000000000e+00
-2.962850889212062633e+00 -1.078389698572586708e+00 0.000000000000000000e+00
-2.958516231735097257e+00 -1.135668146241459731e+00 0.000000000000000000e+00
-3.726351886795729484e+00 -1.505544102658378014e+00 0.000000000000000000e+00
-3.804446385112061790e+00 -1.614891900851573414e+00 0.000000000000000000e+00
-3.820447166827045660e+00 -1.700972893828879950e+00 0.000000000000000000e+00
-3.786619065859363698e+00 -1.846857747463606980e+00 0.000000000000000000e+00
-3.793905594226227862e+00 -1.933091685610894173e+00 0.000000000000000000e+00
-2.913726939208776567e+00 -1.549256276093962326e+00 0.000000000000000000e+00
-3.722381410512865418e+00 -2.063349944106908307e+00 0.000000000000000000e+00
-3.971592361455224651e+00 -2.293000174342531228e+00 0.000000000000000000e+00
-3.710677134260595089e+00 -2.229600002746664700e+00 0.000000000000000000e+00
-3.566890059395946722e+00 -2.228840517556673007e+00 0.000000000000000000e+00
-3.434355693136968757e+00 -2.230296898327070121e+00 0.000000000000000000e+00
-3.228278086572968775e+00 -2.260464880391419573e+00 0.000000000000000000e+00
-2.935113571468417337e+00 -2.132485046798417994e+00 0.000000000000000000e+00
-2.666643862391310904e+00 -2.009460480330437893e+00 0.000000000000000000e+00
-2.865206929963969973e+00 -2.238545208850194701e+00 0.000000000000000000e+00
-2.760422385602504747e+00 -2.235346187564667186e+00 0.000000000000000000e+00
-2.658940123893262175e+00 -2.231115889641719363e+00 0.000000000000000000e+00
-2.529786408697503930e+00 -2.199109982147896325e+00 0.000000000000000000e+00
-2.438257994966849918e+00 -2.195417565437403518e+00 0.000000000000000000e+00
-2.309080683225678943e+00 -2.229853502644870922e+00 0.000000000000000000e+00
-2.211122868721229651e+00 -2.211123072991951322e+00 0.000000000000000000e+00
-2.145799594733904136e+00 -2.222040732469730440e+00 0.000000000000000000e+00
-2.058952984059239544e+00 -2.207956958796422509e+00 0.000000000000000000e+00
-1.977280790194023696e+00 -2.195992993120079895e+00 0.000000000000000000e+00
-1.905851360361122904e+00 -2.192431395958428730e+00 0.000000000000000000e+00
-1.822302799133813878e+00 -2.171736108407833932e+00 0.000000000000000000e+00
-1.783493957907282379e+00 -2.202431821677495183e+00 0.000000000000000000e+00
-1.679063791122942906e+00 -2.228193118309035547e+00 0.000000000000000000e+00
-1.612294865170881497e+00 -2.219133712772405786e+00 0.000000000000000000e+00
-1.598557391828220542e+00 -2.282976770677476619e+00 0.000000000000000000e+00
-1.607120338589618669e+00 -2.382654115456608324e+00 0.000000000000000000e+00
2.182207671241707114e+00 -3.492262007770410737e+00 0.000000000000000000e+00
2.202520459525041829e+00 -3.391583823031830924e+00 0.000000000000000000e+00
2.194832235009628096e+00 -3.253972354806579315e+00 0.000000000000000000e+00
2.101010653765019054e+00 -3.000553951400827923e+00 0.000000000000000000e+00
2.153185861306847748e+00 -2.476956816810243378e+00 0.000000000000000000e+00
2.116460260312210462e+00 -2.350567089493273532e+00 0.000000000000000000e+00
2.109420961021612584e+00 -2.262076879339309343e+00 0.000000000000000000e+00
2.134755482797953352e+00 -2.134755337533571051e+00 0.000000000000000000e+00
2.129965193810783752e+00 -2.056883338898649605e+00 0.000000000000000000e+00
2.128970702188283770e+00 -1.985297163387892638e+00 0.000000000000000000e+00
2.186332077532339824e+00 -1.968582111699311410e+00 0.000000000000000000e+00
2.270921240491533322e+00 -1.974081583489495584e+00 0.000000000000000000e+00
2.372439617597159156e+00 -1.990713073296676017e+00 0.000000000000000000e+00
2.461998458770341180e+00 -1.993686906273855586e+00 0.000000000000000000e+00
2.553154915181477858e+00 -1.994743101475164426e+00 0.000000000000000000e+00
2.724769326690520188e+00 -1.979660658267698548e+00 0.000000000000000000e+00
2.821978802449529145e+00 -1.975970692740254941e+00 0.000000000000000000e+00
2.940596277461922092e+00 -1.983457094537405929e+00 0.000000000000000000e+00
3.017536808552083283e+00 -1.959611177221290079e+00 0.000000000000000000e+00
3.152194843438314464e+00 -1.969709807488864373e+00 0.000000000000000000e+00
3.256378659489445493e+00 -1.956629554723676945e+00 0.000000000000000000e+00
3.320341555250345245e+00 -1.916999949076573673e+00 0.000000000000000000e+00
3.439080915357188850e+00 -1.828591618990828449e+00 0.000000000000000000e+00
3.486508680437489183e+00 -1.776464763833223159e+00 0.000000000000000000e+00
3.506195648975334311e+00 -1.710085743370793443e+00 0.000000000000000000e+00
3.561789715575119697e+00 -1.660889685299693275e+00 0.000000000000000000e+00
3.604850516515619496e+00 -1.604982721502769882e+00 0.000000000000000000e+00
3.670052888550482617e+00 -1.557844890862716047e+00 0.000000000000000000e+00
3.808074601112780400e+00 -1.461782747619986278e+00 0.000000000000000000e+00
3.864955713537628679e+00 -1.406728702358578831e+00 0.000000000000000000e+00
3.948485724994106771e+00 -1.359572531051092215e+00 0.000000000000000000e+00
4.000143605522611168e+00 -1.299725310870142314e+00 0.000000000000000000e+00
4.034649671378721436e+00 -1.233516060074062226e+00 0.000000000000000000e+00
4.125735058567753910e+00 -1.183035356499383850e+00 0.000000000000000000e+00
4.177629048010069290e+00 -1.119392195508773780e+00 0.000000000000000000e+00
4.280407846607263700e+00 -9.882098829341285917e-01 0.000000000000000000e+00
1.046617990667596976e+00 -2.224654891402078616e-01 0.000000000000000000e+00
1.035616632972622186e+00 -2.013034496389657646e-01 0.000000000000000000e+00
1.036017806600704860e+00 -1.826778605078984430e-01 0.000000000000000000e+00
1.042011152333490953e+00 -1.650383220307586885e-01 0.000000000000000000e+00
1.037800918552972629e+00 -1.458533766351500782e-01 0.000000000000000000e+00
1.039195874622231841e+00 -1.275971786867541591e-01 0.000000000000000000e+00
1.039031055610137866e+00 -9.090340845710476181e-02 0.000000000000000000e+00
1.040459289368800055e+00 -7.275597128489802445e-02 0.000000000000000000e+00
1.040572031997354596e+00 -5.453403980471051987e-02 0.000000000000000000e+00
1.040365860529601338e+00 -3.633034701804784689e-02 0.000000000000000000e+00
1.041841354168198563e+00 -1.818537922342860005e-02 0.000000000000000000e+00
1.047000050544738325e+00 2.925284348087586419e-08 0.000000000000000000e+00
1.047840362084182075e+00 1.829015069811706917e-02 0.000000000000000000e+00
5.188330828563608499e+00 3.628035769992339343e-01 0.000000000000000000e+00
5.162281072805635418e+00 4.516412136249965403e-01 0.000000000000000000e+00
5.153612606443398469e+00 5.416666532099215781e-01 0.000000000000000000e+00
5.150322092529751039e+00 6.323801777598150320e-01 0.000000000000000000e+00
5.217722487390238584e+00 7.333032165292406868e-01 0.000000000000000000e+00
8.560294630855569409e+00 1.355817708615408623e+00 0.000000000000000000e+00
8.477605029032748263e+00 1.801970809355275316e+00 0.000000000000000000e+00
5.219398038356570346e+00 1.695885372322380791e+00 0.000000000000000000e+00
3.828495475079820576e+00 2.582352934661273469e+00 0.000000000000000000e+00
3.693689170125197929e+00 2.783394566801450143e+00 0.000000000000000000e+00
3.601209215098377658e+00 2.813573130038660164e+00 0.000000000000000000e+00
4.588668623372749167e+00 4.431225975912530757e+00 0.000000000000000000e+00
4.425074067122588772e+00 4.425074260548730543e+00 0.000000000000000000e+00
4.120633871238040591e+00 4.418839020213268576e+00 0.000000000000000000e+00
3.979319639085523441e+00 4.419482382314961377e+00 0.000000000000000000e+00
3.837945162921447384e+00 4.415051054133908082e+00 0.000000000000000000e+00
3.655532914059985927e+00 4.356494670562644167e+00 0.000000000000000000e+00
3.538039283374367461e+00 4.369114838748214602e+00 0.000000000000000000e+00
3.411995692209660813e+00 4.367155523541810247e+00 0.000000000000000000e+00
3.212246402216968555e+00 4.421278064002513553e+00 0.000000000000000000e+00
3.062898167946646932e+00 4.374272104296641928e+00 0.000000000000000000e+00
1.045162291731841053e+00 1.609408865828727109e+00 0.000000000000000000e+00
9.856498073521872128e-01 1.577369490792066342e+00 0.000000000000000000e+00
2.579310540407645291e+00 4.292693805121187367e+00 0.000000000000000000e+00
2.483499918524885608e+00 4.301548236446650186e+00 0.000000000000000000e+00
2.291960070890853629e+00 4.310550166216414070e+00 0.000000000000000000e+00
2.196860046678047240e+00 4.311580813751441532e+00 0.000000000000000000e+00
1.996448576794037422e+00 4.281398003452785872e+00 0.000000000000000000e+00
1.822760618418005629e+00 4.294155140657257341e+00 0.000000000000000000e+00
1.721317138284442327e+00 4.260409649471464277e+00 0.000000000000000000e+00
1.616597798070906311e+00 4.211381480029619873e+00 0.000000000000000000e+00
1.399846970919189859e+00 4.308286243841286556e+00 0.000000000000000000e+00
1.300469252359229166e+00 4.253643534247043334e+00 0.000000000000000000e+00
1.195439107966600245e+00 4.168991894050752656e+00 0.000000000000000000e+00
1.139062547752833332e+00 4.251039603881458184e+00 0.000000000000000000e+00
1.065182001327336314e+00 4.272211983164826421e+00 0.000000000000000000e+00
9.758375593188597374e-01 4.226817183448547510e+00 0.000000000000000000e+00
8.218143006892835167e-01 4.227868450566349523e+00 0.000000000000000000e+00
2.477959334153897464e-01 1.405320712872527800e+00 0.000000000000000000e+00
2.133765816095249956e-01 1.347206863461331006e+00 0.000000000000000000e+00
1.835692989495018301e-01 1.306163591430240745e+00 0.000000000000000000e+00
1.634267624892554172e-01 1.331004353274002794e+00 0.000000000000000000e+00
1.189675673160432573e-01 1.359805774352429886e+00 0.000000000000000000e+00
9.933319716885169459e-02 1.420531233925495185e+00 0.000000000000000000e+00
7.646280667146782006e-02 1.458997717228170954e+00 0.000000000000000000e+00
4.983645746507382734e-02 1.427130075096136874e+00 0.000000000000000000e+00
2.614368146751038305e-02 1.497771873505424622e+00 0.000000000000000000e+00
-3.760996906458184685e-02 2.154671753868062645e+00 0.000000000000000000e+00
-2.931865277959509464e-01 4.192761767273830209e+00 0.000000000000000000e+00
-4.399603760810024689e-01 4.185942761043227378e+00 0.000000000000000000e+00
-5.147761659093316178e-01 4.192514914183647079e+00 0.000000000000000000e+00
-5.889806073067382908e-01 4.190814333602226327e+00 0.000000000000000000e+00
-6.628128874951381144e-01 4.184835478151216925e+00 0.000000000000000000e+00
-7.380048154372114144e-01 4.185432939660064022e+00 0.000000000000000000e+00
-8.158993285557498698e-01 4.197437847235146791e+00 0.000000000000000000e+00
-8.869512892420260419e-01 4.172777450688463396e+00 0.000000000000000000e+00
-9.609909255917123971e-01 4.162508743467232541e+00 0.000000000000000000e+00
-1.155441432545404101e+00 3.355645432991411159e+00 0.000000000000000000e+00
-1.204252936573414035e+00 3.308657616018913838e+00 0.000000000000000000e+00
-1.048583791911301022e+00 2.149915309895030546e+00 0.000000000000000000e+00
-1.144056077900925228e+00 2.245336410092612311e+00 0.000000000000000000e+00
-1.178373644678984977e+00 2.216198435531330002e+00 0.000000000000000000e+00
-1.089499972517319115e+00 1.887069256187767108e+00 0.000000000000000000e+00
-1.156775565066426203e+00 1.925197788123631737e+00 0.000000000000000000e+00
-1.199207322989287006e+00 1.919132837581814410e+00 0.000000000000000000e+00
-2.035049284053358942e+00 2.906351510353790690e+00 0.000000000000000000e+00
-1.158674893545188045e+00 1.483036201918174424e+00 0.000000000000000000e+00
-2.975189554152712024e+00 2.873107100444189488e+00 0.000000000000000000e+00
-1.244032639244754934e+00 1.160079181840330209e+00 0.000000000000000000e+00
-1.892692782287214825e+00 1.276637378836318337e+00 0.000000000000000000e+00
-2.944422905776680199e+00 1.839879600412826610e+00 0.000000000000000000e+00
-6.696692914171967104e+00 1.180807608068789927e+00 0.000000000000000000e+00
-6.715998110846434166e+00 9.438719482697499608e-01 0.000000000000000000e+00
-6.725492749996624831e+00 8.257866431006765096e-01 0.000000000000000000e+00
-6.711033897223623867e+00 7.053580556535627988e-01 0.000000000000000000e+00
-6.758184754581058939e+00 5.912645228948686382e-01 0.000000000000000000e+00
-7.401000022888182706e+00 -2.667134297714903091e-08 0.000000000000000000e+00
