-7.360878713599754875e+00 -1.284849997907633878e-01 0.000000000000000000e+00
-7.375504404377749346e+00 -2.575586732230210618e-01 0.000000000000000000e+00
-4.472861765434004155e+00 -2.344129848110184100e-01 0.000000000000000000e+00
-3.965316990302544475e+00 -2.772821816253149829e-01 0.000000000000000000e+00
-3.082170228798802647e+00 -9.423141728586835741e-01 0.000000000000000000e+00
-3.020555559304331172e+00 -9.814381612283994416e-01 0.000000000000000000e+00
-2.986893053452073232e+00 -1.028469922318272722e+00 0.000000000000000000e+00
-2.974127055280006093e+00 -1.082493888010988448e+00 0.000000000000000000e+00
-3.774990170721721938e+00 -1.602388477952815471e+00 0.000000000000000000e+00
-3.782991469331015821e+00 -1.684296540674881326e+00 0.000000000000000000e+00
-3.818274457234590802e+00 -1.780490847638896534e+00 0.000000000000000000e+00
-3.793809754064212836e+00 -1.850364880869355577e+00 0.000000000000000000e+00
-3.789610809171956252e+00 -2.014972045272528600e+00 0.000000000000000000e+00
-3.766987117810076668e+00 -2.088075294227832224e+00 0.000000000000000000e+00
-3.855545112545558428e+00 -2.226000256484814255e+00 0.000000000000000000e+00
-3.477966599707269513e+00 -2.258618155164660912e+00 0.000000000000000000e+00
-3.373353581326013373e+00 -2.275355954937737568e+00 0.000000000000000000e+00
-3.098032981488089810e+00 -2.169266266767709173e+00 0.000000000000000000e+00
-2.728814152423983952e+00 -1.982599730416823913e+00 0.000000000000000000e+00
-2.700186596793420879e+00 -2.034736746176757816e+00 0.000000000000000000e+00
-2.825018477699805519e+00 -2.207146545693889461e+00 0.000000000000000000e+00
-2.725450759376504717e+00 -2.207026720310323764e+00 0.000000000000000000e+00
-2.587898970599691317e+00 -2.249626466277908410e+00 0.000000000000000000e+00
-2.482103549169907719e+00 -2.234896283465780176e+00 0.000000000000000000e+00
-2.368854596892917552e+00 -2.208992854238983838e+00 0.000000000000000000e+00
-2.286061763995565599e+00 -2.207624388675295979e+00 0.000000000000000000e+00
-2.199101913731613678e+00 -2.199102116891800573e+00 0.000000000000000000e+00
-2.121486493304393761e+00 -2.196863776596672757e+00 0.000000000000000000e+00
-2.041902960856864624e+00 -2.189673045725661016e+00 0.000000000000000000e+00
-1.965236515191677524e+00 -2.182616469338766851e+00 0.000000000000000000e+00
-1.856370523434969666e+00 -2.212336444988160178e+00 0.000000000000000000e+00
-1.785381782136631790e+00 -2.204763090666671310e+00 0.000000000000000000e+00
-1.725083382143498545e+00 -2.208006245730095962e+00 0.000000000000000000e+00
-1.662213044947170149e+00 -2.205831420757260020e+00 0.000000000000000000e+00
-1.613470350398234832e+00 -2.220751629540136385e+00 0.000000000000000000e+00
-1.610028908880530407e+00 -2.299359796453549709e+00 0.000000000000000000e+00
-1.614389852252391400e+00 -2.393431613712385442e+00 0.000000000000000000e+00
2.205393201992403185e+00 -3.670390357983717600e+00 0.000000000000000000e+00
2.226484399704645067e+00 -3.428485052029618174e+00 0.000000000000000000e+00
2.252429065502958405e+00 -3.339363161065152408e+00 0.000000000000000000e+00
2.182458488867533131e+00 -3.116873505998015048e+00 0.000000000000000000e+00
2.121694962845169119e+00 -2.440730684633807268e+00 0.000000000000000000e+00
2.141475000895334269e+00 -2.296450626366384196e+00 0.000000000000000000e+00
2.137463813937102053e+00 -2.213408422655084973e+00 0.000000000000000000e+00
2.122734695431473195e+00 -2.122734550985073021e+00 0.000000000000000000e+00
2.110543054238863458e+00 -2.038127598003291130e+00 0.000000000000000000e+00
2.117269018879971654e+00 -1.974385167908115912e+00 0.000000000000000000e+00
2.201194960317422122e+00 -1.981964710564173782e+00 0.000000000000000000e+00
2.300354940887821886e+00 -1.999667907158600100e+00 0.000000000000000000e+00
2.417701198549742525e+00 -1.957815694668904705e+00 0.000000000000000000e+00
2.506662267493091623e+00 -1.958419066574551559e+00 0.000000000000000000e+00
2.612336745095094948e+00 -1.968536799576778851e+00 0.000000000000000000e+00
2.730432421096888440e+00 -1.983775136910175041e+00 0.000000000000000000e+00
2.854744853722505304e+00 -1.998913727243570637e+00 0.000000000000000000e+00
2.972928771963887939e+00 -2.005265635919144973e+00 0.000000000000000000e+00
3.077082303355629378e+00 -1.998280470944401976e+00 0.000000000000000000e+00
3.277807719801945296e+00 -1.969505432231106523e+00 0.000000000000000000e+00
3.318609423471972963e+00 -1.915999902401952726e+00 0.000000000000000000e+00
3.355915782141695392e+00 -1.860214354180901974e+00 0.000000000000000000e+00
3.430251447700102929e+00 -1.823896908120316462e+00 0.000000000000000000e+00
3.423247127829936787e+00 -1.744231395322407563e+00 0.000000000000000000e+00
3.512487179966933049e+00 -1.713154327822391965e+00 0.000000000000000000e+00
3.577196911878215424e+00 -1.668074178339049141e+00 0.000000000000000000e+00
3.612061115377418474e+00 -1.533228845728443090e+00 0.000000000000000000e+00
3.711516814583276869e+00 -1.499549997252199063e+00 0.000000000000000000e+00
3.827679704829013208e+00 -1.469308441147449074e+00 0.000000000000000000e+00
3.873413230405818641e+00 -1.409806986460901523e+00 0.000000000000000000e+00
3.948485724994106771e+00 -1.359572531051092215e+00 0.000000000000000000e+00
4.012507351240442333e+00 -1.303742534957908150e+00 0.000000000000000000e+00
4.077672248375144193e+00 -1.169253569015842542e+00 0.000000000000000000e+00
4.141890079558136151e+00 -1.109815968921665785e+00 0.000000000000000000e+00
4.194588411474162726e+00 -1.045828218468118465e+00 0.000000000000000000e+00
1.043683527324603011e+00 -2.218417497923425297e-01 0.000000000000000000e+00
1.035616632972622186e+00 -2.013034496389657646e-01 0.000000000000000000e+00
1.033063362664319751e+00 -1.821569124181545152e-01 0.000000000000000000e+00
1.042752254194909245e+00 -1.465492413326272836e-01 0.000000000000000000e+00
1.039195874622231841e+00 -1.275971786867541591e-01 0.000000000000000000e+00
1.041264477864964233e+00 -1.094412763873323924e-01 0.000000000000000000e+00
1.037038691860189488e+00 -9.072909927281350151e-02 0.000000000000000000e+00
1.038464186950789792e+00 -7.261646019040508826e-02 0.000000000000000000e+00
1.039573355795116782e+00 -5.448170143111392277e-02 0.000000000000000000e+00
1.043364053981666206e+00 -3.643504615579666595e-02 0.000000000000000000e+00
1.049000024795531782e+00 2.930872211592827294e-08 0.000000000000000000e+00
1.046840586857719968e+00 1.827269952881885318e-02 0.000000000000000000e+00
1.048361001310498253e+00 3.660960191366714744e-02 0.000000000000000000e+00
5.145435353771138587e+00 3.598040320191585040e-01 0.000000000000000000e+00
5.140364477885036365e+00 4.497237594242535774e-01 0.000000000000000000e+00
5.151623232597738244e+00 5.414575615386510998e-01 0.000000000000000000e+00
5.171165470774822026e+00 6.349394233764826811e-01 0.000000000000000000e+00
5.228822199921275171e+00 8.281642209254298503e-01 0.000000000000000000e+00
3.849221493130550176e+00 2.596332811060638512e+00 0.000000000000000000e+00
3.788578143271431831e+00 2.652791106047739600e+00 0.000000000000000000e+00
3.748175588781731626e+00 2.723209099810761646e+00 0.000000000000000000e+00
3.695286325348683842e+00 2.784598109646188036e+00 0.000000000000000000e+00
3.616969414859632526e+00 2.825886348161728012e+00 0.000000000000000000e+00
5.191647242346837388e+00 4.513030299331056483e+00 0.000000000000000000e+00
4.701141477480514475e+00 4.383885544288319558e+00 0.000000000000000000e+00
4.075621990922292603e+00 4.370569686094380124e+00 0.000000000000000000e+00
3.923112595466995423e+00 4.357058133557910828e+00 0.000000000000000000e+00
3.715955166076975846e+00 4.428503109573813212e+00 0.000000000000000000e+00
3.555030902282470429e+00 4.390097741525638142e+00 0.000000000000000000e+00
3.317806138058656540e+00 4.402877644954815040e+00 0.000000000000000000e+00
3.159933383957850062e+00 4.349275368340320469e+00 0.000000000000000000e+00
2.968258080600210125e+00 4.239112046296657610e+00 0.000000000000000000e+00
9.868859204367818050e-01 1.519671119478173349e+00 0.000000000000000000e+00
2.489999924023704736e+00 4.312806576735602526e+00 0.000000000000000000e+00
2.392050588712533177e+00 4.315373695476876215e+00 0.000000000000000000e+00
2.277876049887746834e+00 4.284061973927644651e+00 0.000000000000000000e+00
2.206393805245097983e+00 4.330291869370479496e+00 0.000000000000000000e+00
2.078755941022292220e+00 4.262081500216346797e+00 0.000000000000000000e+00
1.915729522578596189e+00 4.302799176776121115e+00 0.000000000000000000e+00
1.827840127333984599e+00 4.306121714382388888e+00 0.000000000000000000e+00
1.741546034862380354e+00 4.310477928152930183e+00 0.000000000000000000e+00
1.641325101999696834e+00 4.275798312677195234e+00 0.000000000000000000e+00
9.701930548150067279e-01 2.817645391114131037e+00 0.000000000000000000e+00
1.371726401251738059e+00 4.221740024158637361e+00 0.000000000000000000e+00
1.294037123193807926e+00 4.232604986364191468e+00 0.000000000000000000e+00
1.138027223262700227e+00 4.247175720006857169e+00 0.000000000000000000e+00
9.310723295050804538e-01 4.032917654996313495e+00 0.000000000000000000e+00
9.006733249168982214e-01 4.237335205627712043e+00 0.000000000000000000e+00
8.229591625665552135e-01 4.233758254877510119e+00 0.000000000000000000e+00
2.150973663587077700e-01 1.358071471972498223e+00 0.000000000000000000e+00
1.871878023259609669e-01 1.331910583943942683e+00 0.000000000000000000e+00
1.618424598460201924e-01 1.318101241917389865e+00 0.000000000000000000e+00
1.416360473746409165e-01 1.347577189541748099e+00 0.000000000000000000e+00
1.210593089877711748e-01 1.383714495593346472e+00 0.000000000000000000e+00
1.011468666597054172e-01 1.446467922094265335e+00 0.000000000000000000e+00
5.049954946164024461e-02 1.446118554193365435e+00 0.000000000000000000e+00
2.488710888312012370e-02 1.425782812735362448e+00 0.000000000000000000e+00
-2.302670123620428163e-08 1.460000038146972434e+00 0.000000000000000000e+00
-3.797647249124627700e-02 2.175668702304092594e+00 0.000000000000000000e+00
-2.936748210897174305e-01 4.199744685174973569e+00 0.000000000000000000e+00
-3.665771042811776237e-01 4.189994746433072237e+00 0.000000000000000000e+00
-4.411101558460728267e-01 4.196882183195880245e+00 0.000000000000000000e+00
-5.147761659093316178e-01 4.192514914183647079e+00 0.000000000000000000e+00
-6.610920837548052154e-01 4.173970751952704283e+00 0.000000000000000000e+00
-7.357473869556869772e-01 4.172630427633226446e+00 0.000000000000000000e+00
-8.153268520318087687e-01 4.194492711059465861e+00 0.000000000000000000e+00
-8.888225572404435670e-01 4.181581073844212071e+00 0.000000000000000000e+00
-9.589664054532534010e-01 4.153739583891171705e+00 0.000000000000000000e+00
-1.157720399778437548e+00 3.362264034135580726e+00 0.000000000000000000e+00
-1.210751337795761717e+00 3.326511825913927023e+00 0.000000000000000000e+00
-1.241360288213090746e+00 2.788140762993586375e+00 0.000000000000000000e+00
-1.170862084282499493e+00 2.202071245506110664e+00 0.000000000000000000e+00
-1.103000067205023305e+00 1.910452105461208250e+00 0.000000000000000000e+00
-2.904591193869232590e+00 4.148186026457342024e+00 0.000000000000000000e+00
-1.230091660296314116e+00 1.574445492915930389e+00 0.000000000000000000e+00
-3.514754453589139516e+00 4.340360187481794085e+00 0.000000000000000000e+00
-1.316436639601532566e+00 1.227597003194961456e+00 0.000000000000000000e+00
-1.982228873824950277e+00 1.337030234075007318e+00 0.000000000000000000e+00
-2.927798915244351541e+00 1.901334813342834273e+00 0.000000000000000000e+00
-6.919259301250500371e+00 1.220052065972264010e+00 0.000000000000000000e+00
-6.731842195967796094e+00 9.460986891421007128e-01 0.000000000000000000e+00
-6.714574587085683888e+00 8.244460613122184256e-01 0.000000000000000000e+00
-6.725951592878071317e+00 7.069259685806612570e-01 0.000000000000000000e+00
-6.756192509591014250e+00 5.910902240518649542e-01 0.000000000000000000e+00
-7.394873462320495250e+00 1.290779687632867823e-01 0.000000000000000000e+00
