-7.220989271592583414e+00 -1.143692722314742394e+00 0.000000000000000000e+00
-6.657395556076840748e+00 -1.294066957136202678e+00 0.000000000000000000e+00
-6.660206956613555995e+00 -1.415671043311473865e+00 0.000000000000000000e+00
-6.582844121799512394e+00 -1.519769665138669623e+00 0.000000000000000000e+00
-6.555738667940284259e+00 -1.756605234924890846e+00 0.000000000000000000e+00
-6.476019941478490693e+00 -1.856969187513689556e+00 0.000000000000000000e+00
-6.523296735537535085e+00 -2.119547953207549185e+00 0.000000000000000000e+00
-6.949966411905730723e+00 -2.529581293244822948e+00 0.000000000000000000e+00
-6.766590938173462355e+00 -2.597451284768812929e+00 0.000000000000000000e+00
-3.644132825910516349e+00 -1.622472681263082750e+00 0.000000000000000000e+00
-3.636106834746718253e+00 -1.695544679360907914e+00 0.000000000000000000e+00
-2.572404851190378317e+00 -1.938446284777577633e+00 0.000000000000000000e+00
-2.501146059374022013e+00 -1.954109655848371263e+00 0.000000000000000000e+00
-2.451118303233116524e+00 -1.984876656188333532e+00 0.000000000000000000e+00
-2.387146385881165234e+00 -2.075114890328774386e+00 0.000000000000000000e+00
-3.014639986484198619e+00 -2.811197528536079737e+00 0.000000000000000000e+00
-2.978785831760097036e+00 -2.876580306973181678e+00 0.000000000000000000e+00
-2.979040604754471300e+00 -2.979040879967931321e+00 0.000000000000000000e+00
-2.940488604117329707e+00 -3.044965367570599213e+00 0.000000000000000000e+00
-2.309928389016021821e+00 -2.477095154836518986e+00 0.000000000000000000e+00
-2.836143003353144287e+00 -3.262609610227453771e+00 0.000000000000000000e+00
-2.763986694326049154e+00 -3.293991377327575965e+00 0.000000000000000000e+00
-2.818096656423245250e+00 -3.480059870767540087e+00 0.000000000000000000e+00
-2.641187552706969477e+00 -3.380566222413746047e+00 0.000000000000000000e+00
-2.522808373228357492e+00 -3.347880101851497425e+00 0.000000000000000000e+00
-2.391110164136620142e+00 -3.291081111038550500e+00 0.000000000000000000e+00
-2.315528028105206193e+00 -3.306917053488480640e+00 0.000000000000000000e+00
-1.903492541787802805e+00 -2.822044018440975410e+00 0.000000000000000000e+00
8.529047673390341977e-01 -1.313358066202747754e+00 0.000000000000000000e+00
3.550153965820443069e+00 -3.086101550999369003e+00 0.000000000000000000e+00
3.441837802620926645e+00 -2.888044635160702089e+00 0.000000000000000000e+00
3.380584949143971230e+00 -2.737543528772576007e+00 0.000000000000000000e+00
3.287580894899097217e+00 -2.568539524040353683e+00 0.000000000000000000e+00
3.255238590366534623e+00 -2.452998055695034818e+00 0.000000000000000000e+00
3.204516363325279116e+00 -2.328217259020352259e+00 0.000000000000000000e+00
3.111958707757295883e+00 -2.179016794246890321e+00 0.000000000000000000e+00
3.028474415463918046e+00 -2.042731642903915734e+00 0.000000000000000000e+00
2.954878681090923553e+00 -1.705999875892787232e+00 0.000000000000000000e+00
2.884495930165933419e+00 -1.598902082830785609e+00 0.000000000000000000e+00
2.803358612513668913e+00 -1.490572100521757148e+00 0.000000000000000000e+00
2.773703279667512955e+00 -1.413272299967339718e+00 0.000000000000000000e+00
2.756601303431691630e+00 -1.344484182031749908e+00 0.000000000000000000e+00
2.751550493729077562e+00 -1.283068962109680466e+00 0.000000000000000000e+00
2.746786489056413760e+00 -1.165941589456854999e+00 0.000000000000000000e+00
2.717575906372643235e+00 -1.097971839147194872e+00 0.000000000000000000e+00
2.802608560709644259e+00 -1.075820531766968680e+00 0.000000000000000000e+00
2.868881578164612645e+00 -1.044187400527285758e+00 0.000000000000000000e+00
2.948126978543409216e+00 -1.015121425590123971e+00 0.000000000000000000e+00
3.058597862777975074e+00 -9.937985857651444599e-01 0.000000000000000000e+00
3.193101596911813278e+00 -9.762290216124038800e-01 0.000000000000000000e+00
3.298636686417457664e+00 -8.838669302994859311e-01 0.000000000000000000e+00
3.416411188796062870e+00 -8.518068703378293138e-01 0.000000000000000000e+00
3.525270948298199869e+00 -8.138728167901347899e-01 0.000000000000000000e+00
3.597626871985669883e+00 -7.646990869225717136e-01 0.000000000000000000e+00
3.737054631996708842e+00 -7.264097205071644581e-01 0.000000000000000000e+00
3.770828902003000138e+00 -6.648987611703731648e-01 0.000000000000000000e+00
3.789755818203057292e+00 -5.326153338525956293e-01 0.000000000000000000e+00
3.813362335703579298e+00 -4.682219081392977045e-01 0.000000000000000000e+00
3.853772356197535665e+00 -4.050476843628305623e-01 0.000000000000000000e+00
3.888148032291768974e+00 -3.401687628225481541e-01 0.000000000000000000e+00
3.909453431327103434e+00 -2.733755030067878677e-01 0.000000000000000000e+00
3.916624972555186268e+00 -2.052615057733848392e-01 0.000000000000000000e+00
3.972578446005024855e+00 -1.387253839974243730e-01 0.000000000000000000e+00
4.021387267882681193e+00 -7.019346292804920506e-02 0.000000000000000000e+00
4.090376998996059221e+00 7.139790986381125415e-02 0.000000000000000000e+00
4.153468410323589488e+00 1.450424280117828535e-01 0.000000000000000000e+00
4.182260687419027789e+00 2.191831104813715403e-01 0.000000000000000000e+00
4.201739665092860676e+00 2.938143750824165346e-01 0.000000000000000000e+00
4.225858001830292920e+00 3.697147849247680029e-01 0.000000000000000000e+00
4.276444327580067650e+00 4.494725280015650082e-01 0.000000000000000000e+00
4.301695116757759507e+00 5.281818639167150664e-01 0.000000000000000000e+00
1.037002532763052542e+00 1.828515540178638765e-01 0.000000000000000000e+00
1.025800359301437092e+00 1.993954191148208099e-01 0.000000000000000000e+00
1.021186118371530061e+00 2.170598382352650901e-01 0.000000000000000000e+00
1.012370524644815584e+00 2.337241796923258674e-01 0.000000000000000000e+00
1.006196604242289627e+00 2.508730176408292545e-01 0.000000000000000000e+00
9.977896210915268016e-01 2.861115976402655581e-01 0.000000000000000000e+00
9.897753827424533579e-01 3.026047300081858293e-01 0.000000000000000000e+00
9.843434544628708593e-01 3.198326039702629742e-01 0.000000000000000000e+00
9.786116856361550820e-01 3.369630538243920115e-01 0.000000000000000000e+00
9.735215587386178981e-01 3.543328976193380608e-01 0.000000000000000000e+00
9.699900858365094747e-01 3.723443362283763713e-01 0.000000000000000000e+00
9.642711636539544884e-01 3.895908669357465159e-01 0.000000000000000000e+00
9.619275222155448946e-01 4.083140363876737733e-01 0.000000000000000000e+00
4.658449565332672293e+00 2.272077806049856097e+00 0.000000000000000000e+00
4.626996680091786551e+00 2.357572704796796259e+00 0.000000000000000000e+00
4.589561488319026772e+00 2.440313272727031801e+00 0.000000000000000000e+00
4.610994891183020528e+00 2.555916349165379131e+00 0.000000000000000000e+00
4.272748530316805571e+00 3.460003698067276812e+00 0.000000000000000000e+00
2.632142318432929784e+00 3.759088969575044903e+00 0.000000000000000000e+00
2.599687823589988511e+00 3.854195866911333646e+00 0.000000000000000000e+00
2.520589257091595314e+00 3.881367257092624978e+00 0.000000000000000000e+00
2.350633762592678089e+00 3.912111718504256874e+00 0.000000000000000000e+00
1.108190760694847121e+00 2.174946933471519461e+00 0.000000000000000000e+00
2.835822776237616250e+00 5.814298616772969552e+00 0.000000000000000000e+00
2.650238971836206492e+00 5.683456100288465151e+00 0.000000000000000000e+00
2.257753815184762924e+00 5.588137087818082271e+00 0.000000000000000000e+00
2.122971553622535090e+00 5.530530286645549687e+00 0.000000000000000000e+00
1.999791718263094431e+00 5.494382905391340444e+00 0.000000000000000000e+00
1.893178735957931957e+00 5.498190605934889952e+00 0.000000000000000000e+00
1.730804036649354893e+00 5.326867419647294710e+00 0.000000000000000000e+00
1.622078080662921362e+00 5.305578680417559312e+00 0.000000000000000000e+00
1.506358097381462979e+00 5.253295341996199852e+00 0.000000000000000000e+00
1.292830485266641016e+00 5.185260250806299709e+00 0.000000000000000000e+00
8.887312922909645918e-01 5.040246125188804882e+00 0.000000000000000000e+00
7.765406363752539454e-01 4.902885158202720639e+00 0.000000000000000000e+00
6.797213191568994839e-01 4.836469085421030378e+00 0.000000000000000000e+00
5.887506996962005301e-01 4.794990320757765545e+00 0.000000000000000000e+00
4.122465873571582451e-01 4.712000947755375257e+00 0.000000000000000000e+00
3.295992548996372062e-01 4.713490047719139930e+00 0.000000000000000000e+00
2.432574371500693389e-01 4.641629845287411626e+00 0.000000000000000000e+00
1.626315745977140459e-01 4.657161104023002984e+00 0.000000000000000000e+00
8.029844591205866078e-02 4.600299078870741631e+00 0.000000000000000000e+00
-7.190323872898905447e-08 4.559000015258788174e+00 0.000000000000000000e+00
-2.378146626820572818e-01 4.537772750839803138e+00 0.000000000000000000e+00
-3.113929823188481549e-01 4.453126140135942990e+00 0.000000000000000000e+00
-3.854899043856699348e-01 4.406169003233840975e+00 0.000000000000000000e+00
-4.618068395771515178e-01 4.393797946868560622e+00 0.000000000000000000e+00
-5.362251873501799881e-01 4.367203153928686632e+00 0.000000000000000000e+00
-6.045679946508367708e-01 4.301724345739582844e+00 0.000000000000000000e+00
-6.778306279533287126e-01 4.279653750784101263e+00 0.000000000000000000e+00
-7.492919578448332674e-01 4.249445499794251901e+00 0.000000000000000000e+00
-2.881656303887441539e-01 1.355712606920243424e+00 0.000000000000000000e+00
-3.016593733906611230e-01 1.306630214551010916e+00 0.000000000000000000e+00
-3.282880289879971381e-01 1.316691289522822217e+00 0.000000000000000000e+00
-3.561350364226619769e-01 1.329113977216892506e+00 0.000000000000000000e+00
-4.198457834170334912e-01 1.373253613874166668e+00 0.000000000000000000e+00
-4.561090873911530785e-01 1.403759365711102491e+00 0.000000000000000000e+00
-4.720738575884064203e-01 1.371001973472095292e+00 0.000000000000000000e+00
-4.843005432727006676e-01 1.330604752769588561e+00 0.000000000000000000e+00
-7.780168460415860521e-01 2.026803099425032784e+00 0.000000000000000000e+00
-1.721309470725377988e+00 3.866124240179098059e+00 0.000000000000000000e+00
-1.791901380669149724e+00 3.842744787393260530e+00 0.000000000000000000e+00
-1.860008835945351047e+00 3.813583143079141813e+00 0.000000000000000000e+00
-1.990559363631086320e+00 3.743697567772093393e+00 0.000000000000000000e+00
-2.062380259241544334e+00 3.720632373213938582e+00 0.000000000000000000e+00
-2.135499997557688712e+00 3.698794395257414269e+00 0.000000000000000000e+00
-2.204363111159516553e+00 3.668676201318215480e+00 0.000000000000000000e+00
-2.273353664985171996e+00 3.638126274141327610e+00 0.000000000000000000e+00
-2.343581793942204783e+00 3.608799404968034530e+00 0.000000000000000000e+00
-2.406207088567419383e+00 3.567348625677466689e+00 0.000000000000000000e+00
-2.263036127948028664e+00 2.794616819547183439e+00 0.000000000000000000e+00
-2.298608504690941245e+00 2.739374885776831636e+00 0.000000000000000000e+00
-2.674096773779599978e+00 3.076196382859303302e+00 0.000000000000000000e+00
-1.874211320798040203e+00 1.687547421614712606e+00 0.000000000000000000e+00
-1.898094688524790463e+00 1.649988509372713574e+00 0.000000000000000000e+00
-1.715173583940985180e+00 1.439201495350338922e+00 0.000000000000000000e+00
-1.750171861144031338e+00 1.367384094390986737e+00 0.000000000000000000e+00
-4.169673457276807937e+00 3.029445040641014941e+00 0.000000000000000000e+00
-4.211260515529635207e+00 2.948756306023673446e+00 0.000000000000000000e+00
-4.404676814962609654e+00 2.970991973076408499e+00 0.000000000000000000e+00
-2.909348300221709760e+00 1.889352844059534631e+00 0.000000000000000000e+00
-4.884383183317823729e+00 2.819999895829709669e+00 0.000000000000000000e+00
-1.908535946177090992e+00 9.724476184130453893e-01 0.000000000000000000e+00
-3.891894682479664969e+00 1.652011249217441913e+00 0.000000000000000000e+00
-6.392651251095322174e+00 2.201166303745637709e+00 0.000000000000000000e+00
-3.418090091140368880e+00 7.891282571434800053e-01 0.000000000000000000e+00
