-7.254894911407262725e+00 -1.266350401144318572e-01 0.000000000000000000e+00
-3.975544113718295414e+00 -2.083496452196205717e-01 0.000000000000000000e+00
-3.969307432953985693e+00 -2.775612207656278918e-01 0.000000000000000000e+00
-3.102952638396015761e+00 -8.897575195699923833e-01 0.000000000000000000e+00
-3.046787009913014099e+00 -9.314964353028856170e-01 0.000000000000000000e+00
-3.007240599590170316e+00 -9.771118678290136028e-01 0.000000000000000000e+00
-2.945936304049884491e+00 -1.072233292099032287e+00 0.000000000000000000e+00
-2.950114171877095348e+00 -1.132442897165185203e+00 0.000000000000000000e+00
-3.784764213811271372e+00 -1.529144218034605318e+00 0.000000000000000000e+00
-3.800764632645087460e+00 -1.613329089436192687e+00 0.000000000000000000e+00
-3.786645821841880366e+00 -1.685923563453641361e+00 0.000000000000000000e+00
-3.835494353197724582e+00 -1.788520618024197484e+00 0.000000000000000000e+00
-3.799251670627026289e+00 -1.935815647919485016e+00 0.000000000000000000e+00
-2.910195194398798257e+00 -1.547378413848604861e+00 0.000000000000000000e+00
-3.760864806715475517e+00 -2.084681641385279782e+00 0.000000000000000000e+00
-3.863339188995896123e+00 -2.230500169122604515e+00 0.000000000000000000e+00
-3.735534818501245358e+00 -2.244536007913892295e+00 0.000000000000000000e+00
-3.577066707415939462e+00 -2.235199593688028230e+00 0.000000000000000000e+00
-3.439387751580409436e+00 -2.233564755631726406e+00 0.000000000000000000e+00
-3.261044136005562866e+00 -2.283407917523073483e+00 0.000000000000000000e+00
-2.952102853697390561e+00 -2.144828484088647791e+00 0.000000000000000000e+00
-2.675428787188003366e+00 -2.016080396641946493e+00 0.000000000000000000e+00
-2.870722980987890693e+00 -2.242854820648992664e+00 0.000000000000000000e+00
-2.764308018913155696e+00 -2.238492711680881708e+00 0.000000000000000000e+00
-2.656641974582031551e+00 -2.229187513218730210e+00 0.000000000000000000e+00
-2.535069352512541396e+00 -2.203702375576382266e+00 0.000000000000000000e+00
-2.445689435822646640e+00 -2.202108865465949972e+00 0.000000000000000000e+00
-2.317712649308997452e+00 -2.238189296168859421e+00 0.000000000000000000e+00
-2.228800436281900943e+00 -2.228800642185734038e+00 0.000000000000000000e+00
-2.148578192309417378e+00 -2.224918054754199126e+00 0.000000000000000000e+00
-2.058952984059239544e+00 -2.207956958796422509e+00 0.000000000000000000e+00
-1.977950031801436470e+00 -2.196736261293154246e+00 0.000000000000000000e+00
-1.905851360361122904e+00 -2.192431395958428730e+00 0.000000000000000000e+00
-1.823588281105932740e+00 -2.173268086307931224e+00 0.000000000000000000e+00
-1.779718009365253595e+00 -2.197768913127056578e+00 0.000000000000000000e+00
-1.679665562490970654e+00 -2.228991695961727526e+00 0.000000000000000000e+00
-1.614058233150827304e+00 -2.221560780808689906e+00 0.000000000000000000e+00
-1.597410322173751673e+00 -2.281338585280512810e+00 0.000000000000000000e+00
-1.605442748258057994e+00 -2.380166985270046887e+00 0.000000000000000000e+00
2.198635242146948165e+00 -3.518551614625144097e+00 0.000000000000000000e+00
2.209600773601775536e+00 -3.402486549760558976e+00 0.000000000000000000e+00
2.176938024892909773e+00 -3.227443099357291345e+00 0.000000000000000000e+00
2.115923518240412804e+00 -3.021851727472625093e+00 0.000000000000000000e+00
2.184676603351858759e+00 -2.513182769049898901e+00 0.000000000000000000e+00
2.120474912648543597e+00 -2.355025812311980715e+00 0.000000000000000000e+00
2.114194928904678861e+00 -2.267196332767781097e+00 0.000000000000000000e+00
2.113845484154195375e+00 -2.188950927875680907e+00 0.000000000000000000e+00
2.132123228374772417e+00 -2.058967328511406958e+00 0.000000000000000000e+00
2.116537718163300941e+00 -1.973703219003465348e+00 0.000000000000000000e+00
2.187075345697270912e+00 -1.969251353315768283e+00 0.000000000000000000e+00
2.276204184674950781e+00 -1.978673976494208286e+00 0.000000000000000000e+00
2.366311340780872019e+00 -1.985570838828631057e+00 0.000000000000000000e+00
2.453449916702798550e+00 -1.986764433870561231e+00 0.000000000000000000e+00
2.540546717246748187e+00 -1.984892498324220433e+00 0.000000000000000000e+00
2.671435870272058644e+00 -2.013071181659060294e+00 0.000000000000000000e+00
2.819521329073948923e+00 -1.974249951477379028e+00 0.000000000000000000e+00
2.940596277461922092e+00 -1.983457094537405929e+00 0.000000000000000000e+00
3.042696902125297864e+00 -1.975950331874274379e+00 0.000000000000000000e+00
3.137778059480973880e+00 -1.960701201687629069e+00 0.000000000000000000e+00
3.281236549292805282e+00 -1.971565680691577782e+00 0.000000000000000000e+00
3.313413234613406644e+00 -1.912999881587373441e+00 0.000000000000000000e+00
3.398772170235054180e+00 -1.883970036228660438e+00 0.000000000000000000e+00
3.472252546930187922e+00 -1.769200901567133721e+00 0.000000000000000000e+00
3.521475111996245300e+00 -1.717538034826935567e+00 0.000000000000000000e+00
3.566321142214563089e+00 -1.663002724071250160e+00 0.000000000000000000e+00
3.634997510066594106e+00 -1.618405026680999059e+00 0.000000000000000000e+00
3.667291354640769274e+00 -1.556672689365126594e+00 0.000000000000000000e+00
3.744895667201683764e+00 -1.513035927898005006e+00 0.000000000000000000e+00
3.854619395703700047e+00 -1.402966590693816684e+00 0.000000000000000000e+00
3.944703473915488257e+00 -1.358270197693400849e+00 0.000000000000000000e+00
3.997290642741153643e+00 -1.298798327165629596e+00 0.000000000000000000e+00
4.043256702454995910e+00 -1.236147493265760566e+00 0.000000000000000000e+00
4.108432685248369687e+00 -1.178073981351051236e+00 0.000000000000000000e+00
4.159276866166534248e+00 -1.114474743793907541e+00 0.000000000000000000e+00
4.193618186066974118e+00 -1.045586314135780182e+00 0.000000000000000000e+00
1.048574260694832283e+00 -2.228813071104509269e-01 0.000000000000000000e+00
1.042488110358255504e+00 -2.026391293275718319e-01 0.000000000000000000e+00
1.036017806600704860e+00 -1.826778605078984430e-01 0.000000000000000000e+00
1.039048184317121981e+00 -1.645690340883434466e-01 0.000000000000000000e+00
1.041762057896013838e+00 -1.464100783475656697e-01 0.000000000000000000e+00
1.039195874622231841e+00 -1.275971786867541591e-01 0.000000000000000000e+00
1.037286322931520566e+00 -1.090231555709233469e-01 0.000000000000000000e+00
1.038464186950789792e+00 -7.261646019040508826e-02 0.000000000000000000e+00
1.038574679592879191e+00 -5.442936305751731874e-02 0.000000000000000000e+00
1.039366423000022799e+00 -3.629544591868462400e-02 0.000000000000000000e+00
1.040841459749627829e+00 -1.816792602951155383e-02 0.000000000000000000e+00
1.046000003814696822e+00 2.922490249801512288e-08 0.000000000000000000e+00
1.047840362084182075e+00 1.829015069811706917e-02 0.000000000000000000e+00
1.049360319701456046e+00 3.664449890853078984e-02 0.000000000000000000e+00
5.138372232900490388e+00 4.495494605184077730e-01 0.000000000000000000e+00
5.116815118111095906e+00 5.377990803297697520e-01 0.000000000000000000e+00
5.120545499834731729e+00 6.287240710846868641e-01 0.000000000000000000e+00
5.189995102452469311e+00 7.294063859465583777e-01 0.000000000000000000e+00
8.617581111991960086e+00 1.364890997437620435e+00 0.000000000000000000e+00
8.500860454094327778e+00 1.498931290339789335e+00 0.000000000000000000e+00
8.477605029032748263e+00 1.801970809355275316e+00 0.000000000000000000e+00
3.834298712696115441e+00 2.586267268055820079e+00 0.000000000000000000e+00
3.675320742597866008e+00 2.769552963183642635e+00 0.000000000000000000e+00
3.614605178231403482e+00 2.824039203979615387e+00 0.000000000000000000e+00
4.685051816342266306e+00 4.368881691880486251e+00 0.000000000000000000e+00
4.435680574199633242e+00 4.435680768089400594e+00 0.000000000000000000e+00
3.975973909557513064e+00 4.415766573069632273e+00 0.000000000000000000e+00
3.845161914672718506e+00 4.423352977708714384e+00 0.000000000000000000e+00
3.722382882628990419e+00 4.436163364196343828e+00 0.000000000000000000e+00
3.549996104019570886e+00 4.383880283199522943e+00 0.000000000000000000e+00
3.417536830875705256e+00 4.374247857915906756e+00 0.000000000000000000e+00
3.211658659583605413e+00 4.420469105632951923e+00 0.000000000000000000e+00
3.060603755055425701e+00 4.370995342956406127e+00 0.000000000000000000e+00
1.032635593277967612e+00 1.590119440912888704e+00 0.000000000000000000e+00
9.909489947703740143e-01 1.585849963772517413e+00 0.000000000000000000e+00
2.579825541135872591e+00 4.293550910305328649e+00 0.000000000000000000e+00
2.482000027295268030e+00 4.298950348512168063e+00 0.000000000000000000e+00
2.287265471843643816e+00 4.301720909127566550e+00 0.000000000000000000e+00
2.193681910676165359e+00 4.305343370346738752e+00 0.000000000000000000e+00
1.996871164407368227e+00 4.282304245559408251e+00 0.000000000000000000e+00
1.803614877442837994e+00 4.249050599117643046e+00 0.000000000000000000e+00
1.723564793459768874e+00 4.265972791547183007e+00 0.000000000000000000e+00
1.627707082299392205e+00 4.240322156499710005e+00 0.000000000000000000e+00
1.389031276523537750e+00 4.274998957194674709e+00 0.000000000000000000e+00
1.304270087641906217e+00 4.266075507087283114e+00 0.000000000000000000e+00
1.205362121552585375e+00 4.203597557299376675e+00 0.000000000000000000e+00
1.139321348021734126e+00 4.252005459702775880e+00 0.000000000000000000e+00
1.066633542749541697e+00 4.278033798263352061e+00 0.000000000000000000e+00
9.769623402487821462e-01 4.231689145299995403e+00 0.000000000000000000e+00
8.218143006892835167e-01 4.227868450566349523e+00 0.000000000000000000e+00
2.477959334153897464e-01 1.405320712872527800e+00 0.000000000000000000e+00
2.133765816095249956e-01 1.347206863461331006e+00 0.000000000000000000e+00
1.835692989495018301e-01 1.306163591430240745e+00 0.000000000000000000e+00
1.401726430389308997e-01 1.333653825126875470e+00 0.000000000000000000e+00
1.189675673160432573e-01 1.359805774352429886e+00 0.000000000000000000e+00
9.940294857042746013e-02 1.421528725674200633e+00 0.000000000000000000e+00
7.646280667146782006e-02 1.458997717228170954e+00 0.000000000000000000e+00
4.987135857659816957e-02 1.428129512625290642e+00 0.000000000000000000e+00
2.596915772862141286e-02 1.487773406086375205e+00 0.000000000000000000e+00
-3.781939959410438035e-02 2.166670010117222489e+00 0.000000000000000000e+00
-3.671000424850943133e-01 4.195971956415720960e+00 0.000000000000000000e+00
-4.400648969830031620e-01 4.186937210854832614e+00 0.000000000000000000e+00
-5.146543053842110860e-01 4.191522439972811043e+00 0.000000000000000000e+00
-5.882847921650160572e-01 4.185863352138165183e+00 0.000000000000000000e+00
-6.629693106363006017e-01 4.185823094902627162e+00 0.000000000000000000e+00
-7.374839086192798154e-01 4.182478730542915635e+00 0.000000000000000000e+00
-8.157085333760447643e-01 4.196456291202024680e+00 0.000000000000000000e+00
-8.904858294634608873e-01 4.189406153880449679e+00 0.000000000000000000e+00
-1.036151534685343156e+00 4.155776573856662992e+00 0.000000000000000000e+00
-1.159022655679956548e+00 3.366046059728077910e+00 0.000000000000000000e+00
-1.021404764240974705e+00 2.094190046785644466e+00 0.000000000000000000e+00
-1.131344399024576397e+00 2.220388336334865542e+00 0.000000000000000000e+00
-1.172270508852512050e+00 2.204720106792783518e+00 0.000000000000000000e+00
-1.084519138129470761e+00 1.956524262009046167e+00 0.000000000000000000e+00
-1.139779312196250283e+00 1.896911273936955133e+00 0.000000000000000000e+00
-2.843495982589908877e+00 4.215656056291803289e+00 0.000000000000000000e+00
-2.996363337611493982e+00 4.279250227537759521e+00 0.000000000000000000e+00
-2.093103378731802522e+00 2.880909582100301236e+00 0.000000000000000000e+00
-1.502442450091057591e+00 1.611172239923589267e+00 0.000000000000000000e+00
-2.938735908187311896e+00 2.938735851247948894e+00 0.000000000000000000e+00
-2.966377764771179315e+00 1.926388210720007210e+00 0.000000000000000000e+00
-2.813651616275767431e+00 1.559632530859844657e+00 0.000000000000000000e+00
-6.716280909561412216e+00 1.063754359734943700e+00 0.000000000000000000e+00
-6.731842195967796094e+00 9.460986891421007128e-01 0.000000000000000000e+00
-6.733433016985087782e+00 8.267615852596328363e-01 0.000000000000000000e+00
-6.727940492505332770e+00 7.071350103461268022e-01 0.000000000000000000e+00
-6.691921077746914470e+00 2.336870074558635990e-01 0.000000000000000000e+00
-7.369999885559081143e+00 -2.655962627771838399e-08 0.000000000000000000e+00
