-7.239897329487635425e+00 -1.263732555660402324e-01 0.000000000000000000e+00
-4.003505618712393854e+00 -2.098150470561199465e-01 0.000000000000000000e+00
-3.963322006814626874e+00 -2.771426786864101266e-01 0.000000000000000000e+00
-3.964628254448207656e+00 -9.884930568636334236e-01 0.000000000000000000e+00
-3.049655716200321720e+00 -9.323734869877797760e-01 0.000000000000000000e+00
-3.011044776615841911e+00 -9.783479200822363664e-01 0.000000000000000000e+00
-2.985947603423130925e+00 -1.028144377713755331e+00 0.000000000000000000e+00
-2.951981197364244913e+00 -1.133159581208095901e+00 0.000000000000000000e+00
-3.792479811732577311e+00 -1.609812391121301145e+00 0.000000000000000000e+00
-3.793954091251199756e+00 -1.689177415063994880e+00 0.000000000000000000e+00
-3.819181131473677659e+00 -1.780913636834006830e+00 0.000000000000000000e+00
-3.811785617419557237e+00 -1.859132296320381572e+00 0.000000000000000000e+00
-2.950122625365299012e+00 -1.503162737445328689e+00 0.000000000000000000e+00
-3.724130523096704781e+00 -2.064319493154705309e+00 0.000000000000000000e+00
-3.661555447320189227e+00 -2.114000258574798341e+00 0.000000000000000000e+00
-3.776679135491574524e+00 -2.269258010382837032e+00 0.000000000000000000e+00
-3.597420003455925386e+00 -2.247917745950739121e+00 0.000000000000000000e+00
-3.457838765842784934e+00 -2.245546985650183291e+00 0.000000000000000000e+00
-3.320295466178817545e+00 -2.239567800702660705e+00 0.000000000000000000e+00
-3.015298569960047637e+00 -2.111335002284381535e+00 0.000000000000000000e+00
-2.717487964271335432e+00 -1.974370772223337234e+00 0.000000000000000000e+00
-2.885695226839330996e+00 -2.254552422265812428e+00 0.000000000000000000e+00
-2.772856745711439252e+00 -2.245415334811581953e+00 0.000000000000000000e+00
-2.672729019760645475e+00 -2.242686148179654282e+00 0.000000000000000000e+00
-2.548654219411304211e+00 -2.215511521321062105e+00 0.000000000000000000e+00
-2.453864144789690727e+00 -2.209469407170574495e+00 0.000000000000000000e+00
-2.361541067168328123e+00 -2.202172876802600321e+00 0.000000000000000000e+00
-2.275991051146378119e+00 -2.197899213420908104e+00 0.000000000000000000e+00
-2.193445132573171641e+00 -2.193445335210766345e+00 0.000000000000000000e+00
-2.076002844660542301e+00 -2.226240697498865995e+00 0.000000000000000000e+00
-1.998693011901706118e+00 -2.219773676708570065e+00 0.000000000000000000e+00
-1.921596729930690861e+00 -2.210544373341275737e+00 0.000000000000000000e+00
-1.847371536620136201e+00 -2.201611869130542409e+00 0.000000000000000000e+00
-1.782235258379384568e+00 -2.200877457065334664e+00 0.000000000000000000e+00
-1.722620768090397991e+00 -2.204854243185550899e+00 0.000000000000000000e+00
-1.656796672183297181e+00 -2.198643650654382053e+00 0.000000000000000000e+00
-1.622287190297963866e+00 -2.232886969721556536e+00 0.000000000000000000e+00
-1.588666978264421381e+00 -2.355295881062399399e+00 0.000000000000000000e+00
2.215062560366978683e+00 -3.544840817099041974e+00 0.000000000000000000e+00
2.217225687268389756e+00 -3.414227886251608002e+00 0.000000000000000000e+00
2.184207539420202515e+00 -3.238220597029942471e+00 0.000000000000000000e+00
2.134278002327293144e+00 -3.048064645362461356e+00 0.000000000000000000e+00
2.222728086107637502e+00 -2.556955989604327684e+00 0.000000000000000000e+00
2.127166212586664606e+00 -2.362457253249197198e+00 0.000000000000000000e+00
2.110103072577111938e+00 -2.262808354377880082e+00 0.000000000000000000e+00
2.120097453433011925e+00 -2.195425031142217431e+00 0.000000000000000000e+00
2.119906136037972288e+00 -2.119905991784047927e+00 0.000000000000000000e+00
2.115578411053510965e+00 -2.042990185226572830e+00 0.000000000000000000e+00
2.148717216484922865e+00 -2.003711084622046279e+00 0.000000000000000000e+00
2.264883461469920256e+00 -1.968833022615069872e+00 0.000000000000000000e+00
2.364779180257184255e+00 -1.984285203585368640e+00 0.000000000000000000e+00
2.441792645441566822e+00 -1.977324562373643957e+00 0.000000000000000000e+00
2.530302568167056343e+00 -1.976888892438148693e+00 0.000000000000000000e+00
2.632302709505721872e+00 -1.983582231891413139e+00 0.000000000000000000e+00
2.763602029158385598e+00 -2.007874266141514763e+00 0.000000000000000000e+00
2.887511100296552335e+00 -2.021856898498159083e+00 0.000000000000000000e+00
3.020052837904869669e+00 -1.961245105671794331e+00 0.000000000000000000e+00
3.162371491968402282e+00 -1.976068882803896809e+00 0.000000000000000000e+00
3.279522134547375511e+00 -1.970535556461342264e+00 0.000000000000000000e+00
3.351518275448643891e+00 -1.934999835545484492e+00 0.000000000000000000e+00
3.394399180055433174e+00 -1.881546048372317204e+00 0.000000000000000000e+00
3.426719702739491336e+00 -1.822019046158259048e+00 0.000000000000000000e+00
3.502600519021449976e+00 -1.708332281472140002e+00 0.000000000000000000e+00
3.550913945911467362e+00 -1.655818231031894294e+00 0.000000000000000000e+00
3.594801373461152583e+00 -1.600508555127649668e+00 0.000000000000000000e+00
3.720680498142489689e+00 -1.579335034284232275e+00 0.000000000000000000e+00
3.738405408434057886e+00 -1.510413693376819966e+00 0.000000000000000000e+00
3.817410619167658670e+00 -1.465366508852001370e+00 0.000000000000000000e+00
3.866834962583731272e+00 -1.407412693008917470e+00 0.000000000000000000e+00
3.979220517961316261e+00 -1.292926988318066295e+00 0.000000000000000000e+00
4.005004548342975923e+00 -1.224452637386618026e+00 0.000000000000000000e+00
4.075749405944423920e+00 -1.168702202883934893e+00 0.000000000000000000e+00
4.133196455959271987e+00 -1.107486519778282830e+00 0.000000000000000000e+00
4.170330925602222294e+00 -1.039780148730317766e+00 0.000000000000000000e+00
1.071807101843027077e+00 -2.474461333117555784e-01 0.000000000000000000e+00
1.039770870665850833e+00 -2.210100890668549312e-01 0.000000000000000000e+00
1.037002542980677733e+00 -1.828514960708314541e-01 0.000000000000000000e+00
1.038060449817248543e+00 -1.644125923419130220e-01 0.000000000000000000e+00
1.036810722254077222e+00 -1.457142136500884644e-01 0.000000000000000000e+00
1.040188348838394727e+00 -1.277190391684922544e-01 0.000000000000000000e+00
1.038280891303943854e+00 -1.091276888902157211e-01 0.000000000000000000e+00
1.042019660612891752e+00 -9.116487742842703523e-02 0.000000000000000000e+00
1.040459289368800055e+00 -7.275597128489802445e-02 0.000000000000000000e+00
1.045362809904152535e+00 -3.650484419418226212e-02 0.000000000000000000e+00
1.045840693460214244e+00 -1.825518783812554030e-02 0.000000000000000000e+00
1.042999982833861861e+00 2.914108288010197281e-08 0.000000000000000000e+00
1.047840362084182075e+00 1.829015069811706917e-02 0.000000000000000000e+00
1.051359194756712467e+00 3.671430121895308263e-02 0.000000000000000000e+00
5.166384107456742036e+00 3.612689121553616101e-01 0.000000000000000000e+00
5.170250527766468096e+00 4.523384508074895782e-01 0.000000000000000000e+00
5.145359248200100488e+00 6.317708169619863368e-01 0.000000000000000000e+00
5.226634726206919268e+00 7.345557502556975260e-01 0.000000000000000000e+00
3.311157240836084981e+00 1.614959392333292998e+00 0.000000000000000000e+00
3.813572694645385841e+00 2.572287391656455480e+00 0.000000000000000000e+00
3.790216328590340744e+00 2.653938175813682854e+00 0.000000000000000000e+00
3.733613181283982119e+00 2.712628890940154136e+00 0.000000000000000000e+00
3.727231714732889056e+00 2.808670688347589373e+00 0.000000000000000000e+00
1.834081344322757046e+00 1.651414333929664302e+00 0.000000000000000000e+00
4.590107198668460953e+00 4.432615191988451997e+00 0.000000000000000000e+00
4.314058259046857025e+00 4.314058447620343628e+00 0.000000000000000000e+00
3.964598875855137816e+00 4.403133317738215702e+00 0.000000000000000000e+00
3.846473937597198578e+00 4.424862287495559876e+00 0.000000000000000000e+00
3.708884402015251158e+00 4.420076500738414182e+00 0.000000000000000000e+00
3.549996104019570886e+00 4.383880283199522943e+00 0.000000000000000000e+00
3.439084887992933659e+00 4.401828114501798339e+00 0.000000000000000000e+00
3.307575163568530652e+00 4.389300682650731922e+00 0.000000000000000000e+00
3.153467654435170076e+00 4.340376054736398537e+00 0.000000000000000000e+00
1.004314339407982537e+00 1.546508532415402426e+00 0.000000000000000000e+00
2.639570046217356136e+00 4.392982468791800876e+00 0.000000000000000000e+00
2.480999861390285055e+00 4.297218010269415522e+00 0.000000000000000000e+00
2.375082326582806491e+00 4.284762138849226076e+00 0.000000000000000000e+00
2.280223237480612841e+00 4.288476391960956313e+00 0.000000000000000000e+00
2.085331449435243734e+00 4.275563291035703983e+00 0.000000000000000000e+00
2.001097443580841517e+00 4.291367530948106079e+00 0.000000000000000000e+00
1.899053365920494230e+00 4.265343913757733141e+00 0.000000000000000000e+00
1.822369915626793846e+00 4.293234702513927914e+00 0.000000000000000000e+00
1.737799883361391240e+00 4.301205877321493176e+00 0.000000000000000000e+00
1.637024656738216954e+00 4.264595269130006194e+00 0.000000000000000000e+00
9.863860648083134786e-01 2.710073595717345629e+00 0.000000000000000000e+00
1.292575231297312666e+00 4.227823353117566185e+00 0.000000000000000000e+00
1.218868292260363306e+00 4.250699175294933241e+00 0.000000000000000000e+00
1.140874273049668597e+00 4.257801055220012287e+00 0.000000000000000000e+00
9.850606342262071546e-01 4.266766713091391772e+00 0.000000000000000000e+00
8.973467809645232496e-01 4.221685045450305651e+00 0.000000000000000000e+00
7.468607601501607851e-01 4.235658274953580715e+00 0.000000000000000000e+00
2.135330233679741396e-01 1.348194597959300856e+00 0.000000000000000000e+00
1.841259841193919333e-01 1.310124612717354919e+00 0.000000000000000000e+00
1.626955559425009301e-01 1.325049153023758031e+00 0.000000000000000000e+00
1.418451015766675205e-01 1.349566207727801670e+00 0.000000000000000000e+00
9.856587354219410735e-02 1.409557992257422843e+00 0.000000000000000000e+00
7.651514505721628001e-02 1.459996393429771944e+00 0.000000000000000000e+00
4.987135857659816957e-02 1.428129512625290642e+00 0.000000000000000000e+00
2.464277440038331601e-02 1.411784886834013264e+00 0.000000000000000000e+00
-3.755761143220121695e-02 2.151672189805772906e+00 0.000000000000000000e+00
-2.938143239557975961e-01 4.201739668667983985e+00 0.000000000000000000e+00
-3.676229806890110585e-01 4.201949166398370572e+00 0.000000000000000000e+00
-5.139230841216495538e-01 4.185567121424909054e+00 0.000000000000000000e+00
-5.873105182407789560e-01 4.178931033695257646e+00 0.000000000000000000e+00
-6.628128874951381144e-01 4.184835478151216925e+00 0.000000000000000000e+00
-7.374839086192798154e-01 4.182478730542915635e+00 0.000000000000000000e+00
-8.172349857985112820e-01 4.204309207543317051e+00 0.000000000000000000e+00
-8.902779328280870930e-01 4.188428077178060427e+00 0.000000000000000000e+00
-9.650400731336581384e-01 4.180047527235206672e+00 0.000000000000000000e+00
-1.154790265783894654e+00 3.353754307480565355e+00 0.000000000000000000e+00
-1.201174815189320455e+00 3.300200547365636616e+00 0.000000000000000000e+00
-1.044200084513882576e+00 2.140927378057335684e+00 0.000000000000000000e+00
-1.142240139238557051e+00 2.241772429903292618e+00 0.000000000000000000e+00
-1.169453659712486937e+00 2.199422384219437365e+00 0.000000000000000000e+00
-1.085000060164042823e+00 1.879275179573164811e+00 0.000000000000000000e+00
-1.157290565821689432e+00 1.926054893291528458e+00 0.000000000000000000e+00
-1.200797091929254101e+00 1.921676999644845507e+00 0.000000000000000000e+00
-2.898296915768928450e+00 4.296901778902657121e+00 0.000000000000000000e+00
-2.005796817509616581e+00 2.864574659548662527e+00 0.000000000000000000e+00
-2.976919604608943004e+00 2.976919546929753579e+00 0.000000000000000000e+00
-2.921928246832179443e+00 1.897522356766142115e+00 0.000000000000000000e+00
-2.937638608320072731e+00 1.835640300932763758e+00 0.000000000000000000e+00
-2.935223702692660197e+00 1.627021037568880946e+00 0.000000000000000000e+00
-4.288757252991000080e+00 1.560979951445897296e+00 0.000000000000000000e+00
-6.687637668850115347e+00 1.059217716227343731e+00 0.000000000000000000e+00
-6.735803453346442815e+00 9.466554075416402370e-01 0.000000000000000000e+00
-6.714574587085683888e+00 8.244460613122184256e-01 0.000000000000000000e+00
-6.720978869584923743e+00 7.064033143239439871e-01 0.000000000000000000e+00
-6.804852157343134422e+00 2.376306472168522310e-01 0.000000000000000000e+00
-7.355000019073485440e+00 -2.650557053087180617e-08 0.000000000000000000e+00
