-6.861789060879748270e+00 -6.003291111089155141e-01 0.000000000000000000e+00
-6.835349094057256991e+00 -7.184244949680705927e-01 0.000000000000000000e+00
-6.841620705091439270e+00 -8.400457506081849823e-01 0.000000000000000000e+00
-6.792248838618153428e+00 -9.545886758763160174e-01 0.000000000000000000e+00
-6.698921421288045686e+00 -1.670229057664806449e+00 0.000000000000000000e+00
-6.694271328530487786e+00 -2.305022841468690853e+00 0.000000000000000000e+00
-6.559335973461678293e+00 -2.517893545977726522e+00 0.000000000000000000e+00
-1.432305516812986568e+00 -6.079777041142842009e-01 0.000000000000000000e+00
-4.181611373121939756e+00 -2.715570461766702692e+00 0.000000000000000000e+00
-3.883599856429089670e+00 -2.719326170029649603e+00 0.000000000000000000e+00
-3.751411741597528771e+00 -2.725560442057607169e+00 0.000000000000000000e+00
-3.498822078390978252e+00 -2.636551807082878174e+00 0.000000000000000000e+00
-3.358501774316564159e+00 -2.623949417819453345e+00 0.000000000000000000e+00
-3.205726968993186432e+00 -2.595946763758794962e+00 0.000000000000000000e+00
-3.107076317355692563e+00 -2.607146840084332950e+00 0.000000000000000000e+00
-2.942612480486970217e+00 -2.557974245250068446e+00 0.000000000000000000e+00
-2.744039037937787029e+00 -2.558858038187725725e+00 0.000000000000000000e+00
-2.628467544403630729e+00 -2.538281837899711846e+00 0.000000000000000000e+00
-2.528613715189222955e+00 -2.528613948790781496e+00 0.000000000000000000e+00
-2.367898110181737792e+00 -2.539260075666808447e+00 0.000000000000000000e+00
-2.230881402182308015e+00 -2.477645032496130550e+00 0.000000000000000000e+00
-2.130879552942118504e+00 -2.451296743304756998e+00 0.000000000000000000e+00
-2.047921283258214764e+00 -2.440617772272973607e+00 0.000000000000000000e+00
-1.961591613792431188e+00 -2.422364130922812553e+00 0.000000000000000000e+00
-1.841553826168139008e+00 -2.443824698118971295e+00 0.000000000000000000e+00
-1.764531273087487140e+00 -2.428669172083879779e+00 0.000000000000000000e+00
-1.690903199825203762e+00 -2.414860264885615670e+00 0.000000000000000000e+00
-1.701064730547164894e+00 -2.521932417614212607e+00 0.000000000000000000e+00
3.119560881969397403e+00 -3.588644032503010006e+00 0.000000000000000000e+00
3.181716231473366907e+00 -3.533653620647057902e+00 0.000000000000000000e+00
3.201300261165327843e+00 -3.432973995431339187e+00 0.000000000000000000e+00
4.941969351263324484e+00 -4.941969014975571284e+00 0.000000000000000000e+00
4.798202181215978079e+00 -3.615704439049792995e+00 0.000000000000000000e+00
4.819314171365726374e+00 -3.501436459750761898e+00 0.000000000000000000e+00
4.793678066582542918e+00 -3.356569284566155442e+00 0.000000000000000000e+00
4.695668942466221907e+00 -3.167268471676213615e+00 0.000000000000000000e+00
4.746036776682725389e+00 -3.082112101742153776e+00 0.000000000000000000e+00
4.728716460671580357e+00 -2.954829777990248818e+00 0.000000000000000000e+00
1.771105021646189215e+00 -9.817394708056502717e-01 0.000000000000000000e+00
4.556764729320625484e+00 -2.028802199427112374e+00 0.000000000000000000e+00
4.574908988824639700e+00 -1.941933484565462331e+00 0.000000000000000000e+00
4.546536623918448150e+00 -1.745251733336401267e+00 0.000000000000000000e+00
4.520861127146042158e+00 -1.645458726644107417e+00 0.000000000000000000e+00
4.483280676111851548e+00 -1.456706044861178828e+00 0.000000000000000000e+00
4.486981872555086071e+00 -1.371807877229287875e+00 0.000000000000000000e+00
2.958630794675879194e+00 -7.927626371062415078e-01 0.000000000000000000e+00
4.521077001508257531e+00 -1.043772727857674276e+00 0.000000000000000000e+00
4.479915964884144230e+00 -9.522353956473345038e-01 0.000000000000000000e+00
4.409469434373574970e+00 -8.571138971272640461e-01 0.000000000000000000e+00
1.488819232742472520e+00 -1.828039721015780605e-01 0.000000000000000000e+00
1.440067663319311686e+00 -1.513571686234237712e-01 0.000000000000000000e+00
1.411607945832656918e+00 -1.234996519001723275e-01 0.000000000000000000e+00
1.427514153056664847e+00 -9.982147287241151246e-02 0.000000000000000000e+00
1.471979913558070674e+00 -7.714315658054726743e-02 0.000000000000000000e+00
1.525070426407754143e+00 -5.325658974444926613e-02 0.000000000000000000e+00
1.526999950408934881e+00 4.266388575757672945e-08 0.000000000000000000e+00
1.501771211650761551e+00 2.621355577537829232e-02 0.000000000000000000e+00
1.538062515607623082e+00 5.371036918040752312e-02 0.000000000000000000e+00
2.211964330576455584e+00 1.159241994904888218e-01 0.000000000000000000e+00
2.219579912440457381e+00 1.552082082421841480e-01 0.000000000000000000e+00
4.258911906930639368e+00 6.745454954361143063e-01 0.000000000000000000e+00
4.241611135227536522e+00 8.244858001480332987e-01 0.000000000000000000e+00
4.229510086242025402e+00 8.990102378184764431e-01 0.000000000000000000e+00
4.227791904846463389e+00 9.760627861195168009e-01 0.000000000000000000e+00
4.213024023532851103e+00 1.050424982275618202e+00 0.000000000000000000e+00
4.233652767743378398e+00 1.134403957727877943e+00 0.000000000000000000e+00
4.229551522539828134e+00 1.212804500904588911e+00 0.000000000000000000e+00
3.326704580810613265e+00 1.412102413008798685e+00 0.000000000000000000e+00
2.769248278593861912e+00 1.411002558637861837e+00 0.000000000000000000e+00
2.157490030747587717e+00 1.296350865156235432e+00 0.000000000000000000e+00
1.915740674328459514e+00 1.197087696494195885e+00 0.000000000000000000e+00
1.878599136712703066e+00 1.267131181248435601e+00 0.000000000000000000e+00
3.985989901891662246e+00 3.003658977583824718e+00 0.000000000000000000e+00
1.476167649048081065e+00 1.238651786550999390e+00 0.000000000000000000e+00
4.042979047534108084e+00 3.514508226262704760e+00 0.000000000000000000e+00
4.100673158340508273e+00 3.692262861407983543e+00 0.000000000000000000e+00
2.697136805919384095e+00 3.214322616429692303e+00 0.000000000000000000e+00
1.658048879326311731e+00 2.991199497796051876e+00 0.000000000000000000e+00
6.334478301745102291e-01 7.240343201555553776e+00 0.000000000000000000e+00
4.708560879316163184e-01 6.733557346934659016e+00 0.000000000000000000e+00
3.521162134955045375e-01 6.718779679332249621e+00 0.000000000000000000e+00
2.346641072273796536e-01 6.719903901766668852e+00 0.000000000000000000e+00
1.168961109897461159e-01 6.696979818247571714e+00 0.000000000000000000e+00
-6.303975787770383921e-01 7.205476044171871486e+00 0.000000000000000000e+00
-7.512461513033767968e-01 7.147628649701353254e+00 0.000000000000000000e+00
-5.295223354620057776e-01 4.312612812786738914e+00 0.000000000000000000e+00
-5.367907221729879552e-01 3.819464044689119042e+00 0.000000000000000000e+00
-1.256154151382024464e+00 3.866044776404955918e+00 0.000000000000000000e+00
-1.129575797250762736e+00 2.942645443413670403e+00 0.000000000000000000e+00
-1.155661391583170827e+00 2.860362211918426212e+00 0.000000000000000000e+00
-1.193683659226537852e+00 2.812142373632966041e+00 0.000000000000000000e+00
-1.238513144044070424e+00 2.781745972704948944e+00 0.000000000000000000e+00
-1.291098852140483588e+00 2.768770333900598679e+00 0.000000000000000000e+00
-1.813238080045461720e+00 3.558679998241374154e+00 0.000000000000000000e+00
-1.971235950668298820e+00 3.556203692522177828e+00 0.000000000000000000e+00
-2.046000045332599715e+00 3.543775934922799742e+00 0.000000000000000000e+00
-2.117321598198287358e+00 3.523814800984028217e+00 0.000000000000000000e+00
-2.295653655674915861e+00 3.534996545896803788e+00 0.000000000000000000e+00
-2.355879641095186106e+00 3.492735118208823764e+00 0.000000000000000000e+00
-2.473835324950532044e+00 3.533002905323260556e+00 0.000000000000000000e+00
-2.533641306636774448e+00 3.362255500479017556e+00 0.000000000000000000e+00
-2.517439945436815485e+00 3.222176122082434091e+00 0.000000000000000000e+00
-2.495255328848828391e+00 3.081383644276410649e+00 0.000000000000000000e+00
-2.441950175297975978e+00 2.910202833095769215e+00 0.000000000000000000e+00
-2.149905430764252667e+00 2.473183234972803124e+00 0.000000000000000000e+00
-2.159953571764645197e+00 2.398871419559891915e+00 0.000000000000000000e+00
-2.381538369013851408e+00 2.553887177665585817e+00 0.000000000000000000e+00
-2.372258332748835130e+00 2.456545367413330183e+00 0.000000000000000000e+00
-2.380295432254532884e+00 2.298624535710621863e+00 0.000000000000000000e+00
-2.356421562218863119e+00 2.197398614580840626e+00 0.000000000000000000e+00
-2.347594463771182305e+00 2.113783510093807827e+00 0.000000000000000000e+00
-2.332807391476215297e+00 2.027878489827625419e+00 0.000000000000000000e+00
-2.314220210028504088e+00 1.941861289158938408e+00 0.000000000000000000e+00
-2.295689183680900580e+00 1.859012412382792245e+00 0.000000000000000000e+00
-2.285231276216991958e+00 1.785418317182494219e+00 0.000000000000000000e+00
-2.303271303033219475e+00 1.673424525378016225e+00 0.000000000000000000e+00
-2.294444986314883028e+00 1.606587646922030155e+00 0.000000000000000000e+00
-2.281511489773189183e+00 1.538898903904095672e+00 0.000000000000000000e+00
-2.265249195089980017e+00 1.471070001800978799e+00 0.000000000000000000e+00
-2.259200168471151127e+00 1.411704920194828183e+00 0.000000000000000000e+00
-2.250064174881603041e+00 1.351974929099785783e+00 0.000000000000000000e+00
-2.267254543563253399e+00 1.308999997892216660e+00 0.000000000000000000e+00
-2.338733128332071587e+00 1.296380918961933970e+00 0.000000000000000000e+00
-2.436935357444864891e+00 1.295741490804491525e+00 0.000000000000000000e+00
-2.558866554125336812e+00 1.248042585688367900e+00 0.000000000000000000e+00
-2.662732254140799615e+00 1.241652419082822423e+00 0.000000000000000000e+00
-2.778091644099929702e+00 1.236886067571902448e+00 0.000000000000000000e+00
-2.897749288681557456e+00 1.230021573775920363e+00 0.000000000000000000e+00
-3.034672765830931596e+00 1.226087361002284437e+00 0.000000000000000000e+00
-3.183509342358805227e+00 1.222034718197282155e+00 0.000000000000000000e+00
-3.351863429760891577e+00 1.154139111699985731e+00 0.000000000000000000e+00
-3.485622102779385223e+00 1.132547251552229683e+00 0.000000000000000000e+00
-3.740107920088374893e+00 1.143465718999560510e+00 0.000000000000000000e+00
-3.932521681592023644e+00 1.127632422049654082e+00 0.000000000000000000e+00
-1.483826652454353079e+00 1.559564589496606757e-01 0.000000000000000000e+00
-7.074724254103843535e+00 4.947128830040112279e-01 0.000000000000000000e+00
-6.974428877902762558e+00 3.655143012186883311e-01 0.000000000000000000e+00
-6.952761763394816441e+00 2.427957639016758429e-01 0.000000000000000000e+00
-2.782576128173605223e+00 4.857003657790157081e-02 0.000000000000000000e+00
-6.962999820709227627e+00 -2.509290039097853310e-08 0.000000000000000000e+00
