-7.140840881594301415e+00 -1.259123287314421358e+00 0.000000000000000000e+00
-6.659358668129155667e+00 -1.294448547567274010e+00 0.000000000000000000e+00
-6.606229166626398808e+00 -1.525168529381575988e+00 0.000000000000000000e+00
-6.576664231639351321e+00 -1.639746910193904395e+00 0.000000000000000000e+00
-6.505510481432939862e+00 -1.743146630207917713e+00 0.000000000000000000e+00
-5.939347739237776480e+00 -1.929811390536409821e+00 0.000000000000000000e+00
-6.911439119103284234e+00 -2.515558503295006076e+00 0.000000000000000000e+00
-6.718373903058389551e+00 -2.714399637094170981e+00 0.000000000000000000e+00
-3.619466926590102496e+00 -1.611490713887577586e+00 0.000000000000000000e+00
-3.618886938783584473e+00 -1.687514908975606964e+00 0.000000000000000000e+00
-3.429728396936525758e+00 -2.313381252113219322e+00 0.000000000000000000e+00
-2.565217081587882753e+00 -1.933029911349675167e+00 0.000000000000000000e+00
-2.493265959643221397e+00 -1.947953046595067850e+00 0.000000000000000000e+00
-2.415338123295028172e+00 -2.026709521330039010e+00 0.000000000000000000e+00
-2.385636896246821070e+00 -2.073802710884919964e+00 0.000000000000000000e+00
-3.010983134437752451e+00 -2.807787458517343904e+00 0.000000000000000000e+00
-2.986698681716428716e+00 -2.884221658061174587e+00 0.000000000000000000e+00
-2.973383823596029263e+00 -2.973384098286897093e+00 0.000000000000000000e+00
-2.891672748169012763e+00 -3.100939660260862318e+00 0.000000000000000000e+00
-2.216829561890883760e+00 -2.462038881375134824e+00 0.000000000000000000e+00
-2.819085454479173691e+00 -3.242987143089039126e+00 0.000000000000000000e+00
-2.764629435312108807e+00 -3.294757366277624389e+00 0.000000000000000000e+00
-2.825018978680856385e+00 -3.488608227633272829e+00 0.000000000000000000e+00
-2.637493558234755842e+00 -3.375838124658722794e+00 0.000000000000000000e+00
-2.493921338788783082e+00 -3.309545708788582008e+00 0.000000000000000000e+00
-2.328146614811985149e+00 -3.324938264661517540e+00 0.000000000000000000e+00
-2.068454346719547310e+00 -3.066609975311823444e+00 0.000000000000000000e+00
-1.851772643903651039e+00 -2.851480093528381055e+00 0.000000000000000000e+00
8.523601677491537965e-01 -1.312519456440427223e+00 0.000000000000000000e+00
3.581958294795595688e+00 -3.225209517095088074e+00 0.000000000000000000e+00
3.506380742676712625e+00 -3.048050071222240920e+00 0.000000000000000000e+00
3.380554303901125657e+00 -2.836621677470243075e+00 0.000000000000000000e+00
3.320744598813049731e+00 -2.689085771824513138e+00 0.000000000000000000e+00
3.271032740790245086e+00 -2.555610689971373972e+00 0.000000000000000000e+00
3.258432900948013522e+00 -2.455405141206014719e+00 0.000000000000000000e+00
3.185908970468060097e+00 -2.314698197706964056e+00 0.000000000000000000e+00
3.138736329645321010e+00 -2.117104237882898143e+00 0.000000000000000000e+00
3.061986327193560342e+00 -1.988477030093434683e+00 0.000000000000000000e+00
2.985513800317549649e+00 -1.793877539614079364e+00 0.000000000000000000e+00
2.938424151864313050e+00 -1.696499849716379904e+00 0.000000000000000000e+00
2.857382598655037409e+00 -1.583872918888522996e+00 0.000000000000000000e+00
2.802475728901294261e+00 -1.490102663013926687e+00 0.000000000000000000e+00
2.765684377171072406e+00 -1.409186465387471943e+00 0.000000000000000000e+00
2.759707320976816813e+00 -1.286872552810529591e+00 0.000000000000000000e+00
2.740636410979398363e+00 -1.220209843762113389e+00 0.000000000000000000e+00
2.721932903334452369e+00 -1.155391869136102700e+00 0.000000000000000000e+00
2.692541987966698080e+00 -1.087857480476005279e+00 0.000000000000000000e+00
2.824080912553436740e+00 -1.084062994629148458e+00 0.000000000000000000e+00
2.877338870992620645e+00 -1.047265603085658858e+00 0.000000000000000000e+00
2.936780676165948734e+00 -1.011214580760029458e+00 0.000000000000000000e+00
3.079301370028306728e+00 -9.414368044599024099e-01 0.000000000000000000e+00
3.218304233451430463e+00 -9.228337840642667489e-01 0.000000000000000000e+00
3.349830729828854547e+00 -8.975843312445391797e-01 0.000000000000000000e+00
3.435817084959003065e+00 -8.566453030566029136e-01 0.000000000000000000e+00
3.535988939170395362e+00 -8.163472596200385123e-01 0.000000000000000000e+00
3.609364725357645298e+00 -7.671940443140330412e-01 0.000000000000000000e+00
3.752760698850900134e+00 -7.294626701579765005e-01 0.000000000000000000e+00
3.777907967319170890e+00 -5.983617260877857058e-01 0.000000000000000000e+00
3.798668293188035339e+00 -5.338679002624884262e-01 0.000000000000000000e+00
3.850086484757481831e+00 -4.727310655786045590e-01 0.000000000000000000e+00
3.853772356197535665e+00 -4.050476843628305623e-01 0.000000000000000000e+00
3.902094697297070702e+00 -3.413889375023577144e-01 0.000000000000000000e+00
3.908455939577549110e+00 -2.733057516173495460e-01 0.000000000000000000e+00
4.001561062132765301e+00 -1.397374784358901834e-01 0.000000000000000000e+00
4.011389038843775623e+00 -7.001894347179248024e-02 0.000000000000000000e+00
4.083000183105466974e+00 1.140777072805576476e-07 0.000000000000000000e+00
4.110373933818900483e+00 7.174695821568301268e-02 0.000000000000000000e+00
4.131481499535790469e+00 1.442746275592226846e-01 0.000000000000000000e+00
4.186254916032611462e+00 2.193924392432377024e-01 0.000000000000000000e+00
4.213710517391950461e+00 2.946514589495302650e-01 0.000000000000000000e+00
4.265705751657103306e+00 3.732010123963428461e-01 0.000000000000000000e+00
4.280851738512688520e+00 5.256226183000474173e-01 0.000000000000000000e+00
4.294792492148778784e+00 6.035938393483951669e-01 0.000000000000000000e+00
1.050900400306565174e+00 1.664463005269546936e-01 0.000000000000000000e+00
1.034048088855777925e+00 1.823306057630275367e-01 0.000000000000000000e+00
1.025800359301437092e+00 1.993954191148208099e-01 0.000000000000000000e+00
1.017273461759250708e+00 2.162281772911407440e-01 0.000000000000000000e+00
1.008137286366157515e+00 2.513568840926177494e-01 0.000000000000000000e+00
1.002630988751448626e+00 2.686541915874952058e-01 0.000000000000000000e+00
9.968283144828947728e-01 2.858359473791243777e-01 0.000000000000000000e+00
9.897753827424533579e-01 3.026047300081858293e-01 0.000000000000000000e+00
9.852945554141943063e-01 3.201416354292737076e-01 0.000000000000000000e+00
9.795572483876162639e-01 3.372886372166523095e-01 0.000000000000000000e+00
9.735215587386178981e-01 3.543328976193380608e-01 0.000000000000000000e+00
9.699900858365094747e-01 3.723443362283763713e-01 0.000000000000000000e+00
9.573250023861012981e-01 4.063603824940976161e-01 0.000000000000000000e+00
9.546549535350906668e-01 4.250397981340642284e-01 0.000000000000000000e+00
4.652158034512544837e+00 2.269009221246690799e+00 0.000000000000000000e+00
4.621650603624697595e+00 2.354848742618306900e+00 0.000000000000000000e+00
4.597507861616525027e+00 2.444538434603015453e+00 0.000000000000000000e+00
4.553270004626000400e+00 2.523918920240241004e+00 0.000000000000000000e+00
7.344209190284247235e+00 4.412846317725217737e+00 0.000000000000000000e+00
3.112641320557141267e+00 2.902585117914379342e+00 0.000000000000000000e+00
2.511330545452021390e+00 3.867110090797244215e+00 0.000000000000000000e+00
2.465184311644197823e+00 3.945119750809607861e+00 0.000000000000000000e+00
2.352693765505587731e+00 3.915540139240823336e+00 0.000000000000000000e+00
2.698417587117405425e+00 5.786775479345692474e+00 0.000000000000000000e+00
2.264122201285910574e+00 5.603899397385236902e+00 0.000000000000000000e+00
2.114729175940653683e+00 5.509058157484971296e+00 0.000000000000000000e+00
1.991583177833011531e+00 5.471830124616534619e+00 0.000000000000000000e+00
1.844994573422318984e+00 5.358253628629840115e+00 0.000000000000000000e+00
1.520139885449830919e+00 5.301358152021114378e+00 0.000000000000000000e+00
1.417292953389544863e+00 5.289409687858896092e+00 0.000000000000000000e+00
1.283879447746606450e+00 5.149359597483959661e+00 0.000000000000000000e+00
3.956559146537043659e-01 1.861414888280011670e+00 0.000000000000000000e+00
3.493712338729343947e-01 1.797359349901707537e+00 0.000000000000000000e+00
8.656361047893259553e-01 4.909266795074779033e+00 0.000000000000000000e+00
6.880716962495979638e-01 4.895885113022662161e+00 0.000000000000000000e+00
5.936254681197207228e-01 4.834692129042283959e+00 0.000000000000000000e+00
5.047678690805603718e-01 4.802546237310112431e+00 0.000000000000000000e+00
4.173887765424387220e-01 4.770776450228090937e+00 0.000000000000000000e+00
3.293202492933341441e-01 4.709500080724318138e+00 0.000000000000000000e+00
2.489620654005112732e-01 4.750480670379290338e+00 0.000000000000000000e+00
1.628409729461755273e-01 4.663157490924584536e+00 0.000000000000000000e+00
-7.226598439236002259e-08 4.581999778747557706e+00 0.000000000000000000e+00
-2.334184352789346328e-01 4.453887759513360578e+00 0.000000000000000000e+00
-3.101373567366689787e-01 4.435169861672029867e+00 0.000000000000000000e+00
-3.852284560632635024e-01 4.403180635753840555e+00 0.000000000000000000e+00
-6.801771242583116717e-01 4.294468943988254850e+00 0.000000000000000000e+00
-7.494655934508105410e-01 4.250430236166635289e+00 0.000000000000000000e+00
-2.719028292945439573e-01 1.398818685721289201e+00 0.000000000000000000e+00
-2.860865153249658732e-01 1.345931140270665960e+00 0.000000000000000000e+00
-3.244172705986357874e-01 1.301166526494360376e+00 0.000000000000000000e+00
-3.514762916440555829e-01 1.311727305959467182e+00 0.000000000000000000e+00
-3.820334035449722832e-01 1.332308741124094587e+00 0.000000000000000000e+00
-4.242313549987326016e-01 1.387598171474474729e+00 0.000000000000000000e+00
-4.548730352767975660e-01 1.399955188640309878e+00 0.000000000000000000e+00
-4.723994021584112524e-01 1.371947423512920983e+00 0.000000000000000000e+00
-5.096100351136694240e-01 1.400142007273169176e+00 0.000000000000000000e+00
-8.151440173916214560e-01 2.017552166750366638e+00 0.000000000000000000e+00
-1.722123079021634195e+00 3.867951634270435868e+00 0.000000000000000000e+00
-1.858693608758714033e+00 3.810886527809715485e+00 0.000000000000000000e+00
-1.928097796976884659e+00 3.784104878595349941e+00 0.000000000000000000e+00
-1.998071035958317365e+00 3.757824968308421720e+00 0.000000000000000000e+00
-2.073045991590710013e+00 3.739873863179001834e+00 0.000000000000000000e+00
-2.140000148329548768e+00 3.706588884825106067e+00 0.000000000000000000e+00
-2.209513364301447069e+00 3.677247661726399830e+00 0.000000000000000000e+00
-2.279712740745040378e+00 3.648302922393451997e+00 0.000000000000000000e+00
-2.415713479007804310e+00 3.581442428756091978e+00 0.000000000000000000e+00
-2.473835324950532044e+00 3.533002905323260556e+00 0.000000000000000000e+00
-2.248561757565887387e+00 2.776742461103350212e+00 0.000000000000000000e+00
-2.288966776247963075e+00 2.727884321507938914e+00 0.000000000000000000e+00
-2.192738199604009175e+00 2.192738157118695685e+00 0.000000000000000000e+00
-1.874954411767149942e+00 1.688216503716090999e+00 0.000000000000000000e+00
-1.900358653181111634e+00 1.651956543786981424e+00 0.000000000000000000e+00
-1.708279135684024341e+00 1.433416366466628622e+00 0.000000000000000000e+00
-1.782480402964309985e+00 1.392626293273750759e+00 0.000000000000000000e+00
-4.238292526899316570e+00 2.967684323821885073e+00 0.000000000000000000e+00
-4.380634491198502900e+00 2.954775221219695602e+00 0.000000000000000000e+00
-2.988183218847616729e+00 1.940548837920327729e+00 0.000000000000000000e+00
-1.690159889895378242e+00 1.056129096385432842e+00 0.000000000000000000e+00
-4.845411973902685077e+00 2.797499857981246230e+00 0.000000000000000000e+00
-3.613902173807480356e+00 1.534010432393687617e+00 0.000000000000000000e+00
-6.435199659225065538e+00 2.215816895272456843e+00 0.000000000000000000e+00
-2.319977116167069919e+00 5.784352474712519676e-01 0.000000000000000000e+00
-3.480249253097670081e+00 7.397497959830692249e-01 0.000000000000000000e+00
-5.919545475085542741e+00 7.268287645622907300e-01 0.000000000000000000e+00
