-6.700587297761948058e+00 -1.302462583513674055e+00 0.000000000000000000e+00
-6.657272726529154028e+00 -1.415047353298241273e+00 0.000000000000000000e+00
-6.580545595863536157e+00 -1.640714643191937938e+00 0.000000000000000000e+00
-6.540283593313006349e+00 -1.752464059327212276e+00 0.000000000000000000e+00
-6.498569244746358109e+00 -2.111513503048494833e+00 0.000000000000000000e+00
-6.983795582230087007e+00 -2.541894106191931790e+00 0.000000000000000000e+00
-6.720228578443117051e+00 -2.715148974696375284e+00 0.000000000000000000e+00
-5.272651841528956496e+00 -2.238108227314245191e+00 0.000000000000000000e+00
-3.643219128879697344e+00 -1.622065877081601215e+00 0.000000000000000000e+00
-3.646982604003562223e+00 -1.700616134501109711e+00 0.000000000000000000e+00
-2.574002196794111796e+00 -1.939649971145075424e+00 0.000000000000000000e+00
-2.505086015301223767e+00 -1.957187887082451505e+00 0.000000000000000000e+00
-2.453449757333918679e+00 -1.986764630674735077e+00 0.000000000000000000e+00
-2.381863262129349845e+00 -2.070522340483618606e+00 0.000000000000000000e+00
-3.010983134437752451e+00 -2.807787458517343904e+00 0.000000000000000000e+00
-2.974470105974385881e+00 -2.872412658640391747e+00 0.000000000000000000e+00
-2.952877865456136508e+00 -2.952878138252597040e+00 0.000000000000000000e+00
-2.943267367312296212e+00 -3.047842861359048694e+00 0.000000000000000000e+00
-2.827614228916158989e+00 -3.252798376658246227e+00 0.000000000000000000e+00
-2.774271163113001926e+00 -3.306247931085291025e+00 0.000000000000000000e+00
-2.801734312768897617e+00 -3.459854057239669434e+00 0.000000000000000000e+00
-2.636877941417762106e+00 -3.375050170991689580e+00 0.000000000000000000e+00
-2.528224889476104575e+00 -3.355068062363925296e+00 0.000000000000000000e+00
-2.396988150829050035e+00 -3.299171466415956377e+00 0.000000000000000000e+00
-2.317822167414143930e+00 -3.310193424282407815e+00 0.000000000000000000e+00
-1.907966027123985109e+00 -2.828676233833161469e+00 0.000000000000000000e+00
3.727982156492947396e+00 -5.966018093666712652e+00 0.000000000000000000e+00
8.896759343959266264e-01 -1.318998713926013533e+00 0.000000000000000000e+00
3.572297403267338467e+00 -3.216510811879611520e+00 0.000000000000000000e+00
3.512418341761534890e+00 -3.053298475680011226e+00 0.000000000000000000e+00
3.372127694979690116e+00 -2.829550913511053256e+00 0.000000000000000000e+00
3.307533333527055586e+00 -2.678387500864119364e+00 0.000000000000000000e+00
3.292308992609171980e+00 -2.572233518570098632e+00 0.000000000000000000e+00
3.239265895001852247e+00 -2.440961767236878188e+00 0.000000000000000000e+00
3.197150597307890862e+00 -2.238668793356529907e+00 0.000000000000000000e+00
3.140394482308741519e+00 -2.118222675898104423e+00 0.000000000000000000e+00
3.061147717394181456e+00 -1.987932430560619412e+00 0.000000000000000000e+00
1.776660821531729884e+00 -1.110180816403823822e+00 0.000000000000000000e+00
2.974370615383788774e+00 -1.787182039104145748e+00 0.000000000000000000e+00
2.913309583175492268e+00 -1.681999947794717620e+00 0.000000000000000000e+00
2.858257154985843318e+00 -1.584357693342268725e+00 0.000000000000000000e+00
2.798943983940682667e+00 -1.488224801051869273e+00 0.000000000000000000e+00
2.783565099519629715e+00 -1.357635303045380493e+00 0.000000000000000000e+00
2.769676632448086373e+00 -1.291521318715986189e+00 0.000000000000000000e+00
2.747944680649725857e+00 -1.223463694786232070e+00 0.000000000000000000e+00
2.716409835515024795e+00 -1.153047466140923794e+00 0.000000000000000000e+00
2.720357477424176995e+00 -1.099095666701012108e+00 0.000000000000000000e+00
2.809143595281721861e+00 -1.078329096276122945e+00 0.000000000000000000e+00
2.884856315257395387e+00 -1.050001728774912824e+00 0.000000000000000000e+00
2.924488923733432610e+00 -1.006982191401257110e+00 0.000000000000000000e+00
3.091733342914795735e+00 -9.452376395913077989e-01 0.000000000000000000e+00
3.204846628262887354e+00 -9.189748783115103681e-01 0.000000000000000000e+00
3.337273682932122121e+00 -8.942196810725628886e-01 0.000000000000000000e+00
3.433876634144627182e+00 -8.561614943919261256e-01 0.000000000000000000e+00
3.502860434796026379e+00 -8.086989427766969607e-01 0.000000000000000000e+00
3.606430262014651333e+00 -7.665703049661677371e-01 0.000000000000000000e+00
3.746870894525808460e+00 -7.283178083523715873e-01 0.000000000000000000e+00
3.772969412561428815e+00 -5.975795360040716542e-01 0.000000000000000000e+00
3.787775425605266477e+00 -5.323370078824724017e-01 0.000000000000000000e+00
3.835198424949266105e+00 -4.709030421288977752e-01 0.000000000000000000e+00
3.821947590954982044e+00 -4.017027676746000031e-01 0.000000000000000000e+00
3.884163067280547388e+00 -3.398201236744240461e-01 0.000000000000000000e+00
3.900475529905508054e+00 -2.727477072393778013e-01 0.000000000000000000e+00
3.979538597148224888e+00 -2.085586673367508526e-01 0.000000000000000000e+00
3.985392975872271926e+00 -6.956518123480549820e-02 0.000000000000000000e+00
4.033999919891355646e+00 1.127086557417555791e-07 0.000000000000000000e+00
4.093376324675444877e+00 7.145026337170590214e-02 0.000000000000000000e+00
4.123486475861446010e+00 1.439954349589235294e-01 0.000000000000000000e+00
4.179264539775171095e+00 2.190260889542301748e-01 0.000000000000000000e+00
4.213710517391950461e+00 2.946514589495302650e-01 0.000000000000000000e+00
4.253751331704530791e+00 3.721551358430484346e-01 0.000000000000000000e+00
4.287383749718730819e+00 4.506223078997458331e-01 0.000000000000000000e+00
4.294792492148778784e+00 6.035938393483951669e-01 0.000000000000000000e+00
1.059789539760251031e+00 1.678542021477958390e-01 0.000000000000000000e+00
1.036017796392782353e+00 1.826779183999044376e-01 0.000000000000000000e+00
1.028745261431995850e+00 1.999678501821824383e-01 0.000000000000000000e+00
1.018251655063390437e+00 2.164360987234238420e-01 0.000000000000000000e+00
1.012370524644815584e+00 2.337241796923258674e-01 0.000000000000000000e+00
1.006196604242289627e+00 2.508730176408292545e-01 0.000000000000000000e+00
9.949058158569539234e-01 2.852846797153783531e-01 0.000000000000000000e+00
9.907317321790801712e-01 3.028971153999724941e-01 0.000000000000000000e+00
9.843434544628708593e-01 3.198326039702629742e-01 0.000000000000000000e+00
9.786116856361550820e-01 3.369630538243920115e-01 0.000000000000000000e+00
9.735215587386178981e-01 3.543328976193380608e-01 0.000000000000000000e+00
9.690564617927558411e-01 3.719859515088475010e-01 0.000000000000000000e+00
9.642711636539544884e-01 3.895908669357465159e-01 0.000000000000000000e+00
9.619275222155448946e-01 4.083140363876737733e-01 0.000000000000000000e+00
4.644967774800740301e+00 2.265502297047596425e+00 0.000000000000000000e+00
4.622541970423390545e+00 2.355302916714347106e+00 0.000000000000000000e+00
4.589561488319026772e+00 2.440313272727031801e+00 0.000000000000000000e+00
4.553270004626000400e+00 2.523918920240241004e+00 0.000000000000000000e+00
4.172496557864757705e+00 3.378821247716774945e+00 0.000000000000000000e+00
3.514885987642852427e+00 3.277684354929720989e+00 0.000000000000000000e+00
2.648775923010996181e+00 3.782844219834806232e+00 0.000000000000000000e+00
2.502616173651345033e+00 3.853691134385319739e+00 0.000000000000000000e+00
2.356814262509974167e+00 3.922397798172405636e+00 0.000000000000000000e+00
1.108190760694847121e+00 2.174946933471519461e+00 0.000000000000000000e+00
2.815219363253829155e+00 5.772055357914822160e+00 0.000000000000000000e+00
2.621500998928885551e+00 5.621827315425765192e+00 0.000000000000000000e+00
2.261499966685752483e+00 5.597409138649518390e+00 0.000000000000000000e+00
2.121179843832873946e+00 5.525862722805754856e+00 0.000000000000000000e+00
1.993635312940532200e+00 5.477468319810236075e+00 0.000000000000000000e+00
1.889922980070140479e+00 5.488735203707157062e+00 0.000000000000000000e+00
1.737602506806799507e+00 5.347790960624956291e+00 0.000000000000000000e+00
1.628510349242026978e+00 5.326617684302055622e+00 0.000000000000000000e+00
1.488717271962461952e+00 5.191774468464401160e+00 0.000000000000000000e+00
1.294040122344702004e+00 5.190111840500581053e+00 0.000000000000000000e+00
3.850524194879929030e-01 1.811529361390983528e+00 0.000000000000000000e+00
7.763841386714864790e-01 4.901897070479873442e+00 0.000000000000000000e+00
6.798605485169076923e-01 4.837459753914845173e+00 0.000000000000000000e+00
5.904568628332502733e-01 4.808885906329058102e+00 0.000000000000000000e+00
4.149484268434144862e-01 4.742883120247181949e+00 0.000000000000000000e+00
3.294597520964857029e-01 4.711495064221729479e+00 0.000000000000000000e+00
1.629107834899087837e-01 4.665156604256233130e+00 0.000000000000000000e+00
8.043807156072849129e-02 4.608298234217608425e+00 0.000000000000000000e+00
-7.213981231468919326e-08 4.573999881744383877e+00 0.000000000000000000e+00
-3.127183260715814539e-01 4.472079434670754416e+00 0.000000000000000000e+00
-3.831367032475966328e-01 4.379271795823242108e+00 0.000000000000000000e+00
-4.618068395771515178e-01 4.393797946868560622e+00 0.000000000000000000e+00
-5.387844327132261801e-01 4.388046532204898931e+00 0.000000000000000000e+00
-6.054030391838164382e-01 4.307665995693067629e+00 0.000000000000000000e+00
-6.787692413940764613e-01 4.285579922259062258e+00 0.000000000000000000e+00
-7.487709682249913401e-01 4.246490821084173639e+00 0.000000000000000000e+00
-2.883735270241180593e-01 1.356690683622633120e+00 0.000000000000000000e+00
-3.048087014289777574e-01 1.320271452097003140e+00 0.000000000000000000e+00
-3.280460957739099737e-01 1.315720948457944406e+00 0.000000000000000000e+00
-3.538056486065407347e-01 1.320420584014514453e+00 0.000000000000000000e+00
-3.927832375367310003e-01 1.369797865530377079e+00 0.000000000000000000e+00
-4.554910613339753223e-01 1.401857277175706074e+00 0.000000000000000000e+00
-4.753295361529540353e-01 1.380457150167936131e+00 0.000000000000000000e+00
-4.884047730714583535e-01 1.341881031007440050e+00 0.000000000000000000e+00
-7.783751880289645486e-01 2.027736612181688436e+00 0.000000000000000000e+00
-1.723343200545292664e+00 3.870692071988815819e+00 0.000000000000000000e+00
-1.791478793027232896e+00 3.841838545299967489e+00 0.000000000000000000e+00
-1.856940251218740956e+00 3.807291612221675337e+00 0.000000000000000000e+00
-1.929913627399480136e+00 3.787668646352161606e+00 0.000000000000000000e+00
-1.992906775224689175e+00 3.748112406753584480e+00 0.000000000000000000e+00
-2.128999991703743433e+00 3.687536055173494365e+00 0.000000000000000000e+00
-2.206423114180569911e+00 3.672104621989802364e+00 0.000000000000000000e+00
-2.273883545850960974e+00 3.638974260765531099e+00 0.000000000000000000e+00
-2.343037194372732834e+00 3.607960795192460601e+00 0.000000000000000000e+00
-2.407325393333126229e+00 3.569006580634039860e+00 0.000000000000000000e+00
-2.289609517276825379e+00 2.728650310422071179e+00 0.000000000000000000e+00
-1.719941501800323014e+00 1.660928169861914938e+00 0.000000000000000000e+00
-1.846668182552806625e+00 1.722045906807554649e+00 0.000000000000000000e+00
-1.888283455266916544e+00 1.641459734577579876e+00 0.000000000000000000e+00
-1.776176210178604276e+00 1.387700918152296348e+00 0.000000000000000000e+00
-4.828957857860361358e+00 2.788000069822978322e+00 0.000000000000000000e+00
-4.856331683280171951e+00 1.767560145747368416e+00 0.000000000000000000e+00
-3.467533323079994290e+00 7.370469416895332193e-01 0.000000000000000000e+00
-5.563221201989026810e+00 6.830776467968588950e-01 0.000000000000000000e+00
