-3.059135424602512643e+00 -1.068275222915604644e-01 0.000000000000000000e+00
-4.488839632235297472e+00 -2.352503501588028012e-01 0.000000000000000000e+00
-4.457116095744718898e+00 -3.116721507530996194e-01 0.000000000000000000e+00
-4.429081706526043938e+00 -3.874946694392614743e-01 0.000000000000000000e+00
-4.398770179049759754e+00 -4.623296046593932118e-01 0.000000000000000000e+00
-4.379113771396794696e+00 -5.376877897300058606e-01 0.000000000000000000e+00
-4.345828757667526077e+00 -6.883118829886135659e-01 0.000000000000000000e+00
-4.319366919953532502e+00 -7.616211543639389570e-01 0.000000000000000000e+00
-4.188603345139913614e+00 -8.141822338539087545e-01 0.000000000000000000e+00
-1.491675051737819224e+00 -3.170653990982134629e-01 0.000000000000000000e+00
-1.436221436441220689e+00 -3.315779215091871901e-01 0.000000000000000000e+00
-1.389463502362881853e+00 -3.464322344245346907e-01 0.000000000000000000e+00
-1.416047204506061252e+00 -3.794287811532945365e-01 0.000000000000000000e+00
-1.436124912759299210e+00 -4.118022699920776408e-01 0.000000000000000000e+00
-1.502354729510527509e+00 -4.593160173475471231e-01 0.000000000000000000e+00
-1.482697099404349794e+00 -4.817575728463773244e-01 0.000000000000000000e+00
-1.447126574053953618e+00 -5.267110794108975647e-01 0.000000000000000000e+00
-2.150969169236411016e+00 -8.256798265448801466e-01 0.000000000000000000e+00
-4.033652155555754959e+00 -1.712183991434435448e+00 0.000000000000000000e+00
-3.967527776687683083e+00 -1.766457409032513581e+00 0.000000000000000000e+00
-3.937907054737438628e+00 -1.836276451140892663e+00 0.000000000000000000e+00
-3.908855193822740048e+00 -1.906476297949587728e+00 0.000000000000000000e+00
-3.912409367236412194e+00 -1.993472381078944977e+00 0.000000000000000000e+00
-3.878788786573867053e+00 -2.062388822500388130e+00 0.000000000000000000e+00
-3.857947227937172929e+00 -2.138495312342215460e+00 0.000000000000000000e+00
-3.848616585752945962e+00 -2.222000069230557262e+00 0.000000000000000000e+00
-3.783142414487884686e+00 -2.363970000949719097e+00 0.000000000000000000e+00
-3.746341317083903277e+00 -2.432902752695030202e+00 0.000000000000000000e+00
-3.720720436393904151e+00 -2.509657881246936562e+00 0.000000000000000000e+00
-3.662428827458019676e+00 -2.564460532639697643e+00 0.000000000000000000e+00
-3.658374589848933933e+00 -2.657964987888746577e+00 0.000000000000000000e+00
-2.949360895994108223e+00 -2.222503066989018894e+00 0.000000000000000000e+00
-2.880179175815410275e+00 -2.250242810467014465e+00 0.000000000000000000e+00
-3.163763513328124777e+00 -2.654713049844686701e+00 0.000000000000000000e+00
-1.883913336638129099e+00 -1.950849548450956261e+00 0.000000000000000000e+00
-1.550267349033193298e+00 -1.783378745499647922e+00 0.000000000000000000e+00
-1.512256888165972368e+00 -1.867481904427551020e+00 0.000000000000000000e+00
-3.173734850679721831e+00 -4.062195743770244505e+00 0.000000000000000000e+00
-3.228135496816178840e+00 -4.283880896606302890e+00 0.000000000000000000e+00
1.805074745838891825e+00 -2.676133158438644966e+00 0.000000000000000000e+00
1.818810973746552984e+00 -2.597531071223581733e+00 0.000000000000000000e+00
1.803325287467947513e+00 -2.482064138458511149e+00 0.000000000000000000e+00
2.813025174143336749e+00 -3.124180746621724403e+00 0.000000000000000000e+00
2.886217080074278130e+00 -3.095088674205766388e+00 0.000000000000000000e+00
2.279174123873478841e+00 -2.360153734339443865e+00 0.000000000000000000e+00
3.034195223081344928e+00 -3.034195016612501572e+00 0.000000000000000000e+00
3.098916024386578982e+00 -2.992588215867832968e+00 0.000000000000000000e+00
3.239896874604866195e+00 -3.021252508647010337e+00 0.000000000000000000e+00
2.900667654478650714e+00 -2.266249791204761443e+00 0.000000000000000000e+00
2.675428948908455506e+00 -2.016080182031661394e+00 0.000000000000000000e+00
2.832368506180894308e+00 -2.057836032752590416e+00 0.000000000000000000e+00
2.825255368516612631e+00 -1.978264968840331983e+00 0.000000000000000000e+00
2.742702552353011303e+00 -1.583499939901962694e+00 0.000000000000000000e+00
2.718318132828517086e+00 -1.506788232537454642e+00 0.000000000000000000e+00
2.675331226230367676e+00 -1.422498736933965224e+00 0.000000000000000000e+00
2.656981598164478875e+00 -1.353799637378275023e+00 0.000000000000000000e+00
2.612794390962689839e+00 -1.274344869959053383e+00 0.000000000000000000e+00
2.580258201929640727e+00 -1.203194061192041087e+00 0.000000000000000000e+00
2.524126144966723828e+00 -1.123813270759637550e+00 0.000000000000000000e+00
2.563663487163021504e+00 -1.035787190839524197e+00 0.000000000000000000e+00
2.538405304012054220e+00 -9.744024129116565236e-01 0.000000000000000000e+00
2.510858646220943236e+00 -9.138777225396057524e-01 0.000000000000000000e+00
2.565191978454492538e+00 -8.832663440323159643e-01 0.000000000000000000e+00
2.655349872307274151e+00 -8.627753847358858863e-01 0.000000000000000000e+00
2.726424951943852815e+00 -8.335516683559195394e-01 0.000000000000000000e+00
2.818419241647439843e+00 -8.081686208577335551e-01 0.000000000000000000e+00
2.925441738269842773e+00 -7.293944533384575379e-01 0.000000000000000000e+00
3.037111613115510700e+00 -7.011723693651422673e-01 0.000000000000000000e+00
3.144744472164457516e+00 -6.684359751687289908e-01 0.000000000000000000e+00
3.278634727215265166e+00 -6.373019317004251505e-01 0.000000000000000000e+00
3.413343768461544858e+00 -6.018644977217502134e-01 0.000000000000000000e+00
3.529998028788617681e+00 -5.590966566322369546e-01 0.000000000000000000e+00
3.662495369340428741e+00 -4.496977783433001585e-01 0.000000000000000000e+00
3.906481990254734082e+00 -4.105876886093570155e-01 0.000000000000000000e+00
4.068459267397520840e+00 -3.559439466014373554e-01 0.000000000000000000e+00
4.234659287624337409e+00 -2.961161024557063537e-01 0.000000000000000000e+00
1.469776139772441814e+00 2.565507882848193366e-02 0.000000000000000000e+00
6.985521940076000469e+00 7.342081330433433140e-01 0.000000000000000000e+00
6.500440150458129729e+00 2.238281226814870628e+00 0.000000000000000000e+00
6.441592874244336464e+00 2.344548251578986164e+00 0.000000000000000000e+00
6.387557223671281648e+00 2.451953673853863425e+00 0.000000000000000000e+00
1.272036228296985039e+00 7.643165166753876916e-01 0.000000000000000000e+00
1.277546886308057017e+00 8.617162988696495107e-01 0.000000000000000000e+00
2.213085190632233079e+00 1.992670945228471435e+00 0.000000000000000000e+00
3.406133228492027598e+00 3.406133377378848248e+00 0.000000000000000000e+00
3.252390528631781130e+00 3.367949131079769121e+00 0.000000000000000000e+00
3.038302571717290679e+00 3.258180750498206102e+00 0.000000000000000000e+00
2.802683995511016324e+00 3.224119262654094431e+00 0.000000000000000000e+00
2.660497810106369876e+00 3.170657959662346315e+00 0.000000000000000000e+00
2.563221857325513220e+00 3.165315519381040055e+00 0.000000000000000000e+00
2.398001370473680893e+00 3.069301920408595397e+00 0.000000000000000000e+00
2.252593587924192509e+00 2.989292785275039943e+00 0.000000000000000000e+00
2.139538319227847207e+00 2.944821988551784120e+00 0.000000000000000000e+00
2.040211279504136499e+00 2.913723799309072771e+00 0.000000000000000000e+00
1.810204089774828606e+00 2.896932239035658885e+00 0.000000000000000000e+00
1.684689439905778796e+00 2.803794195751887486e+00 0.000000000000000000e+00
1.591499989212791899e+00 2.756558967785023295e+00 0.000000000000000000e+00
1.507757814542628028e+00 2.720067227143785349e+00 0.000000000000000000e+00
1.432827178411082869e+00 2.694756121845812036e+00 0.000000000000000000e+00
1.356523523413371457e+00 2.662327445845138474e+00 0.000000000000000000e+00
1.275221580464731108e+00 2.614591833278180122e+00 0.000000000000000000e+00
1.206997683388632225e+00 2.588415014490675681e+00 0.000000000000000000e+00
1.104987609045464225e+00 2.603187809633160210e+00 0.000000000000000000e+00
1.081114547712780816e+00 2.675852548502531736e+00 0.000000000000000000e+00
1.055751963718058350e+00 2.750328048703750028e+00 0.000000000000000000e+00
1.031532710997959956e+00 2.834112993818058701e+00 0.000000000000000000e+00
1.008610104930230289e+00 2.929216612594375491e+00 0.000000000000000000e+00
9.808198928528160110e-01 3.018653424158896481e+00 0.000000000000000000e+00
9.035392279248755099e-01 3.151015967331833867e+00 0.000000000000000000e+00
8.737730194628700042e-01 3.260965535095221579e+00 0.000000000000000000e+00
8.411623709435450680e-01 3.373718253269667233e+00 0.000000000000000000e+00
8.041999689447020261e-01 3.483373042165870626e+00 0.000000000000000000e+00
7.717681109521733473e-01 3.630883802870670252e+00 0.000000000000000000e+00
7.103818361749243415e-01 3.654598064916005473e+00 0.000000000000000000e+00
6.499650711863320662e-01 3.686135460708455547e+00 0.000000000000000000e+00
5.221774251910610287e-01 3.715485895269325489e+00 0.000000000000000000e+00
4.599348307866237273e-01 3.745869113937723593e+00 0.000000000000000000e+00
3.990896179634470520e-01 3.797084680907034215e+00 0.000000000000000000e+00
3.352009197668768259e-01 3.831364770672057940e+00 0.000000000000000000e+00
2.712131074469102954e-01 3.878529043250578123e+00 0.000000000000000000e+00
2.027494356934172182e-01 3.868690893299078226e+00 0.000000000000000000e+00
1.382368417363308011e-01 3.958587033728889093e+00 0.000000000000000000e+00
-6.292913407636908966e-08 3.990000009536742276e+00 0.000000000000000000e+00
-7.017618755134336084e-02 4.020387489587748497e+00 0.000000000000000000e+00
-1.423900070904144111e-01 4.077514495783210791e+00 0.000000000000000000e+00
-2.156765291314955701e-01 4.115352122745491670e+00 0.000000000000000000e+00
-2.922099412084180337e-01 4.178795931471545266e+00 0.000000000000000000e+00
-3.681459188929277482e-01 4.207926376381020184e+00 0.000000000000000000e+00
-4.472773376516773758e-01 4.255558990105543948e+00 0.000000000000000000e+00
-6.003928383488514875e-01 4.272016568168772288e+00 0.000000000000000000e+00
-6.870602646258706647e-01 4.337927377815805841e+00 0.000000000000000000e+00
-7.716925242521894823e-01 4.376485414097315285e+00 0.000000000000000000e+00
-8.620751284829371031e-01 4.434991726074366980e+00 0.000000000000000000e+00
-2.097828983012781090e-01 9.869508711349048724e-01 0.000000000000000000e+00
-2.229265076359575604e-01 9.656007278257391357e-01 0.000000000000000000e+00
-2.380511650966309622e-01 9.547710177240523732e-01 0.000000000000000000e+00
-2.536426821469567328e-01 9.466073247008666147e-01 0.000000000000000000e+00
-2.868166567851749837e-01 9.381349676633868873e-01 0.000000000000000000e+00
-3.031456858416687328e-01 9.329864443376404415e-01 0.000000000000000000e+00
-3.203590851185618149e-01 9.303902998589808071e-01 0.000000000000000000e+00
-3.365478424116358225e-01 9.246575599960011882e-01 0.000000000000000000e+00
-3.537091740166079523e-01 9.214438656944068384e-01 0.000000000000000000e+00
-3.697367151256915063e-01 9.151304491150025200e-01 0.000000000000000000e+00
-3.864331063600363048e-01 9.103793158011536102e-01 0.000000000000000000e+00
-4.192373199359595293e-01 8.990573048518023525e-01 0.000000000000000000e+00
-4.374944267772664652e-01 8.969964759876416505e-01 0.000000000000000000e+00
-4.553524915964441422e-01 8.936795569355189262e-01 0.000000000000000000e+00
-4.727578600554575572e-01 8.891281933969831242e-01 0.000000000000000000e+00
-3.731186391762356447e+00 2.710865545239583341e+00 0.000000000000000000e+00
-3.801684490994548860e+00 2.661968091262267411e+00 0.000000000000000000e+00
-3.841759986993849019e+00 2.591299785053978066e+00 0.000000000000000000e+00
-5.916802226702184697e+00 3.279736971716205485e+00 0.000000000000000000e+00
-5.682549825938970400e+00 2.649816453367940028e+00 0.000000000000000000e+00
-5.493564529754971559e+00 2.219544101302382000e+00 0.000000000000000000e+00
-5.468913966757408041e+00 2.099319342113092013e+00 0.000000000000000000e+00
-5.439880626480449344e+00 1.979954587141271372e+00 0.000000000000000000e+00
-5.305304796673409484e+00 1.826762901782999160e+00 0.000000000000000000e+00
-5.297384969415297462e+00 1.721224679732619833e+00 0.000000000000000000e+00
-5.358072588345941689e+00 1.536402557828594917e+00 0.000000000000000000e+00
-5.261398009529117736e+00 1.409787315953806797e+00 0.000000000000000000e+00
-5.073676448483592338e+00 1.265009586351594217e+00 0.000000000000000000e+00
-1.971107285208991922e+00 3.831444330285843636e-01 0.000000000000000000e+00
-1.881967630799453950e+00 3.318416605134067998e-01 0.000000000000000000e+00
-4.884119017519918060e+00 7.735684329335831277e-01 0.000000000000000000e+00
-4.837670017741547923e+00 5.939911665775846616e-01 0.000000000000000000e+00
-4.800557331540852957e+00 5.045588857523066739e-01 0.000000000000000000e+00
-4.775757532647078030e+00 4.178246232596807830e-01 0.000000000000000000e+00
-4.696554771508053783e+00 2.461359869740715189e-01 0.000000000000000000e+00
-4.666155920665999268e+00 1.629457372187103348e-01 0.000000000000000000e+00
-4.606298206020281505e+00 8.040321703685980592e-02 0.000000000000000000e+00
-3.181999921798705611e+00 -1.146712755101918032e-08 0.000000000000000000e+00
