-7.389874102212971252e+00 -1.289911176939179671e-01 0.000000000000000000e+00
-7.362512312212975196e+00 -2.571049786908390922e-01 0.000000000000000000e+00
-4.501821827580224422e+00 -2.359307188622851437e-01 0.000000000000000000e+00
-3.968309703372224106e+00 -2.774914526649238100e-01 0.000000000000000000e+00
-3.082170228798802647e+00 -9.423141728586835741e-01 0.000000000000000000e+00
-3.023408522011430399e+00 -9.823651451617635422e-01 0.000000000000000000e+00
-2.988784178939149161e+00 -1.029121089148815615e+00 0.000000000000000000e+00
-2.967549235730328583e+00 -1.080099757119262094e+00 0.000000000000000000e+00
-3.772710813331217494e+00 -1.524274327438918775e+00 0.000000000000000000e+00
-3.784818863392653387e+00 -1.685110149037844618e+00 0.000000000000000000e+00
-3.762989801033722159e+00 -1.754711185783001337e+00 0.000000000000000000e+00
-3.801000013690672752e+00 -1.853871805243431314e+00 0.000000000000000000e+00
-3.801089137687714725e+00 -2.021075181518004804e+00 0.000000000000000000e+00
-3.779231739999278528e+00 -2.094862599912936219e+00 0.000000000000000000e+00
-3.856411075156364721e+00 -2.226500220286946607e+00 0.000000000000000000e+00
-3.591483692841068276e+00 -2.244208326988317737e+00 0.000000000000000000e+00
-3.485514887327069822e+00 -2.263520070973719989e+00 0.000000000000000000e+00
-3.377498863931298168e+00 -2.278151983647282997e+00 0.000000000000000000e+00
-3.230735559810519408e+00 -2.262185621851422468e+00 0.000000000000000000e+00
-2.753893789487335653e+00 -2.000821155146897290e+00 0.000000000000000000e+00
-2.715360713595510678e+00 -2.046171264474365703e+00 0.000000000000000000e+00
-2.828170480016846344e+00 -2.209609160038182196e+00 0.000000000000000000e+00
-2.722342215670778387e+00 -2.204509471009015620e+00 0.000000000000000000e+00
-2.585635006053342622e+00 -2.247658431737131757e+00 0.000000000000000000e+00
-2.482846817281155527e+00 -2.235565525141858245e+00 0.000000000000000000e+00
-2.372511274571060813e+00 -2.212402761656631078e+00 0.000000000000000000e+00
-2.286781051626517236e+00 -2.208318996730761263e+00 0.000000000000000000e+00
-2.197687802735696305e+00 -2.197688005765242814e+00 0.000000000000000000e+00
-2.122181266912862352e+00 -2.197583235795775192e+00 0.000000000000000000e+00
-2.043267021249440596e+00 -2.191135821543916506e+00 0.000000000000000000e+00
-1.927501302175523845e+00 -2.217336807336141025e+00 0.000000000000000000e+00
-1.857656158659588996e+00 -2.213868605527491873e+00 0.000000000000000000e+00
-1.785381782136631790e+00 -2.204763090666671310e+00 0.000000000000000000e+00
-1.725083382143498545e+00 -2.208006245730095962e+00 0.000000000000000000e+00
-1.661009358727240315e+00 -2.204234075042326158e+00 0.000000000000000000e+00
-1.614058233150827304e+00 -2.221560780808689906e+00 0.000000000000000000e+00
-1.608881839226061539e+00 -2.297721611056585900e+00 0.000000000000000000e+00
-1.583810200970588999e+00 -2.438854075775945596e+00 0.000000000000000000e+00
2.240498864397083345e+00 -3.585547409488521797e+00 0.000000000000000000e+00
2.233564713781378774e+00 -3.439387778758346226e+00 0.000000000000000000e+00
2.251310760696903834e+00 -3.337705206135793912e+00 0.000000000000000000e+00
2.165251211317814839e+00 -3.092298968714191965e+00 0.000000000000000000e+00
2.226664467967431005e+00 -2.561484278618479937e+00 0.000000000000000000e+00
2.156608059940935629e+00 -2.395155735116570206e+00 0.000000000000000000e+00
2.126470985690636528e+00 -2.280360791042398194e+00 0.000000000000000000e+00
2.122181443192617589e+00 -2.197583065564396421e+00 0.000000000000000000e+00
2.117077745231870978e+00 -2.117077601170410883e+00 0.000000000000000000e+00
2.111262341925533637e+00 -2.038822206001058568e+00 0.000000000000000000e+00
2.118000319596642367e+00 -1.975067116812766255e+00 0.000000000000000000e+00
2.235449761073631247e+00 -1.943246698945965356e+00 0.000000000000000000e+00
2.344096017703174439e+00 -1.966929970690088902e+00 0.000000000000000000e+00
2.420032652801988871e+00 -1.959703668968288293e+00 0.000000000000000000e+00
2.527938519312018961e+00 -1.975041895173276219e+00 0.000000000000000000e+00
2.639490479542693890e+00 -1.988998604742746590e+00 0.000000000000000000e+00
2.771692384464268244e+00 -2.013752252932387687e+00 0.000000000000000000e+00
2.860479088466240327e+00 -2.002928881357796342e+00 0.000000000000000000e+00
2.973757749466615863e+00 -2.005824788265762493e+00 0.000000000000000000e+00
3.115728789126067433e+00 -1.946923289400119605e+00 0.000000000000000000e+00
3.219520479561916115e+00 -1.934482927528044405e+00 0.000000000000000000e+00
3.318609423471972963e+00 -1.915999902401952726e+00 0.000000000000000000e+00
3.361163537177713323e+00 -1.863123232078605307e+00 0.000000000000000000e+00
3.431134331312477581e+00 -1.824366345628146924e+00 0.000000000000000000e+00
3.472252546930187922e+00 -1.769200901567133721e+00 0.000000000000000000e+00
3.529564315109387618e+00 -1.721483402485770586e+00 0.000000000000000000e+00
3.600282684617004847e+00 -1.602948991882521490e+00 0.000000000000000000e+00
3.650722370647948800e+00 -1.549639573537142878e+00 0.000000000000000000e+00
3.734696499660106195e+00 -1.508915197096287075e+00 0.000000000000000000e+00
3.821144670256935605e+00 -1.466799876638294808e+00 0.000000000000000000e+00
3.865895338060679975e+00 -1.407070697683748151e+00 0.000000000000000000e+00
3.949431175049162857e+00 -1.359898075579770049e+00 0.000000000000000000e+00
4.025086860851539328e+00 -1.230592415811116114e+00 0.000000000000000000e+00
4.077672248375144193e+00 -1.169253569015842542e+00 0.000000000000000000e+00
4.129333032661403280e+00 -1.106451318749689605e+00 0.000000000000000000e+00
4.184885694729222116e+00 -1.043409059787399507e+00 0.000000000000000000e+00
1.041727257297367704e+00 -2.214259318220994643e-01 0.000000000000000000e+00
1.033653403870618215e+00 -2.009218366191645733e-01 0.000000000000000000e+00
1.038060449817248543e+00 -1.644125923419130220e-01 0.000000000000000000e+00
1.038791232901021377e+00 -1.459925562109347374e-01 0.000000000000000000e+00
1.038203282085347290e+00 -1.274753036770616410e-01 0.000000000000000000e+00
1.038280891303943854e+00 -1.091276888902157211e-01 0.000000000000000000e+00
1.039031055610137866e+00 -9.090340845710476181e-02 0.000000000000000000e+00
1.040459289368800055e+00 -7.275597128489802445e-02 0.000000000000000000e+00
1.040572031997354596e+00 -5.453403980471051987e-02 0.000000000000000000e+00
1.041365298059179878e+00 -3.636524811741106977e-02 0.000000000000000000e+00
1.046000003814696822e+00 2.922490249801512288e-08 0.000000000000000000e+00
1.046840586857719968e+00 1.827269952881885318e-02 0.000000000000000000e+00
1.051359194756712467e+00 3.671430121895308263e-02 0.000000000000000000e+00
5.151420779920683479e+00 3.602225739527153414e-01 0.000000000000000000e+00
5.170250527766468096e+00 4.523384508074895782e-01 0.000000000000000000e+00
5.142672710079742693e+00 5.405168234686724693e-01 0.000000000000000000e+00
5.148403552849203813e+00 7.235610737096164202e-01 0.000000000000000000e+00
5.145856270398208032e+00 8.150237063392081760e-01 0.000000000000000000e+00
3.822692237463526155e+00 2.578438601266727304e+00 0.000000000000000000e+00
3.790216328590340744e+00 2.653938175813682854e+00 0.000000000000000000e+00
3.772446267944647325e+00 2.740842781261774608e+00 0.000000000000000000e+00
3.704870018327761638e+00 2.791819940650163367e+00 0.000000000000000000e+00
5.384844191015993431e+00 4.360561049224673802e+00 0.000000000000000000e+00
5.168251142171841117e+00 4.492692378812363607e+00 0.000000000000000000e+00
4.755992864475559578e+00 4.435035292425790310e+00 0.000000000000000000e+00
4.076304265037993702e+00 4.371301335539381050e+00 0.000000000000000000e+00
3.856314735197429400e+00 4.436182830644057162e+00 0.000000000000000000e+00
3.730739128700116147e+00 4.446121950900555397e+00 0.000000000000000000e+00
3.560694675224058248e+00 4.397091918927419130e+00 0.000000000000000000e+00
3.312991679991203586e+00 4.396488643031343457e+00 0.000000000000000000e+00
3.155231162613101770e+00 4.342803315614454540e+00 0.000000000000000000e+00
3.025042133008072121e+00 4.320208081096648556e+00 0.000000000000000000e+00
2.484499846011297475e+00 4.303280161736305232e+00 0.000000000000000000e+00
2.375082326582806491e+00 4.284762138849226076e+00 0.000000000000000000e+00
2.278345487406320036e+00 4.284944857534306983e+00 0.000000000000000000e+00
2.205939847667552467e+00 4.329400927416957146e+00 0.000000000000000000e+00
2.075249017137493990e+00 4.254891240351250659e+00 0.000000000000000000e+00
1.915729522578596189e+00 4.302799176776121115e+00 0.000000000000000000e+00
1.827449424542772816e+00 4.305201276239059460e+00 0.000000000000000000e+00
1.728060103810421744e+00 4.277099075698619579e+00 0.000000000000000000e+00
1.641325101999696834e+00 4.275798312677195234e+00 0.000000000000000000e+00
9.701930548150067279e-01 2.817645391114131037e+00 0.000000000000000000e+00
1.374507499820198042e+00 4.230299365968260616e+00 0.000000000000000000e+00
1.296083716083427761e+00 4.239299090508810153e+00 0.000000000000000000e+00
1.138803747483932538e+00 4.250073748060139600e+00 0.000000000000000000e+00
9.328719146339482515e-01 4.040712515189117227e+00 0.000000000000000000e+00
9.012971138704758411e-01 4.240269902171678318e+00 0.000000000000000000e+00
8.214326194069855314e-01 4.225904870411750558e+00 0.000000000000000000e+00
2.169745742179002290e-01 1.369923697240009730e+00 0.000000000000000000e+00
1.871878023259609669e-01 1.331910583943942683e+00 0.000000000000000000e+00
1.617205993522057017e-01 1.317108767702710015e+00 0.000000000000000000e+00
1.416360473746409165e-01 1.347577189541748099e+00 0.000000000000000000e+00
1.210593089877711748e-01 1.383714495593346472e+00 0.000000000000000000e+00
1.011468666597054172e-01 1.446467922094265335e+00 0.000000000000000000e+00
5.049954946164024461e-02 1.446118554193365435e+00 0.000000000000000000e+00
2.488710888312012370e-02 1.425782812735362448e+00 0.000000000000000000e+00
-2.302670123620428163e-08 1.460000038146972434e+00 0.000000000000000000e+00
-2.937445725227574855e-01 4.200742176921478332e+00 0.000000000000000000e+00
-3.674486818074067518e-01 4.199956921411703625e+00 0.000000000000000000e+00
-4.409011140420713848e-01 4.194893283572669773e+00 0.000000000000000000e+00
-5.152636661216520864e-01 4.196485284309876107e+00 0.000000000000000000e+00
-6.621871203367154513e-01 4.180884540179075515e+00 0.000000000000000000e+00
-7.364420121815061782e-01 4.176569842715688097e+00 0.000000000000000000e+00
-8.166626002593960765e-01 4.201364539443950719e+00 0.000000000000000000e+00
-8.857039094297828319e-01 4.166908990474126107e+00 0.000000000000000000e+00
-9.605410560642833051e-01 4.160560144587186038e+00 0.000000000000000000e+00
-1.157394855208432549e+00 3.361318584094754591e+00 0.000000000000000000e+00
-1.213145468447372144e+00 3.333089645550999514e+00 0.000000000000000000e+00
-1.245427650879344927e+00 2.797276208806812381e+00 0.000000000000000000e+00
-1.171801071306089792e+00 2.203837223200928896e+00 0.000000000000000000e+00
-1.214448180163588020e+00 2.190922452084135497e+00 0.000000000000000000e+00
-1.085999987705085656e+00 1.881007104831278864e+00 0.000000000000000000e+00
-1.193378254437808206e+00 1.909804378144314585e+00 0.000000000000000000e+00
-2.941299887264599899e+00 4.200611472528231083e+00 0.000000000000000000e+00
-3.061185747510598354e+00 4.213360621459380617e+00 0.000000000000000000e+00
-3.510978504786550047e+00 4.335697279142353366e+00 0.000000000000000000e+00
-1.947871934810909034e+00 1.467826759275548953e+00 0.000000000000000000e+00
-2.928637724985123647e+00 1.901879542748120988e+00 0.000000000000000000e+00
-7.091600846015406745e+00 1.250440529330657524e+00 0.000000000000000000e+00
-6.679736263848085720e+00 1.057966256657364212e+00 0.000000000000000000e+00
-6.701671475748348428e+00 8.228617585119786249e-01 0.000000000000000000e+00
-6.725951592878071317e+00 7.069259685806612570e-01 0.000000000000000000e+00
-6.748223054608188498e+00 5.903929871207558300e-01 0.000000000000000000e+00
-7.081707172014447771e+00 4.952011761624804387e-01 0.000000000000000000e+00
-7.402872140901129328e+00 1.292175861873359199e-01 0.000000000000000000e+00
