-4.231355316184989057e+00 -7.385880247017415079e-02 0.000000000000000000e+00
-4.276131720955857141e+00 -2.241027898292488052e-01 0.000000000000000000e+00
-4.310474344519432677e+00 -3.014179529685230285e-01 0.000000000000000000e+00
-4.391226201764378168e+00 -3.841827399522835806e-01 0.000000000000000000e+00
-4.430594944023999560e+00 -4.656745239004563830e-01 0.000000000000000000e+00
-4.518070099231607628e+00 -5.547494886679321668e-01 0.000000000000000000e+00
-4.562164835208416314e+00 -6.411706921587243535e-01 0.000000000000000000e+00
-4.711320169214868514e+00 -8.307331079653076378e-01 0.000000000000000000e+00
-1.052319699510272821e+00 -2.429472015063249557e-01 0.000000000000000000e+00
-1.044038164298925597e+00 -2.603080062682389118e-01 0.000000000000000000e+00
-1.037404324388224941e+00 -2.779717068140268310e-01 0.000000000000000000e+00
-1.033356354121403697e+00 -2.963102224306677912e-01 0.000000000000000000e+00
-1.028027642552608478e+00 -3.142996478962680751e-01 0.000000000000000000e+00
-1.023336771379048660e+00 -3.325023292903679928e-01 0.000000000000000000e+00
-1.015807676960779782e+00 -3.697238151788239113e-01 0.000000000000000000e+00
-1.009200394291735359e+00 -3.873957927549634972e-01 0.000000000000000000e+00
-1.006921614170342760e+00 -4.068227972310431428e-01 0.000000000000000000e+00
-1.003350300048667210e+00 -4.258969924261035711e-01 0.000000000000000000e+00
-9.994186922904959580e-01 -4.449699291572480897e-01 0.000000000000000000e+00
-9.987511568138153217e-01 -4.657253724667240746e-01 0.000000000000000000e+00
-4.499602054484401314e+00 -3.150655596307833317e+00 0.000000000000000000e+00
-2.802547275734501575e+00 -2.613417857678791201e+00 0.000000000000000000e+00
-2.993047638509481967e+00 -3.696106361125478301e+00 0.000000000000000000e+00
-2.924391838441678715e+00 -3.743051211946705426e+00 0.000000000000000000e+00
-2.718752002920294064e+00 -3.882780624348629583e+00 0.000000000000000000e+00
1.996102152120004636e+00 -3.073727528374071483e+00 0.000000000000000000e+00
1.651897677957812283e+00 -1.710590003870723352e+00 0.000000000000000000e+00
3.718986944338562584e+00 -3.591383702240506182e+00 0.000000000000000000e+00
1.559230026607562714e+00 -1.355417891676240050e+00 0.000000000000000000e+00
4.264977085961390024e+00 -3.453710111616451695e+00 0.000000000000000000e+00
4.383704094920522820e+00 -3.424924766709502411e+00 0.000000000000000000e+00
4.526666360016374568e+00 -3.411087535261127179e+00 0.000000000000000000e+00
3.686670185584128401e+00 -2.128499866783745809e+00 0.000000000000000000e+00
2.278443019467376818e+00 -1.111270823067887159e+00 0.000000000000000000e+00
6.405780914596967079e+00 -2.852037175621341625e+00 0.000000000000000000e+00
3.352823381844622475e+00 -1.220327795389593462e+00 0.000000000000000000e+00
3.163512162299249475e+00 -9.071224122702274961e-01 0.000000000000000000e+00
7.238067002216454604e+00 3.793312177289029918e-01 0.000000000000000000e+00
6.767474424083228968e+00 4.732280977132614641e-01 0.000000000000000000e+00
6.715348618626916455e+00 5.875170602408221754e-01 0.000000000000000000e+00
6.749820262927180181e+00 7.094348820509145392e-01 0.000000000000000000e+00
6.726891184669004708e+00 9.454030862854976291e-01 0.000000000000000000e+00
6.703440916330364097e+00 1.061720921410555851e+00 0.000000000000000000e+00
7.168440400635962106e+00 1.654965066174546973e+00 0.000000000000000000e+00
7.013297623136553582e+00 1.748611683751868151e+00 0.000000000000000000e+00
3.759233960748806336e+00 1.149313265983699761e+00 0.000000000000000000e+00
3.593429260781527468e+00 1.830943769267757926e+00 0.000000000000000000e+00
2.760299670566763286e+00 1.530059178787619212e+00 0.000000000000000000e+00
2.686410763843913418e+00 1.551000063207725432e+00 0.000000000000000000e+00
2.644361117630556368e+00 1.588892543544242919e+00 0.000000000000000000e+00
2.598419236084204886e+00 1.623672629355542130e+00 0.000000000000000000e+00
2.600717450732584535e+00 1.688925747077689499e+00 0.000000000000000000e+00
3.280563718320869793e+00 2.383469172836730987e+00 0.000000000000000000e+00
3.260828877395863579e+00 2.457210924520019102e+00 0.000000000000000000e+00
3.233996147333054960e+00 2.526674824843871736e+00 0.000000000000000000e+00
3.212721209322171756e+00 2.601610458991763686e+00 0.000000000000000000e+00
2.440617632917415403e+00 2.047921449335705635e+00 0.000000000000000000e+00
3.139043662887786468e+00 2.826407735823806888e+00 0.000000000000000000e+00
3.095820010003716316e+00 2.886898991358863409e+00 0.000000000000000000e+00
3.128408708772397073e+00 3.021069306023217660e+00 0.000000000000000000e+00
2.116446421927475008e+00 2.434693204171788583e+00 0.000000000000000000e+00
2.028299598851268648e+00 2.504741514999858865e+00 0.000000000000000000e+00
2.136960896656090902e+00 2.735185335882026170e+00 0.000000000000000000e+00
2.030523875756303109e+00 2.694596310966370645e+00 0.000000000000000000e+00
1.930286666608134416e+00 2.656811784557065792e+00 0.000000000000000000e+00
1.825693793769304296e+00 2.607361066276129957e+00 0.000000000000000000e+00
1.739649104294790360e+00 2.579135974253214947e+00 0.000000000000000000e+00
1.650256209096993221e+00 2.541171830270206655e+00 0.000000000000000000e+00
1.570680641593156679e+00 2.513614577252680338e+00 0.000000000000000000e+00
1.452999899555486030e+00 2.516669764661171094e+00 0.000000000000000000e+00
1.382676986896573368e+00 2.494415430321720528e+00 0.000000000000000000e+00
1.314989854513055167e+00 2.473136337729018752e+00 0.000000000000000000e+00
1.248473826694399325e+00 2.450267965765998035e+00 0.000000000000000000e+00
1.171327627800863302e+00 2.401577652587366440e+00 0.000000000000000000e+00
1.121628839133290034e+00 2.405340928035204495e+00 0.000000000000000000e+00
1.063209572947490411e+00 2.388007921421623436e+00 0.000000000000000000e+00
1.006523332528248771e+00 2.371220498673551003e+00 0.000000000000000000e+00
9.389239412748180413e-01 2.445980628057091710e+00 0.000000000000000000e+00
9.152458975259599727e-01 2.514617581256833212e+00 0.000000000000000000e+00
9.001959332788324053e-01 2.614358977231005632e+00 0.000000000000000000e+00
8.779172565843020859e-01 2.701951654965130345e+00 0.000000000000000000e+00
8.572337647167106445e-01 2.803885485189656634e+00 0.000000000000000000e+00
8.357324284400822201e-01 2.914545539411446562e+00 0.000000000000000000e+00
7.526189786544009719e-01 3.018590076961420454e+00 0.000000000000000000e+00
7.254670737228566813e-01 3.142343378726149439e+00 0.000000000000000000e+00
6.994148877279114940e-01 3.290488621257966262e+00 0.000000000000000000e+00
6.724108265382404692e-01 3.459254136799350565e+00 0.000000000000000000e+00
6.261752585831368290e-01 3.551216715490057574e+00 0.000000000000000000e+00
5.841262247337443148e-01 3.688028241679956576e+00 0.000000000000000000e+00
5.657385955242322240e-01 4.025439765632643940e+00 0.000000000000000000e+00
4.344202391541330255e-01 4.133233140931294791e+00 0.000000000000000000e+00
-2.500932027908833039e-02 1.432781715301591152e+00 0.000000000000000000e+00
-3.659854509120444299e-01 6.983416361390718308e+00 0.000000000000000000e+00
-4.823661183448417211e-01 6.898155362145760527e+00 0.000000000000000000e+00
-6.007646493900130613e-01 6.866770170283409414e+00 0.000000000000000000e+00
-7.226053805896188731e-01 6.875129958096723115e+00 0.000000000000000000e+00
-3.201508151710482641e-01 2.607418828378861964e+00 0.000000000000000000e+00
-1.779898626947028051e+00 6.642671742908343724e+00 0.000000000000000000e+00
-1.883981426934935310e+00 6.570223702769437679e+00 0.000000000000000000e+00
-2.098534460760796083e+00 6.458624668958097281e+00 0.000000000000000000e+00
-2.222979466226522316e+00 6.456000869765924577e+00 0.000000000000000000e+00
-1.801762222783980683e+00 4.950300821048455369e+00 0.000000000000000000e+00
-7.546050592293235271e-01 1.207620501317854256e+00 0.000000000000000000e+00
-8.639530261778972653e-01 1.280863004364495517e+00 0.000000000000000000e+00
-1.925791735508887381e+00 2.295069171076149050e+00 0.000000000000000000e+00
-3.317239952101781686e+00 3.557304257256528324e+00 0.000000000000000000e+00
-3.301016509302269863e+00 3.418302594509200265e+00 0.000000000000000000e+00
-3.250569990921950758e+00 3.250569927940658577e+00 0.000000000000000000e+00
-3.140637723477141208e+00 3.032878537318866918e+00 0.000000000000000000e+00
-3.096551750503096834e+00 2.887581167830698181e+00 0.000000000000000000e+00
-3.054325357459668933e+00 2.750126853122831339e+00 0.000000000000000000e+00
-3.057328623040852733e+00 2.657695176058031628e+00 0.000000000000000000e+00
-2.942376789636267365e+00 2.468947233782927686e+00 0.000000000000000000e+00
-2.935340002081317401e+00 2.293338911215237808e+00 0.000000000000000000e+00
-2.898248243628846144e+00 2.183986663083552493e+00 0.000000000000000000e+00
-2.869583241157982467e+00 2.084874225213341425e+00 0.000000000000000000e+00
-2.837542687042218237e+00 1.986868744208949433e+00 0.000000000000000000e+00
-2.771806297564788579e+00 1.800032024727695301e+00 0.000000000000000000e+00
-2.723930407771020246e+00 1.702100598514432628e+00 0.000000000000000000e+00
-2.674361892621406334e+00 1.606918713931459131e+00 0.000000000000000000e+00
-2.693828642496891579e+00 1.493213573100866443e+00 0.000000000000000000e+00
-2.655906278813855881e+00 1.412170392880491177e+00 0.000000000000000000e+00
-2.627578144176941244e+00 1.338817910984184012e+00 0.000000000000000000e+00
-2.603806428027692021e+00 1.269961226320558190e+00 0.000000000000000000e+00
-2.584789815317431128e+00 1.205307263626898440e+00 0.000000000000000000e+00
-2.677601739287565508e+00 1.192145080190145201e+00 0.000000000000000000e+00
-2.758753034345465149e+00 1.171021165364043215e+00 0.000000000000000000e+00
-2.846486750578559377e+00 1.092663868709801367e+00 0.000000000000000000e+00
-2.972247866739603950e+00 1.081809731122614915e+00 0.000000000000000000e+00
-3.089954605223303563e+00 1.063956673055770796e+00 0.000000000000000000e+00
-3.204109369775797411e+00 1.041078221738027443e+00 0.000000000000000000e+00
-3.324115405214007168e+00 1.016284046630059779e+00 0.000000000000000000e+00
-3.436510614498785365e+00 9.854035403710282859e-01 0.000000000000000000e+00
-3.544947861524573529e+00 9.498658953083443102e-01 0.000000000000000000e+00
-3.658759709305043017e+00 8.446912151889519604e-01 0.000000000000000000e+00
-3.721851690224950993e+00 7.911039779902458990e-01 0.000000000000000000e+00
-3.750797569025109635e+00 7.290811711635198922e-01 0.000000000000000000e+00
-3.764919997974655264e+00 6.638569566137110245e-01 0.000000000000000000e+00
-3.789760060260526142e+00 6.002390073816544769e-01 0.000000000000000000e+00
-3.848181636445884291e+00 5.408266408863353636e-01 0.000000000000000000e+00
-3.867695592181140007e+00 4.065111701923264098e-01 0.000000000000000000e+00
-3.907075538975487650e+00 3.418248003505133248e-01 0.000000000000000000e+00
-4.002227054521227068e+00 2.798629619282100300e-01 0.000000000000000000e+00
-4.074408426465392807e+00 2.135306811425766449e-01 0.000000000000000000e+00
-4.106497114645192070e+00 1.434020232304757669e-01 0.000000000000000000e+00
-4.169364965356584740e+00 7.277652058594683004e-02 0.000000000000000000e+00
-4.206999778747557706e+00 -1.516096928209149776e-08 0.000000000000000000e+00
