-6.923060142095879499e+00 -1.726113129278394887e+00 0.000000000000000000e+00
-6.539320934017470499e+00 -2.380118539404421529e+00 0.000000000000000000e+00
-6.435169875249654226e+00 -2.470230639460635924e+00 0.000000000000000000e+00
-6.380879131732586806e+00 -2.578042879041317015e+00 0.000000000000000000e+00
-6.110001654574190866e+00 -2.980047291925008057e+00 0.000000000000000000e+00
-6.037460078711074374e+00 -3.076239930198996220e+00 0.000000000000000000e+00
-5.965193820606651265e+00 -3.171750187133643539e+00 0.000000000000000000e+00
-5.918551573067594163e+00 -3.280707082566348465e+00 0.000000000000000000e+00
-5.800637953417166592e+00 -3.349000256816366150e+00 0.000000000000000000e+00
-5.643589439593100110e+00 -3.391011013553232090e+00 0.000000000000000000e+00
-5.567435632981134752e+00 -3.478920266967406860e+00 0.000000000000000000e+00
-5.549577139296144601e+00 -3.743237430308219871e+00 0.000000000000000000e+00
-1.334398593539069866e+00 -9.343560487197184461e-01 0.000000000000000000e+00
-1.313034557475613484e+00 -9.539755418545829979e-01 0.000000000000000000e+00
-1.296983984794164435e+00 -9.773476307886966863e-01 0.000000000000000000e+00
-1.262862139300346076e+00 -1.022645694814070749e+00 0.000000000000000000e+00
-1.248652389525888085e+00 -1.047743859245378273e+00 0.000000000000000000e+00
-1.230176562189840617e+00 -1.069376271615325447e+00 0.000000000000000000e+00
-1.212812281614974230e+00 -1.092021185671096184e+00 0.000000000000000000e+00
-1.194300554856239316e+00 -1.113703388528554772e+00 0.000000000000000000e+00
-1.157417663640612160e+00 -1.117705349163764961e+00 0.000000000000000000e+00
-1.162483532337254433e+00 -1.162483639731263896e+00 0.000000000000000000e+00
-1.123251213140001203e+00 -1.204539565366604226e+00 0.000000000000000000e+00
-1.106072834152397988e+00 -1.228418445030658335e+00 0.000000000000000000e+00
-1.089057909033737781e+00 -1.252817927695045519e+00 0.000000000000000000e+00
-1.071526922778763824e+00 -1.276996177822857348e+00 0.000000000000000000e+00
-1.051594316913427418e+00 -1.298610952280975006e+00 0.000000000000000000e+00
-1.033695569539125003e+00 -1.323070117857096051e+00 0.000000000000000000e+00
-1.017067362678356623e+00 -1.349694103558153113e+00 0.000000000000000000e+00
-9.716384242392802628e-01 -1.387643611280684475e+00 0.000000000000000000e+00
-9.567789752275986936e-01 -1.418483300951188797e+00 0.000000000000000000e+00
-9.454932682124133070e-01 -1.455932099304229732e+00 0.000000000000000000e+00
1.214974874637885005e+00 -2.022057590925107728e+00 0.000000000000000000e+00
1.253259136729324430e+00 -2.005633710654381563e+00 0.000000000000000000e+00
1.308767736347318911e+00 -2.015325425698315964e+00 0.000000000000000000e+00
1.364989940702117766e+00 -2.023680653484788650e+00 0.000000000000000000e+00
1.430081639763853607e+00 -1.968338367899082675e+00 0.000000000000000000e+00
1.790806363224840991e+00 -2.134199766616903471e+00 0.000000000000000000e+00
1.814659367614637642e+00 -2.087526660644874354e+00 0.000000000000000000e+00
1.874234979205791518e+00 -2.081548679514710898e+00 0.000000000000000000e+00
1.985333720822165082e+00 -2.055873110363799050e+00 0.000000000000000000e+00
2.076772712629578077e+00 -2.076772571310767646e+00 0.000000000000000000e+00
2.161616253079966743e+00 -2.087448409472784316e+00 0.000000000000000000e+00
2.202106004904841541e+00 -2.053496931885155696e+00 0.000000000000000000e+00
2.349080874362390770e+00 -2.115121776662665987e+00 0.000000000000000000e+00
2.277814869845165902e+00 -1.844537986914234873e+00 0.000000000000000000e+00
2.348787081168284274e+00 -1.769937896533315014e+00 0.000000000000000000e+00
2.380127983201263842e+00 -1.729264082588799489e+00 0.000000000000000000e+00
2.421413571746003690e+00 -1.695491918160564548e+00 0.000000000000000000e+00
2.476335274080281312e+00 -1.670309115696473556e+00 0.000000000000000000e+00
2.511818307871056977e+00 -1.631193766154926950e+00 0.000000000000000000e+00
2.556016961589322900e+00 -1.597176547582566775e+00 0.000000000000000000e+00
2.633583205752766165e+00 -1.520499860423643046e+00 0.000000000000000000e+00
5.962282572128996705e+00 -3.304946948721936728e+00 0.000000000000000000e+00
6.163983430687617115e+00 -3.140706182924045908e+00 0.000000000000000000e+00
6.227743953205946426e+00 -3.037473436730077747e+00 0.000000000000000000e+00
6.386596543357696554e+00 -2.843495743952856092e+00 0.000000000000000000e+00
6.491400354238242798e+00 -2.755435734439381168e+00 0.000000000000000000e+00
6.643272365576868843e+00 -2.684056022164326816e+00 0.000000000000000000e+00
6.711509886469310793e+00 -2.576307029188699804e+00 0.000000000000000000e+00
3.287515101824864505e+00 -9.426796789599563020e-01 0.000000000000000000e+00
6.857520022174852237e+00 -1.086124265769716102e+00 0.000000000000000000e+00
6.758246785640715792e+00 -8.298081658860082532e-01 0.000000000000000000e+00
6.402366308031656850e+00 -4.476968815811486757e-01 0.000000000000000000e+00
3.263165304939629419e+00 7.533611612853460260e-01 0.000000000000000000e+00
3.318411436341111465e+00 8.273729878423135009e-01 0.000000000000000000e+00
3.217507527318197891e+00 1.171077060423668659e+00 0.000000000000000000e+00
4.490351302246698317e+00 1.814219819722984184e+00 0.000000000000000000e+00
4.275940066321368249e+00 2.178700415126791246e+00 0.000000000000000000e+00
4.181639799966101023e+00 2.223417451011946433e+00 0.000000000000000000e+00
4.150944911334295995e+00 2.300906466769505165e+00 0.000000000000000000e+00
4.075515365169882998e+00 2.353000022951745596e+00 0.000000000000000000e+00
4.036400856233871792e+00 2.425314447586584432e+00 0.000000000000000000e+00
3.973105223343106118e+00 2.482671816428427380e+00 0.000000000000000000e+00
3.587386126513083084e+00 3.010174513388870210e+00 0.000000000000000000e+00
3.526757693196078236e+00 3.065763828860983420e+00 0.000000000000000000e+00
3.421272526054395691e+00 3.190388385860445819e+00 0.000000000000000000e+00
3.367229701265399555e+00 3.251696067811555402e+00 0.000000000000000000e+00
2.266984354326411655e+00 2.266984453419450762e+00 0.000000000000000000e+00
2.801920940809348171e+00 4.001557981290493338e+00 0.000000000000000000e+00
2.741163502306225741e+00 4.063942195385346956e+00 0.000000000000000000e+00
2.507720281809080909e+00 4.173547601211784475e+00 0.000000000000000000e+00
2.516499909762186071e+00 4.358705900536238076e+00 0.000000000000000000e+00
2.451682240161618953e+00 4.422952047412875842e+00 0.000000000000000000e+00
2.382098566439763143e+00 4.480076028340105765e+00 0.000000000000000000e+00
8.064834707229326938e-01 2.215795252352273259e+00 0.000000000000000000e+00
7.191665026876689071e-01 3.383412671656266912e+00 0.000000000000000000e+00
6.483689090851556536e-01 3.335569182417607692e+00 0.000000000000000000e+00
2.341002904852436395e-01 2.675779071230006689e+00 0.000000000000000000e+00
1.858312050985758135e-01 2.657510667172189311e+00 0.000000000000000000e+00
1.389519194357728971e-01 2.651361388450242274e+00 0.000000000000000000e+00
9.265812018079640222e-02 2.653382618629331002e+00 0.000000000000000000e+00
-2.453088298668487655e-01 9.838799194853524721e-01 0.000000000000000000e+00
-2.603719835886811329e-01 9.717214182001844280e-01 0.000000000000000000e+00
-2.739835495480203997e-01 9.554941389936947305e-01 0.000000000000000000e+00
-3.059268399366665281e-01 9.415459561216951156e-01 0.000000000000000000e+00
-3.190568098116677853e-01 9.266082179091846838e-01 0.000000000000000000e+00
-3.327856079791197685e-01 9.143209062662520648e-01 0.000000000000000000e+00
-3.469001849673308824e-01 9.037058434661733308e-01 0.000000000000000000e+00
-3.599969571426044346e-01 8.910237030638188394e-01 0.000000000000000000e+00
-3.739297078259357088e-01 8.809231558207549773e-01 0.000000000000000000e+00
-3.872133040243357915e-01 8.696952908633364121e-01 0.000000000000000000e+00
-4.019099671167698506e-01 8.618986780191133512e-01 0.000000000000000000e+00
-4.312909796007501351e-01 8.464561821295065736e-01 0.000000000000000000e+00
-4.469369481449260162e-01 8.405661224116790509e-01 0.000000000000000000e+00
-4.513577633250999699e-01 8.142709369931567798e-01 0.000000000000000000e+00
-3.809489105080478222e+00 5.055362676642674913e+00 0.000000000000000000e+00
-4.097505217677378297e+00 5.059997433574564774e+00 0.000000000000000000e+00
-3.869995485991625461e+00 3.869995411008679387e+00 0.000000000000000000e+00
-4.600809641643101244e+00 4.142587531052247307e+00 0.000000000000000000e+00
-4.821483875416539888e+00 4.045705267546720663e+00 0.000000000000000000e+00
-4.924773910144322642e+00 3.988003207149231955e+00 0.000000000000000000e+00
-4.999928100450314439e+00 3.906371888064345654e+00 0.000000000000000000e+00
-3.817071892354181983e+00 1.944895236826090779e+00 0.000000000000000000e+00
-3.864814583936947212e+00 1.884995987292318098e+00 0.000000000000000000e+00
-3.927938062069853853e+00 1.831627565705160388e+00 0.000000000000000000e+00
-4.047459701171960411e+00 1.718044680702965232e+00 0.000000000000000000e+00
-4.116696378271534229e+00 1.663253269121607314e+00 0.000000000000000000e+00
-4.169370269836104370e+00 1.600471264514678582e+00 0.000000000000000000e+00
-2.038537957742808437e+00 7.019248955151565772e-01 0.000000000000000000e+00
-4.457601708336031088e+00 1.448362563246583523e+00 0.000000000000000000e+00
-4.652864627507276474e+00 1.246731291346832915e+00 0.000000000000000000e+00
-4.736983712560101090e+00 1.181062660897673977e+00 0.000000000000000000e+00
-4.872824629400757779e+00 1.124980180344500758e+00 0.000000000000000000e+00
-5.069122814041530312e+00 9.853376328687643015e-01 0.000000000000000000e+00
-5.410556895923597232e+00 8.569479990688085858e-01 0.000000000000000000e+00
-5.523519393763824503e+00 6.782028778902484678e-01 0.000000000000000000e+00
-5.607114460069590578e+00 5.893314523441565145e-01 0.000000000000000000e+00
-5.811799981048605623e+00 5.084665879585187342e-01 0.000000000000000000e+00
-5.905579255357781499e+00 4.129583054112693774e-01 0.000000000000000000e+00
-1.582000017166137473e+00 -5.701130241481582606e-09 0.000000000000000000e+00
