-4.238354219531784040e+00 -7.398096914755562803e-02 0.000000000000000000e+00
-4.284120654356503799e+00 -2.245214725031410008e-01 0.000000000000000000e+00
-4.309476852775473432e+00 -3.013482014990706004e-01 0.000000000000000000e+00
-4.378275659347106163e+00 -3.830497136309027884e-01 0.000000000000000000e+00
-4.416671698264956092e+00 -4.642111310780687172e-01 0.000000000000000000e+00
-4.525017891959204341e+00 -5.556025707092356880e-01 0.000000000000000000e+00
-4.543349689151678028e+00 -6.385263948446149307e-01 0.000000000000000000e+00
-4.634233569937862285e+00 -7.339907328619613702e-01 0.000000000000000000e+00
-4.641398721703511754e+00 -8.184040665675070825e-01 0.000000000000000000e+00
-4.692178096510971841e+00 -9.120672762414733237e-01 0.000000000000000000e+00
-1.060311979383904202e+00 -2.253763247701374151e-01 0.000000000000000000e+00
-1.050370868338724506e+00 -2.424972782752419231e-01 0.000000000000000000e+00
-1.037404324388224941e+00 -2.779717068140268310e-01 0.000000000000000000e+00
-1.032395047519479858e+00 -2.960345721461323243e-01 0.000000000000000000e+00
-1.028027642552608478e+00 -3.142996478962680751e-01 0.000000000000000000e+00
-1.022385783810015436e+00 -3.321933346459132741e-01 0.000000000000000000e+00
-1.021160084746923324e+00 -3.516136715442131355e-01 0.000000000000000000e+00
-1.015807676960779782e+00 -3.697238151788239113e-01 0.000000000000000000e+00
-1.012001155105374250e+00 -3.884709042609177931e-01 0.000000000000000000e+00
-1.008776068497217349e+00 -4.075720455200650960e-01 0.000000000000000000e+00
-1.003986415122871678e+00 -4.470036106571148582e-01 0.000000000000000000e+00
-9.969385646177763016e-01 -4.648801467366998064e-01 0.000000000000000000e+00
-9.958638156163834854e-01 -4.857152967596914950e-01 0.000000000000000000e+00
-2.992418363766365275e+00 -3.695329271462419296e+00 0.000000000000000000e+00
-2.950865416564168342e+00 -3.776935849898900521e+00 0.000000000000000000e+00
-2.855612045038608215e+00 -3.789525532594564705e+00 0.000000000000000000e+00
-2.783750818411458550e+00 -3.831504659936946666e+00 0.000000000000000000e+00
1.973949321763881937e+00 -3.158979006676136958e+00 0.000000000000000000e+00
1.995557552530124346e+00 -3.072888918611750952e+00 0.000000000000000000e+00
2.342486347856584938e+00 -3.345416956628949556e+00 0.000000000000000000e+00
1.795633626236748270e+00 -2.065640050367659963e+00 0.000000000000000000e+00
4.272230086942545135e+00 -3.584826447478434375e+00 0.000000000000000000e+00
4.398675965957471234e+00 -3.436622073555063217e+00 0.000000000000000000e+00
4.580973448092476197e+00 -3.452010858625309986e+00 0.000000000000000000e+00
4.692298833526105994e+00 -3.409154421467880169e+00 0.000000000000000000e+00
1.848826181257211099e+00 -1.294561938935921086e+00 0.000000000000000000e+00
3.690134449140872519e+00 -2.130499960132987702e+00 0.000000000000000000e+00
6.298839039032248621e+00 -2.937196641212282522e+00 0.000000000000000000e+00
3.306778419612377284e+00 -1.203568801297050905e+00 0.000000000000000000e+00
4.795670291065879276e+00 -1.651281541791745244e+00 0.000000000000000000e+00
1.917329986610853965e+00 -6.229782124441661795e-01 0.000000000000000000e+00
6.083754230494966997e+00 -1.516850099302197608e+00 0.000000000000000000e+00
4.619309613022893224e+00 -5.671797670642079181e-01 0.000000000000000000e+00
6.748223035985168039e+00 5.903931999828269106e-01 0.000000000000000000e+00
6.720978847302539805e+00 7.064035263266400522e-01 0.000000000000000000e+00
6.679835597338042774e+00 8.201808637517887801e-01 0.000000000000000000e+00
6.677377592540177709e+00 9.384444033624919079e-01 0.000000000000000000e+00
7.091891432100510428e+00 1.768207323351072002e+00 0.000000000000000000e+00
7.003928047784080846e+00 1.876697058762933690e+00 0.000000000000000000e+00
3.780642306520806351e+00 1.084081842063802981e+00 0.000000000000000000e+00
3.798442349643542659e+00 1.161300474538708771e+00 0.000000000000000000e+00
2.693338877780787399e+00 1.555000011874781096e+00 0.000000000000000000e+00
2.644361117630556368e+00 1.588892543544242919e+00 0.000000000000000000e+00
2.598419236084204886e+00 1.623672629355542130e+00 0.000000000000000000e+00
2.568847880056888133e+00 1.668229404825156914e+00 0.000000000000000000e+00
3.212714209247468311e+00 2.249566818544113556e+00 0.000000000000000000e+00
3.291889906673777677e+00 2.391698130754584373e+00 0.000000000000000000e+00
3.222176091450314139e+00 2.517439984644139983e+00 0.000000000000000000e+00
3.202618303114943110e+00 2.593429286477114015e+00 0.000000000000000000e+00
3.180346279001004195e+00 2.764632967051931622e+00 0.000000000000000000e+00
3.084794125733793191e+00 2.777561230982313667e+00 0.000000000000000000e+00
2.299486915308342372e+00 2.645257214063799989e+00 0.000000000000000000e+00
2.068490434075874074e+00 2.465131012089003093e+00 0.000000000000000000e+00
2.203250586195196981e+00 2.720788001100202358e+00 0.000000000000000000e+00
2.108640467200479485e+00 2.698936837617934348e+00 0.000000000000000000e+00
2.008858527485005929e+00 2.665845421491655376e+00 0.000000000000000000e+00
1.895019586105760379e+00 2.608270810459019096e+00 0.000000000000000000e+00
1.763694388818741521e+00 2.614784576131474747e+00 0.000000000000000000e+00
1.679666791905078060e+00 2.586460158307845258e+00 0.000000000000000000e+00
1.593467160125619175e+00 2.550080631287662047e+00 0.000000000000000000e+00
1.514726920126556520e+00 2.520929048523920635e+00 0.000000000000000000e+00
1.442499945692448771e+00 2.498483310260501522e+00 0.000000000000000000e+00
1.373950468599516528e+00 2.478672373845442145e+00 0.000000000000000000e+00
1.299027747643438646e+00 2.443115979480261934e+00 0.000000000000000000e+00
1.230314224715388649e+00 2.414627738434967252e+00 0.000000000000000000e+00
1.125009741560019094e+00 2.412591297049422323e+00 0.000000000000000000e+00
1.077038585638285584e+00 2.419068394061564931e+00 0.000000000000000000e+00
1.010821342704247838e+00 2.381345976646562335e+00 0.000000000000000000e+00
9.679834339153026157e-01 2.395843200917342930e+00 0.000000000000000000e+00
9.500333963864503461e-01 2.474921749693022921e+00 0.000000000000000000e+00
9.292686848540976374e-01 2.553144875013493298e+00 0.000000000000000000e+00
9.112652238599504573e-01 2.646506533260189364e+00 0.000000000000000000e+00
8.429075447825308265e-01 2.757026528176506286e+00 0.000000000000000000e+00
8.150596149034051718e-01 2.842450866008778387e+00 0.000000000000000000e+00
7.909509478099203683e-01 2.951869333691016450e+00 0.000000000000000000e+00
7.647150610416604266e-01 3.067104817221586011e+00 0.000000000000000000e+00
7.391891114523735373e-01 3.201780058851001254e+00 0.000000000000000000e+00
7.093946187250482760e-01 3.337439568207309470e+00 0.000000000000000000e+00
6.766086382574351132e-01 3.480850007927553946e+00 0.000000000000000000e+00
5.730194006885992453e-01 3.617902506831231602e+00 0.000000000000000000e+00
5.451409787867064205e-01 3.878880089222967342e+00 0.000000000000000000e+00
4.994205073177783727e-01 4.067454186996925181e+00 0.000000000000000000e+00
-2.279012577036947195e-08 1.445000052452087180e+00 0.000000000000000000e+00
-3.641013427582479034e-01 6.947465446743526840e+00 0.000000000000000000e+00
-4.848075848136740307e-01 6.933069951651473772e+00 0.000000000000000000e+00
-7.264729031789577407e-01 6.911926972251093204e+00 0.000000000000000000e+00
-1.882051973764431674e+00 6.563494900259505549e+00 0.000000000000000000e+00
-1.996314107898464751e+00 6.529648912482866940e+00 0.000000000000000000e+00
-2.588157005879840433e+00 6.405913143805017640e+00 0.000000000000000000e+00
-7.550458122319886334e-01 1.256607220569673666e+00 0.000000000000000000e+00
-7.646734905636142221e-01 1.223733359225033235e+00 0.000000000000000000e+00
-8.605979118978076547e-01 1.275888843007837448e+00 0.000000000000000000e+00
-3.292006215436151351e+00 3.530244388159551328e+00 0.000000000000000000e+00
-3.255863675014472047e+00 3.371545466769767518e+00 0.000000000000000000e+00
-3.169252534966826129e+00 3.169252473561097627e+00 0.000000000000000000e+00
-3.124092735040723934e+00 3.016901228011939384e+00 0.000000000000000000e+00
-3.082655990991801431e+00 2.874623162697729661e+00 0.000000000000000000e+00
-3.047636830019541776e+00 2.744104476077760868e+00 0.000000000000000000e+00
-3.087925278762888137e+00 2.591076915092328292e+00 0.000000000000000000e+00
-2.968697542224758124e+00 2.404003825446968889e+00 0.000000000000000000e+00
-2.905395696947533413e+00 2.269943856440010066e+00 0.000000000000000000e+00
-2.871893277719474113e+00 2.164126772137833665e+00 0.000000000000000000e+00
-2.839649660017284472e+00 2.063126205886538500e+00 0.000000000000000000e+00
-2.813787241683786799e+00 1.970235002590552842e+00 0.000000000000000000e+00
-2.750000843488351610e+00 1.785871397527374560e+00 0.000000000000000000e+00
-2.718842285773776180e+00 1.698921187075683736e+00 0.000000000000000000e+00
-2.701133210009150520e+00 1.559499958329196412e+00 0.000000000000000000e+00
-2.670213953678954866e+00 1.480123737574130072e+00 0.000000000000000000e+00
-2.652374533898943731e+00 1.410292530832485403e+00 0.000000000000000000e+00
-2.626687202228942919e+00 1.338363953395797612e+00 0.000000000000000000e+00
-2.599312354921776702e+00 1.267769320451009429e+00 0.000000000000000000e+00
-2.582977115033853632e+00 1.204461987618138608e+00 0.000000000000000000e+00
-2.675774562986674709e+00 1.191331568902866733e+00 0.000000000000000000e+00
-2.781551571093005215e+00 1.123819761950301643e+00 0.000000000000000000e+00
-2.838084467957413537e+00 1.089438534661452573e+00 0.000000000000000000e+00
-2.976946213353426796e+00 1.083519789406749867e+00 0.000000000000000000e+00
-3.091845730746765941e+00 1.064607839780638887e+00 0.000000000000000000e+00
-3.203158382189497999e+00 1.040769227146713272e+00 0.000000000000000000e+00
-3.334634679116299516e+00 1.019500111340768456e+00 0.000000000000000000e+00
-3.443239417046101813e+00 9.873329934111582107e-01 0.000000000000000000e+00
-3.550743457022914384e+00 9.514188204067994814e-01 0.000000000000000000e+00
-3.671426299005783545e+00 8.476155277693621093e-01 0.000000000000000000e+00
-3.734567620242626784e+00 7.938068322837820157e-01 0.000000000000000000e+00
-3.751779125061928344e+00 7.292719663242069883e-01 0.000000000000000000e+00
-3.773783329745777237e+00 6.654198010986402956e-01 0.000000000000000000e+00
-3.841119899223470302e+00 6.083736064771655405e-01 0.000000000000000000e+00
-3.852142893824530567e+00 5.413833592858749988e-01 0.000000000000000000e+00
-3.866959718084698405e+00 4.748029331537535480e-01 0.000000000000000000e+00
-3.920026081456073008e+00 3.429578259482261582e-01 0.000000000000000000e+00
-4.007214988936117273e+00 2.802117522592528220e-01 0.000000000000000000e+00
-4.073409869310346210e+00 2.134783489836080128e-01 0.000000000000000000e+00
-4.096502977631241826e+00 1.430530203143086376e-01 0.000000000000000000e+00
-4.136369999042503132e+00 7.220059143003423885e-02 0.000000000000000000e+00
-4.210000038146971768e+00 -1.517178146250153706e-08 0.000000000000000000e+00
