-7.342881329237482824e+00 -1.281708533395049809e-01 0.000000000000000000e+00
-3.976542908962251932e+00 -2.084019899122646069e-01 0.000000000000000000e+00
-3.969307432953985693e+00 -2.775612207656278918e-01 0.000000000000000000e+00
-4.091737033708871429e+00 -1.020184841742734383e+00 0.000000000000000000e+00
-3.076432360222551843e+00 -9.405599300751795733e-01 0.000000000000000000e+00
-3.016751155529119988e+00 -9.802020352997726782e-01 0.000000000000000000e+00
-2.984056477936055440e+00 -1.027493210883212438e+00 0.000000000000000000e+00
-2.965669762698917022e+00 -1.079415684774211348e+00 0.000000000000000000e+00
-3.780513238353092831e+00 -1.604732881391028876e+00 0.000000000000000000e+00
-3.793040612026586267e+00 -1.688770707856096287e+00 0.000000000000000000e+00
-3.814649488923122611e+00 -1.778800496938903963e+00 0.000000000000000000e+00
-3.816279261824601754e+00 -1.861323993409383482e+00 0.000000000000000000e+00
-2.999127830030110076e+00 -1.528132139381258137e+00 0.000000000000000000e+00
-3.803738209434079476e+00 -2.022483718115464679e+00 0.000000000000000000e+00
-3.710052657149990996e+00 -2.142000138843002777e+00 0.000000000000000000e+00
-3.786107700860851910e+00 -2.274923264624210351e+00 0.000000000000000000e+00
-3.615228935300497159e+00 -2.259046002838002831e+00 0.000000000000000000e+00
-3.470418711996747341e+00 -2.253716499059750245e+00 0.000000000000000000e+00
-3.360918128826066553e+00 -2.266968135453076183e+00 0.000000000000000000e+00
-2.723960209561902879e+00 -1.979073134147425250e+00 0.000000000000000000e+00
-2.774410924921287602e+00 -2.246673884441395153e+00 0.000000000000000000e+00
-2.675793157962545799e+00 -2.245257265659467372e+00 0.000000000000000000e+00
-2.567521850188325683e+00 -2.231912904077558046e+00 0.000000000000000000e+00
-2.458323044739074259e+00 -2.213484219094337568e+00 0.000000000000000000e+00
-2.364466444184503136e+00 -2.204900835256935920e+00 0.000000000000000000e+00
-2.278149085543198726e+00 -2.199983203206772764e+00 0.000000000000000000e+00
-2.193445132573171641e+00 -2.193445335210766345e+00 0.000000000000000000e+00
-2.117318679750850752e+00 -2.192547878921959903e+00 0.000000000000000000e+00
-1.996685606145788272e+00 -2.217544226548427755e+00 0.000000000000000000e+00
-1.922252897791218995e+00 -2.211299208187456067e+00 0.000000000000000000e+00
-1.851228289041493502e+00 -2.206208168109302648e+00 0.000000000000000000e+00
-1.783493957907282379e+00 -2.202431821677495183e+00 0.000000000000000000e+00
-1.726314615777486017e+00 -2.209582153064162835e+00 0.000000000000000000e+00
-1.661009358727240315e+00 -2.204234075042326158e+00 0.000000000000000000e+00
-1.619936079704341392e+00 -2.229650943301407118e+00 0.000000000000000000e+00
-1.627236184458995094e+00 -2.323934335117659344e+00 0.000000000000000000e+00
2.230430369499368570e+00 -3.569434450731158837e+00 0.000000000000000000e+00
2.217770286858269824e+00 -3.415066496013928532e+00 0.000000000000000000e+00
2.208812111661186073e+00 -3.274698372687201875e+00 0.000000000000000000e+00
2.130262984574154306e+00 -3.042330606193008435e+00 0.000000000000000000e+00
2.216167501813537832e+00 -2.549408901226334567e+00 0.000000000000000000e+00
2.126497130452804640e+00 -2.361714162309333620e+00 0.000000000000000000e+00
2.116240938369005065e+00 -2.269390409146883947e+00 0.000000000000000000e+00
2.121486669526437385e+00 -2.196863606421025406e+00 0.000000000000000000e+00
2.113542298871094349e+00 -2.113542155050212035e+00 0.000000000000000000e+00
2.112701088802852123e+00 -2.040211587616048483e+00 0.000000000000000000e+00
2.178157545154406183e+00 -1.961221730183585921e+00 0.000000000000000000e+00
2.258091207483692742e+00 -1.962928606704242185e+00 0.000000000000000000e+00
2.364013191314956241e+00 -1.983642462589988664e+00 0.000000000000000000e+00
2.444901189349215187e+00 -1.979841811425599341e+00 0.000000000000000000e+00
2.542122812442242807e+00 -1.986123878762511286e+00 0.000000000000000000e+00
2.649872750570692048e+00 -1.996822206588936277e+00 0.000000000000000000e+00
2.770074274826154426e+00 -2.012576627546429631e+00 0.000000000000000000e+00
2.892512222118301946e+00 -1.951023991960077586e+00 0.000000000000000000e+00
3.012504749846510510e+00 -1.956343320320281576e+00 0.000000000000000000e+00
3.136929870643182294e+00 -1.960171194516315385e+00 0.000000000000000000e+00
3.283808069228643767e+00 -1.973110805639611831e+00 0.000000000000000000e+00
3.326403706759822665e+00 -1.920499933623821986e+00 0.000000000000000000e+00
3.362912858364916602e+00 -1.864092896573711133e+00 0.000000000000000000e+00
3.425836819127117128e+00 -1.821549608650428587e+00 0.000000000000000000e+00
3.494511315908307658e+00 -1.704386913813304982e+00 0.000000000000000000e+00
3.540038176247815027e+00 -1.650746776764095314e+00 0.000000000000000000e+00
3.641392300479683986e+00 -1.621252170570494311e+00 0.000000000000000000e+00
3.757500657651390075e+00 -1.594964263375354685e+00 0.000000000000000000e+00
3.785691895252274008e+00 -1.529518672478547003e+00 0.000000000000000000e+00
3.838882748428529723e+00 -1.473608886272610885e+00 0.000000000000000000e+00
3.919457968597881869e+00 -1.426565899009494487e+00 0.000000000000000000e+00
3.991584263679147426e+00 -1.296944212405832131e+00 0.000000000000000000e+00
4.034649671378721436e+00 -1.233516060074062226e+00 0.000000000000000000e+00
4.095936272092537855e+00 -1.174490692947188997e+00 0.000000000000000000e+00
4.156378838103802487e+00 -1.113698219607938578e+00 0.000000000000000000e+00
4.205261816299350919e+00 -1.048489396838511389e+00 0.000000000000000000e+00
1.057191564709517806e+00 -2.440718711485898307e-01 0.000000000000000000e+00
1.041506437297713639e+00 -2.024483114445705667e-01 0.000000000000000000e+00
1.038972133138856613e+00 -1.831987878971699235e-01 0.000000000000000000e+00
1.036085098559127227e+00 -1.640997274974901887e-01 0.000000000000000000e+00
1.035820407906028695e+00 -1.455750340743038052e-01 0.000000000000000000e+00
1.038203282085347290e+00 -1.274753036770616410e-01 0.000000000000000000e+00
1.040269909492541167e+00 -1.093367430680400182e-01 0.000000000000000000e+00
1.037038691860189488e+00 -9.072909927281350151e-02 0.000000000000000000e+00
1.039461797619245953e+00 -7.268621989545970274e-02 0.000000000000000000e+00
1.041365298059179878e+00 -3.636524811741106977e-02 0.000000000000000000e+00
1.040841459749627829e+00 -1.816792602951155383e-02 0.000000000000000000e+00
1.046000003814696822e+00 2.922490249801512288e-08 0.000000000000000000e+00
1.046840586857719968e+00 1.827269952881885318e-02 0.000000000000000000e+00
1.050359757229084368e+00 3.667940006374193623e-02 0.000000000000000000e+00
5.151420779920683479e+00 3.602225739527153414e-01 0.000000000000000000e+00
5.134716637372080505e+00 5.396806063127951303e-01 0.000000000000000000e+00
5.100694595799013520e+00 6.262866860052161977e-01 0.000000000000000000e+00
5.151374613919171175e+00 7.239786291937144735e-01 0.000000000000000000e+00
8.521541326648787162e+00 1.502577886722685774e+00 0.000000000000000000e+00
3.207795918171416627e+00 1.564546703747368817e+00 0.000000000000000000e+00
3.779567342813180630e+00 2.646481675329919181e+00 0.000000000000000000e+00
3.667334204842274570e+00 2.763534675024405196e+00 0.000000000000000000e+00
1.821447912309029471e+00 1.640039140141899443e+00 0.000000000000000000e+00
4.535437221336154678e+00 4.379821006236288561e+00 0.000000000000000000e+00
4.327026955862472768e+00 4.480767776152154269e+00 0.000000000000000000e+00
3.982665368613534262e+00 4.423198191560290482e+00 0.000000000000000000e+00
3.848442284817233716e+00 4.427126612049406162e+00 0.000000000000000000e+00
3.712098413543763353e+00 4.423906810688910340e+00 0.000000000000000000e+00
3.546220455447405051e+00 4.379217745313053634e+00 0.000000000000000000e+00
3.409533224864983225e+00 4.364003708933601899e+00 0.000000000000000000e+00
3.299149790208547817e+00 4.378119834079883255e+00 0.000000000000000000e+00
3.052000185342808702e+00 4.358708171484263261e+00 0.000000000000000000e+00
9.755813133548543181e-01 1.561256531472082099e+00 0.000000000000000000e+00
2.579310540407645291e+00 4.292693805121187367e+00 0.000000000000000000e+00
2.475999985539655057e+00 4.288557970868043689e+00 0.000000000000000000e+00
2.368295021730915995e+00 4.272517516198165666e+00 0.000000000000000000e+00
2.195043999888333541e+00 4.308016621072328967e+00 0.000000000000000000e+00
2.020115296821306305e+00 4.332151450874776266e+00 0.000000000000000000e+00
1.818853404190774681e+00 4.284950320293037684e+00 0.000000000000000000e+00
1.723564793459768874e+00 4.265972791547183007e+00 0.000000000000000000e+00
1.636666314780284681e+00 4.263661756362047583e+00 0.000000000000000000e+00
1.417769835350474628e+00 4.363447152057442047e+00 0.000000000000000000e+00
1.308655623917707622e+00 4.280419950825516295e+00 0.000000000000000000e+00
1.204259520676100870e+00 4.199752330816652446e+00 0.000000000000000000e+00
1.140097872242966215e+00 4.254903487756058311e+00 0.000000000000000000e+00
1.067359371139314783e+00 4.280944937149143925e+00 0.000000000000000000e+00
9.740379741899920507e-01 4.219022323255744666e+00 0.000000000000000000e+00
8.237223431615290359e-01 4.237684479034072638e+00 0.000000000000000000e+00
7.341844523604967865e-01 4.163767353847545039e+00 0.000000000000000000e+00
2.133765816095249956e-01 1.347206863461331006e+00 0.000000000000000000e+00
1.839868211222816519e-01 1.309134416420153046e+00 0.000000000000000000e+00
1.634267624892554172e-01 1.331004353274002794e+00 0.000000000000000000e+00
1.189675673160432573e-01 1.359805774352429886e+00 0.000000000000000000e+00
9.940294857042746013e-02 1.421528725674200633e+00 0.000000000000000000e+00
7.646280667146782006e-02 1.458997717228170954e+00 0.000000000000000000e+00
4.987135857659816957e-02 1.428129512625290642e+00 0.000000000000000000e+00
2.612622826142665597e-02 1.496771979087066384e+00 0.000000000000000000e+00
-3.748780264268759821e-02 2.147672850516808563e+00 0.000000000000000000e+00
-2.933957820950711670e-01 4.195754242513346277e+00 0.000000000000000000e+00
-4.406920722380699429e-01 4.192904383949459302e+00 0.000000000000000000e+00
-5.150198869595726814e-01 4.194499862605318263e+00 0.000000000000000000e+00
-5.874497476320363898e-01 4.179921702184681287e+00 0.000000000000000000e+00
-6.656287278173812494e-01 4.202613992576101687e+00 0.000000000000000000e+00
-7.380048154372114144e-01 4.185432939660064022e+00 0.000000000000000000e+00
-8.120831520071706278e-01 4.177805322343759009e+00 0.000000000000000000e+00
-8.900700361927131876e-01 4.187450000475670286e+00 0.000000000000000000e+00
-1.036151534685343156e+00 4.155776573856662992e+00 0.000000000000000000e+00
-1.155441432545404101e+00 3.355645432991411159e+00 0.000000000000000000e+00
-1.020966424855981547e+00 2.093291317888634318e+00 0.000000000000000000e+00
-1.129528352122435964e+00 2.216824143713037376e+00 0.000000000000000000e+00
-1.182129368911855050e+00 2.223261925288384955e+00 0.000000000000000000e+00
-1.085973577193015682e+00 1.959148139463479543e+00 0.000000000000000000e+00
-1.140809313706777184e+00 1.898625484272748576e+00 0.000000000000000000e+00
-2.837903925473456379e+00 4.207365490877101877e+00 0.000000000000000000e+00
-3.048558840090802136e+00 4.353793128612991836e+00 0.000000000000000000e+00
-2.126607092649756670e+00 2.927023487148155301e+00 0.000000000000000000e+00
-1.507898366786153632e+00 1.617022994155101978e+00 0.000000000000000000e+00
-2.938735908187311896e+00 2.938735851247948894e+00 0.000000000000000000e+00
-2.923605666359077038e+00 1.898611685724652665e+00 0.000000000000000000e+00
-2.818899371240995322e+00 1.562541408885256944e+00 0.000000000000000000e+00
-6.679736263848085720e+00 1.057966256657364212e+00 0.000000000000000000e+00
-6.726891214490253290e+00 9.454028740963059674e-01 0.000000000000000000e+00
-6.727477698423019348e+00 8.260303641124583374e-01 0.000000000000000000e+00
-6.731918765984849173e+00 7.075531437201112439e-01 0.000000000000000000e+00
-6.683926054063762834e+00 2.334078151077549068e-01 0.000000000000000000e+00
-7.373000144958495206e+00 -2.657043845812842660e-08 0.000000000000000000e+00
