-6.744892711590015466e+00 -2.191548862643774687e+00 0.000000000000000000e+00
-6.468961843746713569e+00 -2.613630609789165948e+00 0.000000000000000000e+00
-6.197184784707887140e+00 -3.022569350926737286e+00 0.000000000000000000e+00
-6.036712442425354652e+00 -3.209777317342456637e+00 0.000000000000000000e+00
-1.563819983606036468e+00 -8.668396706081253900e-01 0.000000000000000000e+00
-1.537758118371838956e+00 -9.239783955573790397e-01 0.000000000000000000e+00
-1.521398263992106648e+00 -9.506752486507110689e-01 0.000000000000000000e+00
-1.503736267237212987e+00 -9.765378523322706394e-01 0.000000000000000000e+00
-1.479831991747575515e+00 -9.981593845868497183e-01 0.000000000000000000e+00
-1.457271474212357587e+00 -1.020392574714708678e+00 0.000000000000000000e+00
-1.444095258214667998e+00 -1.049196724184891183e+00 0.000000000000000000e+00
-1.426362980796171964e+00 -1.074841706813428832e+00 0.000000000000000000e+00
-1.393422642515111054e+00 -1.128371515844154960e+00 0.000000000000000000e+00
-1.368921320724054702e+00 -1.148661484661311905e+00 0.000000000000000000e+00
-1.354703609077940740e+00 -1.177625992191543958e+00 0.000000000000000000e+00
-1.334688053393659368e+00 -1.201758633765797724e+00 0.000000000000000000e+00
-1.315705270342234279e+00 -1.226915127793277271e+00 0.000000000000000000e+00
-1.297688956162164953e+00 -1.253163774337874514e+00 0.000000000000000000e+00
-1.278448979078103287e+00 -1.278449097185377914e+00 0.000000000000000000e+00
-1.260804922000400063e+00 -1.305601836843773400e+00 0.000000000000000000e+00
-1.224508976085742828e+00 -1.359955118581347877e+00 0.000000000000000000e+00
-1.201900089254499537e+00 -1.382628018791299818e+00 0.000000000000000000e+00
-1.184014717721684207e+00 -1.411053923960785328e+00 0.000000000000000000e+00
-1.165501297709081951e+00 -1.439274372026969395e+00 0.000000000000000000e+00
-1.149439897886109119e+00 -1.471216116214824954e+00 0.000000000000000000e+00
-1.127199486382465921e+00 -1.495844381730811135e+00 0.000000000000000000e+00
-1.107387313696140740e+00 -1.524188021686170957e+00 0.000000000000000000e+00
-1.063025651842599340e+00 -1.576000491924254066e+00 0.000000000000000000e+00
-1.036992675391962493e+00 -1.596828844377707224e+00 0.000000000000000000e+00
1.273689260928642542e+00 -2.119774731397761958e+00 0.000000000000000000e+00
1.294592878093034249e+00 -2.071781518906451236e+00 0.000000000000000000e+00
1.355606677230908330e+00 -2.087451064078530205e+00 0.000000000000000000e+00
1.405810999206769107e+00 -2.084200356881387606e+00 0.000000000000000000e+00
1.460325682915874168e+00 -2.085561056224613630e+00 0.000000000000000000e+00
1.899946963437932901e+00 -2.185638809558786644e+00 0.000000000000000000e+00
1.907022237229361705e+00 -2.117962616081400462e+00 0.000000000000000000e+00
2.039175178083362461e+00 -2.186747504884460902e+00 0.000000000000000000e+00
2.118013463673406260e+00 -2.193266996720038886e+00 0.000000000000000000e+00
2.152264827137341463e+00 -2.078417843023988354e+00 0.000000000000000000e+00
2.015610895793461754e+00 -1.879587440916598018e+00 0.000000000000000000e+00
2.051822864301668492e+00 -1.847469480299092970e+00 0.000000000000000000e+00
2.100356817135415000e+00 -1.825812202349293978e+00 0.000000000000000000e+00
2.140328165292757490e+00 -1.795948452466309631e+00 0.000000000000000000e+00
2.179117257453540013e+00 -1.764614241712560094e+00 0.000000000000000000e+00
2.236374623123381422e+00 -1.747247229403782409e+00 0.000000000000000000e+00
2.298417400612591255e+00 -1.669897873445730596e+00 0.000000000000000000e+00
2.340317536255066333e+00 -1.638707866739476104e+00 0.000000000000000000e+00
2.383483073403953156e+00 -1.607679519928287171e+00 0.000000000000000000e+00
5.515097950015099393e+00 -3.581546231910123446e+00 0.000000000000000000e+00
5.671745952905816068e+00 -3.544099963325277880e+00 0.000000000000000000e+00
5.782450561951571366e+00 -3.474446571277086449e+00 0.000000000000000000e+00
5.997267327668327930e+00 -3.324339313923140082e+00 0.000000000000000000e+00
6.042893306207381521e+00 -3.213063119522131306e+00 0.000000000000000000e+00
6.133688854889896902e+00 -3.125270326778931906e+00 0.000000000000000000e+00
6.256505421415427648e+00 -3.051501340950944829e+00 0.000000000000000000e+00
6.316965177751257876e+00 -2.945648997818588466e+00 0.000000000000000000e+00
6.424965285836236717e+00 -2.860578607289827158e+00 0.000000000000000000e+00
6.664267020247320872e+00 -1.295402080053731808e+00 0.000000000000000000e+00
6.678966279289705099e+00 -1.177681756560083004e+00 0.000000000000000000e+00
6.156483078611876714e+00 -5.386222990473323868e-01 0.000000000000000000e+00
4.114353575016687969e+00 -2.156240171090659519e-01 0.000000000000000000e+00
3.098496852334061469e+00 7.153444489556939345e-01 0.000000000000000000e+00
3.123382020685198324e+00 7.787466877454540803e-01 0.000000000000000000e+00
4.443843000989081027e+00 1.705831633402161041e+00 0.000000000000000000e+00
4.152702032120836328e+00 1.936436883779625751e+00 0.000000000000000000e+00
4.105691010582719791e+00 2.002479428577269793e+00 0.000000000000000000e+00
4.049624670296336326e+00 2.063386954315466593e+00 0.000000000000000000e+00
3.938412298637782971e+00 2.183097709149632415e+00 0.000000000000000000e+00
3.932621208552101955e+00 2.270500038612392135e+00 0.000000000000000000e+00
3.888968141473911899e+00 2.336727930565608791e+00 0.000000000000000000e+00
3.800951404132677958e+00 2.375098165337300671e+00 0.000000000000000000e+00
3.436475353616220918e+00 2.883545333716065695e+00 0.000000000000000000e+00
3.420343799921819805e+00 2.973259638534019089e+00 0.000000000000000000e+00
3.362730338753919135e+00 3.027816132445829478e+00 0.000000000000000000e+00
3.375928745353908855e+00 3.148104624419005848e+00 0.000000000000000000e+00
3.210971744965540609e+00 3.210971885321581620e+00 0.000000000000000000e+00
2.165250163566992736e+00 2.242182278775599169e+00 0.000000000000000000e+00
1.196338046699558788e+00 1.477354515693494408e+00 0.000000000000000000e+00
2.713016475437139530e+00 3.874589240737890794e+00 0.000000000000000000e+00
2.683566543262505100e+00 3.978551188250337489e+00 0.000000000000000000e+00
2.623526102141801708e+00 4.039876105292389497e+00 0.000000000000000000e+00
2.555800504935006323e+00 4.090135980308616581e+00 0.000000000000000000e+00
2.550468534912642138e+00 4.244692644975459395e+00 0.000000000000000000e+00
1.639000001886633306e+00 2.838831406863546736e+00 0.000000000000000000e+00
2.337498868114620265e+00 4.396196191396034791e+00 0.000000000000000000e+00
2.279486170738685757e+00 4.473743720648124977e+00 0.000000000000000000e+00
2.214212626712629195e+00 4.539808876849838803e+00 0.000000000000000000e+00
5.848470108850686300e-01 3.316832552213814900e+00 0.000000000000000000e+00
5.282791463973628421e-01 3.335423627473889763e+00 0.000000000000000000e+00
1.397369640273485314e-01 2.666340936244667947e+00 0.000000000000000000e+00
4.631864523965410069e-02 2.653595827544187102e+00 0.000000000000000000e+00
-4.196852787397735803e-08 2.661000013351439986e+00 0.000000000000000000e+00
-1.162918655641885346e+00 4.664211695526811141e+00 0.000000000000000000e+00
-1.658917063246688750e+00 5.426072958694409643e+00 0.000000000000000000e+00
-4.200359942871924046e-01 9.895427560359183472e-01 0.000000000000000000e+00
-4.352082416702795498e-01 9.774936821431293721e-01 0.000000000000000000e+00
-4.505110725388843940e-01 9.661240815693011852e-01 0.000000000000000000e+00
-4.668653081463020604e-01 9.572157050158752734e-01 0.000000000000000000e+00
-4.794139765321950852e-01 9.409028786334043826e-01 0.000000000000000000e+00
-4.943535542213239320e-01 9.297437857778227954e-01 0.000000000000000000e+00
-5.255000101867296491e-01 9.101926923949255066e-01 0.000000000000000000e+00
-5.402749637641334202e-01 8.991685134337675800e-01 0.000000000000000000e+00
-5.580049813078077348e-01 8.929946162208407534e-01 0.000000000000000000e+00
-5.724156352506135637e-01 8.814427596367292450e-01 0.000000000000000000e+00
-5.877117507513865968e-01 8.713184813970816789e-01 0.000000000000000000e+00
-6.034024468110080752e-01 8.617479814284262352e-01 0.000000000000000000e+00
-6.207012323734939496e-01 8.543219346622589194e-01 0.000000000000000000e+00
-3.893560219277304224e+00 4.031899556372287918e+00 0.000000000000000000e+00
-3.979596849319447571e+00 3.979596772212924627e+00 0.000000000000000000e+00
-4.939574299413884262e+00 4.293906349614251106e+00 0.000000000000000000e+00
-4.328151209406277289e+00 3.631750017025809463e+00 0.000000000000000000e+00
-5.033574612342257559e+00 4.076108276990446200e+00 0.000000000000000000e+00
-5.286764269227989033e+00 4.130472859854775081e+00 0.000000000000000000e+00
-4.580432692765676883e+00 3.089540807442668680e+00 0.000000000000000000e+00
-4.084474116105176300e+00 2.264060932804656368e+00 0.000000000000000000e+00
-2.646193927670069890e+00 1.407006244265789796e+00 0.000000000000000000e+00
-4.014913025615965303e+00 1.958203887469398108e+00 0.000000000000000000e+00
-4.078385054946473964e+00 1.901782149350772944e+00 0.000000000000000000e+00
-4.184951618310290833e+00 1.863260472757928055e+00 0.000000000000000000e+00
-4.282188544814646392e+00 1.817681161607544782e+00 0.000000000000000000e+00
-4.344783433791799432e+00 1.755406419580006538e+00 0.000000000000000000e+00
-4.408366898785071264e+00 1.692213473096152221e+00 0.000000000000000000e+00
-2.085700671046936350e+00 6.376626740172239849e-01 0.000000000000000000e+00
-4.911732870938966933e+00 1.316094826557867137e+00 0.000000000000000000e+00
-5.108606876295715971e+00 1.273718719952516842e+00 0.000000000000000000e+00
-5.370030110113678923e+00 1.141435106937741084e+00 0.000000000000000000e+00
-5.591303478081841583e+00 8.855754444313610474e-01 0.000000000000000000e+00
-5.724739845157281515e+00 8.045596889402732987e-01 0.000000000000000000e+00
-5.855029918398866329e+00 7.189072505610915043e-01 0.000000000000000000e+00
-5.951219229510485320e+00 6.254983194515272293e-01 0.000000000000000000e+00
-1.747733796992720245e+00 3.050680036707159939e-02 0.000000000000000000e+00
