-7.368877392172587193e+00 -1.286246176617735493e-01 0.000000000000000000e+00
-3.973546999414050873e+00 -2.082449807900858540e-01 0.000000000000000000e+00
-3.977287842581263000e+00 -2.781192657837504578e-01 0.000000000000000000e+00
-3.112565246049964429e+00 -8.925138909811907162e-01 0.000000000000000000e+00
-3.029114900924708476e+00 -9.842192603792997430e-01 0.000000000000000000e+00
-2.991620754455166953e+00 -1.030097800583875900e+00 0.000000000000000000e+00
-2.967549235730328583e+00 -1.080099757119262094e+00 0.000000000000000000e+00
-2.974387283873355159e+00 -1.141760473255730046e+00 0.000000000000000000e+00
-3.722642978141980308e+00 -1.504045606080333997e+00 0.000000000000000000e+00
-3.801685070761831042e+00 -1.613719792290037924e+00 0.000000000000000000e+00
-3.791213653577358844e+00 -1.687957293440299544e+00 0.000000000000000000e+00
-3.792910596604814888e+00 -1.849926332419882469e+00 0.000000000000000000e+00
-3.794796536148859367e+00 -1.933545643249065860e+00 0.000000000000000000e+00
-2.965820859317047198e+00 -1.576955107987932481e+00 0.000000000000000000e+00
-3.917032587443616709e+00 -2.261500070622202152e+00 0.000000000000000000e+00
-3.556713411375953537e+00 -2.222481441425317783e+00 0.000000000000000000e+00
-3.382473123994458319e+00 -2.281507164769942086e+00 0.000000000000000000e+00
-3.221724954806874042e+00 -2.255876327665604197e+00 0.000000000000000000e+00
-2.892235693846525013e+00 -2.101332442089704156e+00 0.000000000000000000e+00
-2.680220633589667223e+00 -2.019691312260547988e+00 0.000000000000000000e+00
-2.856538876623008427e+00 -2.231772982707103559e+00 0.000000000000000000e+00
-2.737108029880514160e+00 -2.216466592742332153e+00 0.000000000000000000e+00
-2.632894675218276248e+00 -2.209261161184531641e+00 0.000000000000000000e+00
-2.528276919063159767e+00 -2.197797802704041903e+00 0.000000000000000000e+00
-2.395914639437067617e+00 -2.234226754493492617e+00 0.000000000000000000e+00
-2.307641936459809529e+00 -2.228464120914471547e+00 0.000000000000000000e+00
-2.207587254056663451e+00 -2.207587458000753511e+00 0.000000000000000000e+00
-2.129822451650386750e+00 -2.205495914954059611e+00 0.000000000000000000e+00
-2.053496905090007818e+00 -2.202106029891718997e+00 0.000000000000000000e+00
-1.972596896607935690e+00 -2.190791001806261296e+00 0.000000000000000000e+00
-1.899290776672414971e+00 -2.184884307054176578e+00 0.000000000000000000e+00
-1.799805178844229525e+00 -2.144924486124554441e+00 0.000000000000000000e+00
-1.779088584580472254e+00 -2.196991638177955064e+00 0.000000000000000000e+00
-1.678462019754914936e+00 -2.227394540656343569e+00 0.000000000000000000e+00
-1.613470350398234832e+00 -2.220751629540136385e+00 0.000000000000000000e+00
-1.605440356760114540e+00 -2.292806664263549621e+00 0.000000000000000000e+00
-1.611034671589270273e+00 -2.388457353339262568e+00 0.000000000000000000e+00
2.185387209245470252e+00 -3.497350331819095715e+00 0.000000000000000000e+00
2.170931345974680404e+00 -3.342940857633714291e+00 0.000000000000000000e+00
2.145623223849644656e+00 -3.181017001150015400e+00 0.000000000000000000e+00
2.092406946614516983e+00 -2.988266585108385609e+00 0.000000000000000000e+00
2.155154052236744278e+00 -2.479220961317319283e+00 0.000000000000000000e+00
2.111107124641809385e+00 -2.344621830435783760e+00 0.000000000000000000e+00
2.105328942092960176e+00 -2.257688726581103644e+00 0.000000000000000000e+00
2.129805756740426048e+00 -2.129805611812859212e+00 0.000000000000000000e+00
2.117736445617499630e+00 -2.045074174839329739e+00 0.000000000000000000e+00
2.116537718163300941e+00 -1.973703219003465348e+00 0.000000000000000000e+00
2.186332077532339824e+00 -1.968582111699311410e+00 0.000000000000000000e+00
2.272430550294343377e+00 -1.975393606395610346e+00 0.000000000000000000e+00
2.370141650770476005e+00 -1.988784850310536090e+00 0.000000000000000000e+00
2.463552823367185951e+00 -1.994945605820666934e+00 0.000000000000000000e+00
2.609940821749437756e+00 -1.966731341959667700e+00 0.000000000000000000e+00
2.723960368313806502e+00 -1.979072915644178421e+00 0.000000000000000000e+00
2.824436275825109366e+00 -1.977691434003130855e+00 0.000000000000000000e+00
2.949715820623788343e+00 -1.989608303638083830e+00 0.000000000000000000e+00
3.053599629335822296e+00 -1.983030645209106657e+00 0.000000000000000000e+00
3.164915654100924680e+00 -1.977658651632654863e+00 0.000000000000000000e+00
3.263235909741938112e+00 -1.960749806055340994e+00 0.000000000000000000e+00
3.357665103328898670e+00 -1.861184018676007801e+00 0.000000000000000000e+00
3.425836819127117128e+00 -1.821549608650428587e+00 0.000000000000000000e+00
3.476707469157930941e+00 -1.771470797640420036e+00 0.000000000000000000e+00
3.516082309920817384e+00 -1.714907789721045628e+00 0.000000000000000000e+00
3.566321142214563089e+00 -1.663002724071250160e+00 0.000000000000000000e+00
3.592974414946677353e+00 -1.599695140858402809e+00 0.000000000000000000e+00
3.701318089157419333e+00 -1.495429445076810859e+00 0.000000000000000000e+00
3.823011695801574295e+00 -1.467516560531441305e+00 0.000000000000000000e+00
3.868714659710197790e+00 -1.408096846747155517e+00 0.000000000000000000e+00
3.949431175049162857e+00 -1.359898075579770049e+00 0.000000000000000000e+00
4.001094593116429898e+00 -1.300034305438313220e+00 0.000000000000000000e+00
4.049950806624517341e+00 -1.238194086073926670e+00 0.000000000000000000e+00
4.096897464125247801e+00 -1.174766310296083027e+00 0.000000000000000000e+00
4.183915006648974533e+00 -1.043167040097725540e+00 0.000000000000000000e+00
4.224868596422792777e+00 -9.753876384448453285e-01 0.000000000000000000e+00
1.046617990667596976e+00 -2.224654891402078616e-01 0.000000000000000000e+00
1.039543208195709889e+00 -2.020666984247694031e-01 0.000000000000000000e+00
1.039956986917062620e+00 -1.833724441605754096e-01 0.000000000000000000e+00
1.039048184317121981e+00 -1.645690340883434466e-01 0.000000000000000000e+00
1.035820407906028695e+00 -1.455750340743038052e-01 0.000000000000000000e+00
1.041264477864964233e+00 -1.094412763873323924e-01 0.000000000000000000e+00
1.039031055610137866e+00 -9.090340845710476181e-02 0.000000000000000000e+00
1.040459289368800055e+00 -7.275597128489802445e-02 0.000000000000000000e+00
1.040572031997354596e+00 -5.453403980471051987e-02 0.000000000000000000e+00
1.040365860529601338e+00 -3.633034701804784689e-02 0.000000000000000000e+00
1.041841354168198563e+00 -1.818537922342860005e-02 0.000000000000000000e+00
1.047000050544738325e+00 2.925284348087586419e-08 0.000000000000000000e+00
1.048840256501777368e+00 1.830760394790757056e-02 0.000000000000000000e+00
5.160398681307198032e+00 3.608503702218047171e-01 0.000000000000000000e+00
5.153315020329881868e+00 4.508567854304709188e-01 0.000000000000000000e+00
5.150628782787404880e+00 5.413530406245499194e-01 0.000000000000000000e+00
5.148336670828159711e+00 6.321363985735770630e-01 0.000000000000000000e+00
5.138501117741404833e+00 7.221693769427665055e-01 0.000000000000000000e+00
8.507754078279148757e+00 1.500146822467421481e+00 0.000000000000000000e+00
8.529635213085189349e+00 1.969221687832673817e+00 0.000000000000000000e+00
5.062306496099767017e+00 1.743092057205466894e+00 0.000000000000000000e+00
4.129676843049019830e+00 1.668497868744025281e+00 0.000000000000000000e+00
3.863314900777587990e+00 2.605838935028552239e+00 0.000000000000000000e+00
3.640576413659747157e+00 2.645033719313297560e+00 0.000000000000000000e+00
3.712856556083353077e+00 2.797838228809400807e+00 0.000000000000000000e+00
3.613817224606261203e+00 2.823423587109003652e+00 0.000000000000000000e+00
4.594423267563533919e+00 4.436783171455145336e+00 0.000000000000000000e+00
4.083124079375634707e+00 4.378614691359737243e+00 0.000000000000000000e+00
3.945862981938075276e+00 4.382324998579816722e+00 0.000000000000000000e+00
3.820887613569945440e+00 4.395428587410604493e+00 0.000000000000000000e+00
3.656175961569695598e+00 4.357261024775512581e+00 0.000000000000000000e+00
3.319611452221042480e+00 4.405273377868957674e+00 0.000000000000000000e+00
3.171101334825277895e+00 4.364646734670107442e+00 0.000000000000000000e+00
3.064045237640982577e+00 4.375910289665690733e+00 0.000000000000000000e+00
1.080019194600272847e+00 1.663083791680508794e+00 0.000000000000000000e+00
9.538546196717698766e-01 1.526486551814148163e+00 0.000000000000000000e+00
2.501499805373153418e+00 4.332724956425926699e+00 0.000000000000000000e+00
2.397868344635648796e+00 4.325869205478122481e+00 0.000000000000000000e+00
2.288204346880790219e+00 4.303486676340890327e+00 0.000000000000000000e+00
2.191866080365983294e+00 4.301779602532650237e+00 0.000000000000000000e+00
2.083139543620378564e+00 4.271069217903117554e+00 0.000000000000000000e+00
1.989686771940579524e+00 4.266897265424350216e+00 0.000000000000000000e+00
1.820025512564410253e+00 4.287711634723026854e+00 0.000000000000000000e+00
1.642758640714572449e+00 4.279532808914871644e+00 0.000000000000000000e+00
1.380996828047122982e+00 4.250271465856775066e+00 0.000000000000000000e+00
1.296376066579989939e+00 4.240255325957805965e+00 0.000000000000000000e+00
1.217765822818004162e+00 4.246854407177507618e+00 0.000000000000000000e+00
1.134921496621360992e+00 4.235584989561711922e+00 0.000000000000000000e+00
9.609907942919272417e-01 4.162508773780175808e+00 0.000000000000000000e+00
9.010892172659539234e-01 4.239291825462730756e+00 0.000000000000000000e+00
8.220050958380269446e-01 4.228850006605489931e+00 0.000000000000000000e+00
2.432810772600111637e-01 1.379715688676438790e+00 0.000000000000000000e+00
2.135330233679741396e-01 1.348194597959300856e+00 0.000000000000000000e+00
1.835692989495018301e-01 1.306163591430240745e+00 0.000000000000000000e+00
1.402771763703251351e-01 1.334648393498026664e+00 0.000000000000000000e+00
1.189675673160432573e-01 1.359805774352429886e+00 0.000000000000000000e+00
9.954246800481446333e-02 1.423523947009415203e+00 0.000000000000000000e+00
7.641047452464960754e-02 1.457999160072487532e+00 0.000000000000000000e+00
4.959216216543032435e-02 1.420134369802071861e+00 0.000000000000000000e+00
-2.318441821342748919e-08 1.470000028610229270e+00 0.000000000000000000e+00
-3.748780264268759821e-02 2.147672850516808563e+00 0.000000000000000000e+00
-2.933957820950711670e-01 4.195754242513346277e+00 0.000000000000000000e+00
-3.673615323666046262e-01 4.198960798918370152e+00 0.000000000000000000e+00
-4.409011140420713848e-01 4.194893283572669773e+00 0.000000000000000000e+00
-5.155073871718931500e-01 4.198470232731548180e+00 0.000000000000000000e+00
-5.884239551933604373e-01 4.186853548430977234e+00 0.000000000000000000e+00
-6.628128874951381144e-01 4.184835478151216925e+00 0.000000000000000000e+00
-7.364420121815061782e-01 4.176569842715688097e+00 0.000000000000000000e+00
-8.865354959712782312e-01 4.170821297283684004e+00 0.000000000000000000e+00
-9.641402268137719833e-01 4.176149864859262095e+00 0.000000000000000000e+00
-1.037361171916439950e+00 4.160628163512788191e+00 0.000000000000000000e+00
-1.157394855208432549e+00 3.361318584094754591e+00 0.000000000000000000e+00
-1.450673458051684461e+00 3.779133415930720385e+00 0.000000000000000000e+00
-1.125442517192050795e+00 2.208805241395194852e+00 0.000000000000000000e+00
-1.175556795538959864e+00 2.210900712957983849e+00 0.000000000000000000e+00
-1.084519138129470761e+00 1.956524262009046167e+00 0.000000000000000000e+00
-1.170061727546692465e+00 1.872490136013473583e+00 0.000000000000000000e+00
-2.861390192061012971e+00 4.242185312176563805e+00 0.000000000000000000e+00
-2.981450336903120224e+00 4.257952255801978225e+00 0.000000000000000000e+00
-2.023744699982518380e+00 2.785445552831141480e+00 0.000000000000000000e+00
-1.488120384214537628e+00 1.595813704921328569e+00 0.000000000000000000e+00
-2.928637724985123647e+00 1.901879542748120988e+00 0.000000000000000000e+00
-2.793535361259453342e+00 1.548481908820843467e+00 0.000000000000000000e+00
-6.754800788783621002e+00 1.069855309056576997e+00 0.000000000000000000e+00
-6.748676949581279061e+00 9.484646593865140307e-01 0.000000000000000000e+00
-6.701671475748348428e+00 8.228617585119786249e-01 0.000000000000000000e+00
-6.729929866357588608e+00 7.073441019546456987e-01 0.000000000000000000e+00
-6.679928303948846846e+00 2.332682106130130606e-01 0.000000000000000000e+00
-7.367000102996825284e+00 -2.654881581570955202e-08 0.000000000000000000e+00
