-1.192186247462931803e+01 -2.317375941686012020e+00 0.000000000000000000e+00
-5.997247883238177479e+00 -1.384574089652136797e+00 0.000000000000000000e+00
-4.742588405379799532e+00 -1.820509390805389316e+00 0.000000000000000000e+00
-5.290301771276411991e+00 -2.580252896520212058e+00 0.000000000000000000e+00
-4.497800696906280926e+00 -2.291744197313825282e+00 0.000000000000000000e+00
-5.298568304140167662e+00 -2.817299071178856362e+00 0.000000000000000000e+00
-5.252965856981765214e+00 -2.911766853549130563e+00 0.000000000000000000e+00
-5.175367523576095863e+00 -2.988000165630908089e+00 0.000000000000000000e+00
-3.159098257549205258e+00 -2.558187574114124896e+00 0.000000000000000000e+00
-2.967656111457400936e+00 -2.490159385601403486e+00 0.000000000000000000e+00
-2.938839026306277358e+00 -2.554694031265436927e+00 0.000000000000000000e+00
-2.912384382233441649e+00 -2.622322922044920457e+00 0.000000000000000000e+00
-1.235825760797205186e+00 -1.193423175461677976e+00 0.000000000000000000e+00
-2.796694481985125602e+00 -2.896062181433542104e+00 0.000000000000000000e+00
-1.070608931686451770e+00 -1.189031787500713033e+00 0.000000000000000000e+00
-2.744294831711235449e+00 -3.156950365567920525e+00 0.000000000000000000e+00
-2.721562724196119110e+00 -3.243432453839680374e+00 0.000000000000000000e+00
-2.639340702255988269e+00 -3.378202361412645516e+00 0.000000000000000000e+00
-2.607664449410744822e+00 -3.460487928901267107e+00 0.000000000000000000e+00
-2.579201534126903006e+00 -3.549966696574881730e+00 0.000000000000000000e+00
-1.581923651076990289e+00 -2.259221324711849110e+00 0.000000000000000000e+00
6.225000412551370266e-01 -1.078201609399001892e+00 0.000000000000000000e+00
6.309216917576333516e-01 -1.050029941136079170e+00 0.000000000000000000e+00
6.528605673817998722e-01 -1.044795225443215569e+00 0.000000000000000000e+00
6.928400230779785396e-01 -1.027177496957713876e+00 0.000000000000000000e+00
7.095140810480179416e-01 -1.013291044311506628e+00 0.000000000000000000e+00
7.123957676199761391e-01 -9.805285821072888819e-01 0.000000000000000000e+00
8.528767403162912375e-01 -9.811223888230250489e-01 0.000000000000000000e+00
8.712081134224769485e-01 -9.675745667949892104e-01 0.000000000000000000e+00
8.934178455138356290e-01 -9.580732766337956008e-01 0.000000000000000000e+00
9.225063134896068773e-01 -9.552831869791239550e-01 0.000000000000000000e+00
9.489373380334626962e-01 -9.489372734608231275e-01 0.000000000000000000e+00
9.732668139517832717e-01 -9.398727733849693289e-01 0.000000000000000000e+00
1.001223218341745991e+00 -9.336556925132231122e-01 0.000000000000000000e+00
1.028512427779246785e+00 -9.260766869742392826e-01 0.000000000000000000e+00
1.074760381578210300e+00 -9.018309787104397124e-01 0.000000000000000000e+00
1.104324443895649877e+00 -8.942642414051527044e-01 0.000000000000000000e+00
1.135523513268290374e+00 -8.871681389900163417e-01 0.000000000000000000e+00
1.162014730237945326e+00 -8.756408462341673804e-01 0.000000000000000000e+00
1.196536140826057304e+00 -8.693343326298554885e-01 0.000000000000000000e+00
1.230366377576573189e+00 -8.615117524320172748e-01 0.000000000000000000e+00
1.277295303456888131e+00 -8.294852099807203949e-01 0.000000000000000000e+00
1.314474535106908704e+00 -8.213747918800281544e-01 0.000000000000000000e+00
1.350038565542823532e+00 -8.111849491643580157e-01 0.000000000000000000e+00
1.389970815268668503e+00 -8.024999650637023585e-01 0.000000000000000000e+00
1.430877898680124716e+00 -7.931485111662401888e-01 0.000000000000000000e+00
1.468341860746722016e+00 -7.807311565090017114e-01 0.000000000000000000e+00
1.522557142932135621e+00 -7.426006772772449915e-01 0.000000000000000000e+00
1.573350288550105613e+00 -7.336652285195958134e-01 0.000000000000000000e+00
1.585914883342029125e+00 -7.060947392621262919e-01 0.000000000000000000e+00
1.597075954956784338e+00 -6.779184639303043047e-01 0.000000000000000000e+00
1.611445592080745781e+00 -6.510662227588653872e-01 0.000000000000000000e+00
1.628164243873124084e+00 -6.249936388562324918e-01 0.000000000000000000e+00
1.643522368173512715e+00 -5.981931643304234658e-01 0.000000000000000000e+00
1.667202109472770255e+00 -5.417067469843377392e-01 0.000000000000000000e+00
1.682140027481674682e+00 -5.142817612918096914e-01 0.000000000000000000e+00
1.693743088944437369e+00 -4.856729602368973775e-01 0.000000000000000000e+00
1.705825054244024752e+00 -4.570743909236359981e-01 0.000000000000000000e+00
1.720334337334001651e+00 -4.289274700378150618e-01 0.000000000000000000e+00
1.731455568674442169e+00 -3.997379609939789580e-01 0.000000000000000000e+00
1.751862372317777528e+00 -3.723697882504450329e-01 0.000000000000000000e+00
1.768714737301924744e+00 -3.118720759436080514e-01 0.000000000000000000e+00
1.790678933974762632e+00 -2.836156272389293020e-01 0.000000000000000000e+00
1.805258651348068399e+00 -2.537125042884543213e-01 0.000000000000000000e+00
1.821322232584255740e+00 -2.236301971865425897e-01 0.000000000000000000e+00
1.829920326203095637e+00 -1.923323232896860246e-01 0.000000000000000000e+00
1.832998282329393991e+00 -1.603665171123442867e-01 0.000000000000000000e+00
1.877415515884714559e+00 -1.312816279879583381e-01 0.000000000000000000e+00
1.893845600004979035e+00 -6.613449216005512499e-02 0.000000000000000000e+00
1.912708629375618807e+00 -3.338639959909331378e-02 0.000000000000000000e+00
1.927999973297118252e+00 5.386769696968939818e-08 0.000000000000000000e+00
1.947703263449977795e+00 3.399734109579235358e-02 0.000000000000000000e+00
1.970798711836686756e+00 6.882186212775770473e-02 0.000000000000000000e+00
1.995261833274393437e+00 1.045672968587069568e-01 0.000000000000000000e+00
2.017074579966212422e+00 1.410476503651500735e-01 0.000000000000000000e+00
2.027830173018118742e+00 2.131335952033950043e-01 0.000000000000000000e+00
2.054570460828349265e+00 2.522695881725947609e-01 0.000000000000000000e+00
2.083524099429423515e+00 2.928202731211135279e-01 0.000000000000000000e+00
2.103776269595393877e+00 3.332054846571581574e-01 0.000000000000000000e+00
2.116351781801757870e+00 3.731699778204382589e-01 0.000000000000000000e+00
2.145837118704438495e+00 4.171085414003827263e-01 0.000000000000000000e+00
2.188116159407384576e+00 4.650985075652372958e-01 0.000000000000000000e+00
2.208393080870689751e+00 5.506142974437524540e-01 0.000000000000000000e+00
2.234186385689837184e+00 5.986484998341556896e-01 0.000000000000000000e+00
2.269538906006312917e+00 6.507798724082367592e-01 0.000000000000000000e+00
2.297043958391760565e+00 7.022768791441463820e-01 0.000000000000000000e+00
2.323431124427638661e+00 7.549286006851559927e-01 0.000000000000000000e+00
2.357177817231971950e+00 8.116414788009301828e-01 0.000000000000000000e+00
2.375962233769102649e+00 9.120465185718998891e-01 0.000000000000000000e+00
2.424585764078561745e+00 9.795963058856140826e-01 0.000000000000000000e+00
2.455906907324960642e+00 1.042470705082418903e+00 0.000000000000000000e+00
2.504941711406779348e+00 1.115271979065679542e+00 0.000000000000000000e+00
2.540380673769319309e+00 1.184599038765010270e+00 0.000000000000000000e+00
2.584032852327506014e+00 1.260317110132275875e+00 0.000000000000000000e+00
2.598514801458851498e+00 1.381654908756916544e+00 0.000000000000000000e+00
2.643100784845289652e+00 1.465094771932111906e+00 0.000000000000000000e+00
2.694205046880304266e+00 1.555500094865134075e+00 0.000000000000000000e+00
2.756650068388393660e+00 1.656362555636010647e+00 0.000000000000000000e+00
2.830784553344521282e+00 1.768870602187539109e+00 0.000000000000000000e+00
2.814578338321547246e+00 1.827808638504492933e+00 0.000000000000000000e+00
2.914067108618548563e+00 1.965563182384095331e+00 0.000000000000000000e+00
2.905989001253601156e+00 2.111324697767415604e+00 0.000000000000000000e+00
2.596495446998168255e+00 2.028604667374815929e+00 0.000000000000000000e+00
2.571575951117405445e+00 2.082421241876215579e+00 0.000000000000000000e+00
2.567780923326372200e+00 2.154624124299711507e+00 0.000000000000000000e+00
2.544125984265784624e+00 2.211575077492500263e+00 0.000000000000000000e+00
2.535610049764172480e+00 2.283073645778159300e+00 0.000000000000000000e+00
2.468774086081170882e+00 2.384067527382646823e+00 0.000000000000000000e+00
2.460024502720011608e+00 2.460024610251104082e+00 0.000000000000000000e+00
5.077257926085593454e+00 5.257654721932015107e+00 0.000000000000000000e+00
4.887329766049687052e+00 5.427929836413897036e+00 0.000000000000000000e+00
1.639618551678731162e+00 6.119140175573124729e+00 0.000000000000000000e+00
5.394348645463481473e-01 3.838278971759704117e+00 0.000000000000000000e+00
4.766309387875009018e-01 3.881848020289500045e+00 0.000000000000000000e+00
2.937616273206296036e-01 5.605307499521371639e+00 0.000000000000000000e+00
9.591833510603121893e-02 5.495162747213595544e+00 0.000000000000000000e+00
-8.630281416657216794e-08 5.472000122070311612e+00 0.000000000000000000e+00
-9.548220454807333779e-02 5.470166933227538664e+00 0.000000000000000000e+00
-2.846030240767708497e-01 5.430547607524007780e+00 0.000000000000000000e+00
-4.639300947048269341e-01 5.302744325336830933e+00 0.000000000000000000e+00
-5.524329910529575116e-01 5.256048057004644392e+00 0.000000000000000000e+00
-6.418859333923401245e-01 5.227740768064362165e+00 0.000000000000000000e+00
-7.306588564128954078e-01 5.198907350159780449e+00 0.000000000000000000e+00
-8.100177302385482836e-01 5.114250189437758998e+00 0.000000000000000000e+00
-9.851469359056508335e-01 5.068141238917036162e+00 0.000000000000000000e+00
-1.393346852464855568e+00 4.859177688995309552e+00 0.000000000000000000e+00
-1.477354281262702962e+00 4.832207886440261113e+00 0.000000000000000000e+00
-1.561153933814075412e+00 4.804737543036170955e+00 0.000000000000000000e+00
-2.166341236620414001e+00 4.645733623816661328e+00 0.000000000000000000e+00
-2.254542919776333143e+00 4.622497865628456104e+00 0.000000000000000000e+00
-2.427637507682042006e+00 4.565721976943725835e+00 0.000000000000000000e+00
-2.711160447143913466e+00 4.512128587181917894e+00 0.000000000000000000e+00
-1.968120176335713234e+00 3.149650595276527021e+00 0.000000000000000000e+00
-2.083244371184812316e+00 3.207914938820420225e+00 0.000000000000000000e+00
-2.978261572684064440e+00 4.415454255247831306e+00 0.000000000000000000e+00
-3.155819042258873441e+00 4.343612174438675311e+00 0.000000000000000000e+00
-3.278688265440432126e+00 4.350966186869752228e+00 0.000000000000000000e+00
-4.098390946158734671e+00 4.098390866750521333e+00 0.000000000000000000e+00
-4.211734583555410971e+00 4.067224732054261160e+00 0.000000000000000000e+00
-2.773633960823882028e+00 2.246044454637616816e+00 0.000000000000000000e+00
-2.366530219766655563e+00 1.657062269883077033e+00 0.000000000000000000e+00
-2.325450459223955768e+00 1.568536112495660717e+00 0.000000000000000000e+00
-8.862102284806255836e-01 5.537656013542642253e-01 0.000000000000000000e+00
-8.842119651254867208e-01 5.105000070554468472e-01 0.000000000000000000e+00
-8.746197107873635579e-01 4.848096136652287336e-01 0.000000000000000000e+00
-8.652886612423392743e-01 4.600821340907226276e-01 0.000000000000000000e+00
-8.553662472634843139e-01 4.358308638034411042e-01 0.000000000000000000e+00
-8.484615877953300966e-01 4.138223590371233884e-01 0.000000000000000000e+00
-8.383347165430281578e-01 3.909218912934388501e-01 0.000000000000000000e+00
-8.313263929483019066e-01 3.701303501727001288e-01 0.000000000000000000e+00
-8.256928695066275692e-01 3.504858224874909944e-01 0.000000000000000000e+00
-8.233392756543067570e-01 3.326506538243214628e-01 0.000000000000000000e+00
-8.224843413070775933e-01 3.157221519275155708e-01 0.000000000000000000e+00
-8.566398484462819374e-01 2.949647485497733368e-01 0.000000000000000000e+00
-8.873357582004675059e-01 2.883128590883736186e-01 0.000000000000000000e+00
-9.199651887525286398e-01 2.812615781382639679e-01 0.000000000000000000e+00
-9.631841961712335198e-01 2.761886178765626809e-01 0.000000000000000000e+00
-1.003596968191222460e+00 2.689129910953662606e-01 0.000000000000000000e+00
-4.492631871728286264e+00 9.549383589637869818e-01 0.000000000000000000e+00
