-7.135916730171151912e+00 -1.258255026302874224e+00 0.000000000000000000e+00
-6.702550409814262977e+00 -1.302844173944745387e+00 0.000000000000000000e+00
-6.642600176855793848e+00 -1.411928605811948900e+00 0.000000000000000000e+00
-6.564331038747535985e+00 -1.515495582157209808e+00 0.000000000000000000e+00
-6.511654503927344351e+00 -1.623538161139105984e+00 0.000000000000000000e+00
-6.525794835078754907e+00 -1.748581807478719607e+00 0.000000000000000000e+00
-6.930232953256698636e+00 -2.522398900569643665e+00 0.000000000000000000e+00
-6.774059485287890148e+00 -2.600318191823632219e+00 0.000000000000000000e+00
-6.613602207391654275e+00 -2.672069118311037439e+00 0.000000000000000000e+00
-3.766705788740121186e+00 -1.598871965953066354e+00 0.000000000000000000e+00
-3.610331480925351055e+00 -1.607423350887843938e+00 0.000000000000000000e+00
-3.359038404825256841e+00 -2.440484497616159487e+00 0.000000000000000000e+00
-2.579592620792873880e+00 -1.943862658205480098e+00 0.000000000000000000e+00
-2.508238205494661699e+00 -1.959650648211887392e+00 0.000000000000000000e+00
-2.465106842551899380e+00 -1.996204353065061499e+00 0.000000000000000000e+00
-2.421466399698829264e+00 -2.031851756289665190e+00 0.000000000000000000e+00
-2.924683379066616240e+00 -2.727311627207369416e+00 0.000000000000000000e+00
-2.980224750029931258e+00 -2.877969854323050747e+00 0.000000000000000000e+00
-2.980455052925161663e+00 -2.980455328269292270e+00 0.000000000000000000e+00
-2.929374213815277184e+00 -3.033456078432724468e+00 0.000000000000000000e+00
-2.909404720267139588e+00 -3.119954874056592775e+00 0.000000000000000000e+00
-2.856480922279795998e+00 -3.286005711786391004e+00 0.000000000000000000e+00
-2.846415820363466409e+00 -3.515031129037699209e+00 0.000000000000000000e+00
-2.517993915316386389e+00 -3.341491099810861343e+00 0.000000000000000000e+00
-2.408743843936078211e+00 -3.315351791401390802e+00 0.000000000000000000e+00
-2.308071528346077983e+00 -3.296268067203925956e+00 0.000000000000000000e+00
3.716853899822381901e+00 -5.948209161686732749e+00 0.000000000000000000e+00
8.594795048197086951e-01 -1.274230669477073752e+00 0.000000000000000000e+00
2.155796904544532655e+00 -2.311808986651799458e+00 0.000000000000000000e+00
3.538112737425741727e+00 -3.185730802583795374e+00 0.000000000000000000e+00
3.486003620844448481e+00 -3.030336510656447047e+00 0.000000000000000000e+00
3.346082244551621621e+00 -2.807696187143108535e+00 0.000000000000000000e+00
3.293884899928257504e+00 -2.573464752223261431e+00 0.000000000000000000e+00
3.268815171976011680e+00 -2.463228743052204184e+00 0.000000000000000000e+00
3.265192485041905179e+00 -2.372301038840554988e+00 0.000000000000000000e+00
3.134894865527950714e+00 -2.195076863698702585e+00 0.000000000000000000e+00
3.048371259135141287e+00 -2.056152232476535335e+00 0.000000000000000000e+00
2.926369250522498522e+00 -1.758339911398579591e+00 0.000000000000000000e+00
2.914232930669247157e+00 -1.615385570134285853e+00 0.000000000000000000e+00
2.822783525563703044e+00 -1.500900509209178058e+00 0.000000000000000000e+00
2.805779526950812119e+00 -1.429615963006099610e+00 0.000000000000000000e+00
2.756601303431691630e+00 -1.344484182031749908e+00 0.000000000000000000e+00
2.760613563088581746e+00 -1.287295140412833216e+00 0.000000000000000000e+00
2.744290545814561888e+00 -1.221836769274172729e+00 0.000000000000000000e+00
2.706284357489715742e+00 -1.148749456088131282e+00 0.000000000000000000e+00
2.787671243437928936e+00 -1.070086633413943167e+00 0.000000000000000000e+00
2.867002329118510051e+00 -1.043503409876947119e+00 0.000000000000000000e+00
2.938671801705257991e+00 -1.011865747438875252e+00 0.000000000000000000e+00
3.011996069437652856e+00 -9.786567467939799592e-01 0.000000000000000000e+00
3.136679601196336709e+00 -9.589790882786165538e-01 0.000000000000000000e+00
3.257715856984348513e+00 -9.341348839736417498e-01 0.000000000000000000e+00
3.399093061591317078e+00 -9.107841316752958161e-01 0.000000000000000000e+00
3.460074570830943053e+00 -8.626933727944036123e-01 0.000000000000000000e+00
3.548719538283377162e+00 -7.543035137414878522e-01 0.000000000000000000e+00
3.641836908868261169e+00 -7.079012729578952889e-01 0.000000000000000000e+00
3.768859194446587679e+00 -6.645514486435623036e-01 0.000000000000000000e+00
3.787784841351403031e+00 -5.999260689583378880e-01 0.000000000000000000e+00
3.805600139476915889e+00 -5.348421075208118491e-01 0.000000000000000000e+00
3.857034277553508694e+00 -4.735841470625889449e-01 0.000000000000000000e+00
3.872208884780856675e+00 -3.387742685686764843e-01 0.000000000000000000e+00
3.898480308568596175e+00 -2.726081878292686000e-01 0.000000000000000000e+00
3.915626415398866467e+00 -2.052091736387170184e-01 0.000000000000000000e+00
3.969580252552959987e+00 -1.386206848596755747e-01 0.000000000000000000e+00
4.033385524140995493e+00 -7.040289293311127738e-02 0.000000000000000000e+00
4.086999893188474786e+00 1.141894578893243174e-07 0.000000000000000000e+00
4.115373286715744428e+00 7.183422238414323424e-02 0.000000000000000000e+00
4.169278492057543417e+00 2.185027420938230047e-01 0.000000000000000000e+00
4.189768812793771779e+00 2.929772912153028597e-01 0.000000000000000000e+00
4.222869159330825184e+00 3.694532950068895594e-01 0.000000000000000000e+00
4.267493330837078602e+00 4.485317400885182049e-01 0.000000000000000000e+00
4.285814109559454188e+00 5.262319209860319980e-01 0.000000000000000000e+00
1.042998877602386187e+00 1.651948220592933669e-01 0.000000000000000000e+00
1.028745261431995850e+00 1.999678501821824383e-01 0.000000000000000000e+00
1.018251655063390437e+00 2.164360987234238420e-01 0.000000000000000000e+00
1.012370524644815584e+00 2.337241796923258674e-01 0.000000000000000000e+00
1.007166945304223571e+00 2.511149508667234742e-01 0.000000000000000000e+00
1.000699161984106800e+00 2.681365601116183495e-01 0.000000000000000000e+00
9.949058158569539234e-01 2.852846797153783531e-01 0.000000000000000000e+00
9.852945554141943063e-01 3.201416354292737076e-01 0.000000000000000000e+00
9.786116856361550820e-01 3.369630538243920115e-01 0.000000000000000000e+00
9.735215587386178981e-01 3.543328976193380608e-01 0.000000000000000000e+00
9.709235985888048370e-01 3.727026782271137817e-01 0.000000000000000000e+00
9.633440470103278308e-01 3.892162874703891107e-01 0.000000000000000000e+00
9.619275222155448946e-01 4.083140363876737733e-01 0.000000000000000000e+00
4.703737412710616184e+00 2.193388918138960975e+00 0.000000000000000000e+00
4.659348294224348486e+00 2.272516145445784730e+00 0.000000000000000000e+00
4.585146649366098615e+00 2.437965861079709029e+00 0.000000000000000000e+00
4.610994891183020528e+00 2.555916349165379131e+00 0.000000000000000000e+00
6.082017827822100209e+00 5.873336602981608756e+00 0.000000000000000000e+00
2.540443767387715379e+00 2.724292523620317041e+00 0.000000000000000000e+00
2.546005197687146726e+00 3.774608097563719511e+00 0.000000000000000000e+00
2.530392827978310777e+00 3.896463433090053829e+00 0.000000000000000000e+00
2.432329425456996042e+00 3.892540939645066533e+00 0.000000000000000000e+00
2.707292531557599968e+00 5.805807860068476600e+00 0.000000000000000000e+00
2.526241168279374616e+00 5.674030854094373133e+00 0.000000000000000000e+00
2.125121776253275030e+00 5.536131808419144207e+00 0.000000000000000000e+00
2.015182650025547417e+00 5.536669145303922512e+00 0.000000000000000000e+00
1.887969557586062441e+00 5.483062052542195808e+00 0.000000000000000000e+00
1.747800064692189403e+00 5.379175818592361047e+00 0.000000000000000000e+00
1.639620365179811801e+00 5.362956911372135593e+00 0.000000000000000000e+00
1.516832214254502542e+00 5.289822930938239409e+00 0.000000000000000000e+00
1.384681774631978612e+00 5.167703103175581347e+00 0.000000000000000000e+00
7.781049420691086294e-01 4.912761796732666220e+00 0.000000000000000000e+00
6.866799999155972500e-01 4.885982677854030065e+00 0.000000000000000000e+00
5.926505260573813327e-01 4.826751862041957608e+00 0.000000000000000000e+00
5.030954354643474291e-01 4.786634091821683867e+00 0.000000000000000000e+00
4.134667622066703907e-01 4.725947612745829751e+00 0.000000000000000000e+00
2.451415441698508724e-01 4.677580759994032888e+00 0.000000000000000000e+00
1.629805773922728962e-01 4.667155241041199609e+00 0.000000000000000000e+00
8.054277831430839418e-02 4.614296885580957408e+00 0.000000000000000000e+00
-7.231330362182326580e-08 4.585000038146971768e+00 0.000000000000000000e+00
-5.363129222655027561e-02 3.072531920607589395e+00 0.000000000000000000e+00
-3.101373567366689787e-01 4.435169861672029867e+00 0.000000000000000000e+00
-4.604479681650172629e-01 4.380869150867702899e+00 0.000000000000000000e+00
-6.200162189665908707e-01 4.411644161584127311e+00 0.000000000000000000e+00
-6.800207011171491844e-01 4.293481327236844614e+00 0.000000000000000000e+00
-7.496392290567877037e-01 4.251414972539017789e+00 0.000000000000000000e+00
-2.902447454525224346e-01 1.365494073569820888e+00 0.000000000000000000e+00
-3.052585977726638977e-01 1.322220167131012758e+00 0.000000000000000000e+00
-3.265945830074036271e-01 1.309899249073468885e+00 0.000000000000000000e+00
-3.535468483071735335e-01 1.319454728201359783e+00 0.000000000000000000e+00
-3.897512490855211675e-01 1.359224065755147093e+00 0.000000000000000000e+00
-4.280321906735567450e-01 1.400030144194823745e+00 0.000000000000000000e+00
-4.756550807229588673e-01 1.381402600208762044e+00 0.000000000000000000e+00
-4.901148722186057238e-01 1.346579489608218827e+00 0.000000000000000000e+00
-7.816005222401113395e-01 2.036138894740342042e+00 0.000000000000000000e+00
-1.702599583065893984e+00 3.824101145877016439e+00 0.000000000000000000e+00
-1.789365854817648982e+00 3.837307334833501837e+00 0.000000000000000000e+00
-1.856940251218740956e+00 3.807291612221675337e+00 0.000000000000000000e+00
-1.935815509232005738e+00 3.799251741291832296e+00 0.000000000000000000e+00
-1.996662499457559248e+00 3.755175896510639877e+00 0.000000000000000000e+00
-2.074500315066631906e+00 3.742497532107849079e+00 0.000000000000000000e+00
-2.210543365811973970e+00 3.678961872062193272e+00 0.000000000000000000e+00
-2.274413426716749953e+00 3.639822247389734589e+00 0.000000000000000000e+00
-2.341947995233788493e+00 3.606283575641313188e+00 0.000000000000000000e+00
-2.411799145683871437e+00 3.575639191092168101e+00 0.000000000000000000e+00
-2.417051269984623385e+00 3.451906872314433272e+00 0.000000000000000000e+00
-2.297965763662078942e+00 2.738608896862699371e+00 0.000000000000000000e+00
-1.848862259021343490e+00 1.724091916175974903e+00 0.000000000000000000e+00
-1.863064070363719571e+00 1.677510392428205988e+00 0.000000000000000000e+00
-1.776176210178604276e+00 1.387700918152296348e+00 0.000000000000000000e+00
-1.814499950002598450e+00 1.367323761752595956e+00 0.000000000000000000e+00
-1.582457802986381612e+00 9.888293643269084887e-01 0.000000000000000000e+00
-4.840216198070221409e+00 2.794500075458788313e+00 0.000000000000000000e+00
-4.867607625537274885e+00 1.771664253011710155e+00 0.000000000000000000e+00
-3.465576936458597324e+00 7.366310988866781040e-01 0.000000000000000000e+00
