-5.995298819758705378e+00 -1.384124112788531313e+00 0.000000000000000000e+00
-4.687507147016427567e+00 -1.799365673590935577e+00 0.000000000000000000e+00
-5.355913693952339294e+00 -2.612253973368040771e+00 0.000000000000000000e+00
-5.321090939384159668e+00 -2.711231578602539383e+00 0.000000000000000000e+00
-5.316227238701164204e+00 -2.826688494336396573e+00 0.000000000000000000e+00
-5.282702856162850402e+00 -2.928250343237992492e+00 0.000000000000000000e+00
-5.154146840017509668e+00 -3.096924198162455344e+00 0.000000000000000000e+00
-4.080971004071681563e+00 -2.650213835081870251e+00 0.000000000000000000e+00
-3.159134856586872431e+00 -2.468186895462073593e+00 0.000000000000000000e+00
-3.025109296320503294e+00 -2.538368336418581173e+00 0.000000000000000000e+00
-2.932046592856895728e+00 -2.548789458393097007e+00 0.000000000000000000e+00
-2.902723491402953382e+00 -2.613624216054492688e+00 0.000000000000000000e+00
-2.871294594640283915e+00 -2.677525775661663499e+00 0.000000000000000000e+00
-1.256528657061213750e+00 -1.256528773143417599e+00 0.000000000000000000e+00
-2.827259552174131052e+00 -2.927713241074640038e+00 0.000000000000000000e+00
-1.145757152710535465e+00 -1.228674232973751224e+00 0.000000000000000000e+00
-2.707421196482808767e+00 -3.226579235824735381e+00 0.000000000000000000e+00
-2.677758185875054320e+00 -3.306756276454520638e+00 0.000000000000000000e+00
-2.647959924834403012e+00 -3.389234464256758450e+00 0.000000000000000000e+00
-2.610071534882856259e+00 -3.463682239512035022e+00 0.000000000000000000e+00
6.340118806063445023e-01 -1.055172878615169729e+00 0.000000000000000000e+00
6.507409174934929430e-01 -1.041403076807564831e+00 0.000000000000000000e+00
6.731738525452545252e-01 -1.036596749195619394e+00 0.000000000000000000e+00
6.950768326730644153e-01 -1.030493703303363651e+00 0.000000000000000000e+00
7.077933396179175718e-01 -1.010833571053018298e+00 0.000000000000000000e+00
8.491224546368414394e-01 -1.011944664554217166e+00 0.000000000000000000e+00
8.495964481692414028e-01 -9.773488446340283797e-01 0.000000000000000000e+00
8.785684954944574798e-01 -9.757490986720684933e-01 0.000000000000000000e+00
8.981918946974446483e-01 -9.631928172464196969e-01 0.000000000000000000e+00
9.225063134896068773e-01 -9.552831869791239550e-01 0.000000000000000000e+00
9.682313713851463666e-01 -9.350101033519599980e-01 0.000000000000000000e+00
9.953723766875898216e-01 -9.281996947733346381e-01 0.000000000000000000e+00
1.022567345537029215e+00 -9.207237112415592728e-01 0.000000000000000000e+00
1.050555736018410125e+00 -9.132341069011756796e-01 0.000000000000000000e+00
1.081654738656341319e+00 -9.076160308001158805e-01 0.000000000000000000e+00
1.111318714009368547e+00 -8.999280892824693678e-01 0.000000000000000000e+00
1.158820134042144456e+00 -8.732335454973730871e-01 0.000000000000000000e+00
1.190063991600631921e+00 -8.646320412943997447e-01 0.000000000000000000e+00
1.225451528475948182e+00 -8.580703382819017122e-01 0.000000000000000000e+00
1.255991938125561758e+00 -8.471771998933269598e-01 0.000000000000000000e+00
1.286520711091330149e+00 -8.354762593238930224e-01 0.000000000000000000e+00
1.322955008151839973e+00 -8.266739791950247218e-01 0.000000000000000000e+00
1.357753023168031259e+00 -8.158202626111399347e-01 0.000000000000000000e+00
1.412510860316857464e+00 -7.829674963180854874e-01 0.000000000000000000e+00
1.456863531741399154e+00 -7.746280211842625496e-01 0.000000000000000000e+00
1.499563976304826518e+00 -7.640659494026821319e-01 0.000000000000000000e+00
1.542330571967703179e+00 -7.522448222356588055e-01 0.000000000000000000e+00
1.571537696286266605e+00 -7.328200029349690725e-01 0.000000000000000000e+00
1.586828471502373272e+00 -7.065014948835325326e-01 0.000000000000000000e+00
1.609591137693769936e+00 -6.503169746185990530e-01 0.000000000000000000e+00
1.628164243873124084e+00 -6.249936388562324918e-01 0.000000000000000000e+00
1.633185826299402121e+00 -5.944309711217117265e-01 0.000000000000000000e+00
1.650875499031408511e+00 -5.684419640827539366e-01 0.000000000000000000e+00
1.673859476128595425e+00 -5.438698563123061103e-01 0.000000000000000000e+00
1.682140027481674682e+00 -5.142817612918096914e-01 0.000000000000000000e+00
1.692781896911726980e+00 -4.853973428880032914e-01 0.000000000000000000e+00
1.713542296810625531e+00 -4.272340243541110638e-01 0.000000000000000000e+00
1.729506853620767171e+00 -3.992880647354739021e-01 0.000000000000000000e+00
1.745993445631790042e+00 -3.711223095547143691e-01 0.000000000000000000e+00
1.760057533138450703e+00 -3.421204736417022274e-01 0.000000000000000000e+00
1.775608361554667614e+00 -3.130876076860289459e-01 0.000000000000000000e+00
1.792654402974509731e+00 -2.839285107317901513e-01 0.000000000000000000e+00
1.812190615686102513e+00 -2.546867281375008729e-01 0.000000000000000000e+00
1.833898362580290264e+00 -1.927504316453346189e-01 0.000000000000000000e+00
1.818055376071286977e+00 -1.590591826455036439e-01 0.000000000000000000e+00
1.819556832249006328e+00 -1.272357563539654735e-01 0.000000000000000000e+00
1.887409809204405819e+00 -9.891490305133995853e-02 0.000000000000000000e+00
1.902840180361173639e+00 -6.644858957330158911e-02 0.000000000000000000e+00
1.918707757504775957e+00 -3.349111460162434994e-02 0.000000000000000000e+00
1.944703818579458066e+00 3.394498550740542020e-02 0.000000000000000000e+00
1.968799955918100641e+00 6.875206397768292288e-02 0.000000000000000000e+00
1.982279637912909287e+00 1.038869284711584073e-01 0.000000000000000000e+00
2.013084137307980637e+00 1.407686113219482615e-01 0.000000000000000000e+00
2.029248536269784964e+00 1.775362981484329139e-01 0.000000000000000000e+00
2.055676664607432702e+00 2.160603801705001104e-01 0.000000000000000000e+00
2.083354342672572912e+00 2.558038052546038887e-01 0.000000000000000000e+00
2.097850098131853525e+00 3.322668711443010348e-01 0.000000000000000000e+00
2.104534240969123005e+00 3.710862262020508395e-01 0.000000000000000000e+00
2.133075954151403053e+00 4.146280219392875499e-01 0.000000000000000000e+00
2.184203619399385232e+00 4.642668714061209956e-01 0.000000000000000000e+00
2.209871183925762317e+00 5.101890237963704333e-01 0.000000000000000000e+00
2.236531699315876587e+00 5.576300437619422512e-01 0.000000000000000000e+00
2.255436825572589399e+00 6.043425386297137658e-01 0.000000000000000000e+00
2.269311078734088660e+00 6.937980861700205892e-01 0.000000000000000000e+00
2.312018366510840028e+00 7.512203705278236443e-01 0.000000000000000000e+00
2.335430888379733005e+00 8.041534100757047332e-01 0.000000000000000000e+00
2.361447545098929179e+00 8.594966836842624636e-01 0.000000000000000000e+00
2.411438166768408387e+00 9.256644543813338233e-01 0.000000000000000000e+00
2.440347852309491028e+00 9.859646033625768524e-01 0.000000000000000000e+00
2.470226886820863665e+00 1.099815942327360130e+00 0.000000000000000000e+00
2.503222155187775133e+00 1.167271735873701033e+00 0.000000000000000000e+00
2.548979854081766749e+00 1.243220619501071544e+00 0.000000000000000000e+00
2.588373895241563805e+00 1.318842451624370193e+00 0.000000000000000000e+00
2.642662138432593455e+00 1.405128465576401142e+00 0.000000000000000000e+00
2.695577916528837825e+00 1.494183322666305491e+00 0.000000000000000000e+00
2.742702463868052387e+00 1.583500093162408362e+00 0.000000000000000000e+00
2.774813392764250874e+00 1.733895937512410557e+00 0.000000000000000000e+00
2.822965035874945183e+00 1.833255023857464305e+00 0.000000000000000000e+00
2.881734615335230121e+00 1.943754639195637735e+00 0.000000000000000000e+00
2.921915222626332742e+00 2.045947165950616764e+00 0.000000000000000000e+00
2.620322982440576265e+00 1.974555090227817500e+00 0.000000000000000000e+00
2.604375546878796133e+00 2.034761276436349853e+00 0.000000000000000000e+00
2.557056348081111263e+00 2.145625136755099582e+00 0.000000000000000000e+00
2.532805261610659997e+00 2.201734122980767427e+00 0.000000000000000000e+00
2.526692426849527884e+00 2.275044181680828448e+00 0.000000000000000000e+00
2.503423740131756503e+00 2.334480508226163042e+00 0.000000000000000000e+00
2.496109074747324019e+00 2.410464620258728097e+00 0.000000000000000000e+00
3.138737220001403205e+00 6.435365294893466981e+00 0.000000000000000000e+00
1.623571700861583977e+00 6.059252508758121714e+00 0.000000000000000000e+00
5.754994896917491332e-01 2.707512458767034502e+00 0.000000000000000000e+00
5.308061282779801271e-01 3.776882315465361462e+00 0.000000000000000000e+00
4.741935545757408055e-01 3.861997116147240394e+00 0.000000000000000000e+00
4.123647155516600438e-01 3.923388817674546392e+00 0.000000000000000000e+00
4.913839862293954419e-01 5.616545727323947190e+00 0.000000000000000000e+00
3.914034871293443074e-01 5.597331953279125472e+00 0.000000000000000000e+00
1.947390994768816441e-01 5.576600741643113146e+00 0.000000000000000000e+00
-9.532512748994975693e-02 5.461168002658402187e+00 0.000000000000000000e+00
-1.878989675304669760e-01 5.380720034388954076e+00 0.000000000000000000e+00
-2.793170747750660654e-01 5.329685716028002673e+00 0.000000000000000000e+00
-3.731274577324305008e-01 5.335970076324299427e+00 0.000000000000000000e+00
-4.610539553628369425e-01 5.269869907943583343e+00 0.000000000000000000e+00
-6.435920969677042525e-01 5.241636353581837326e+00 0.000000000000000000e+00
-7.248136110449507896e-01 5.157316272682001213e+00 0.000000000000000000e+00
-8.220632072333332596e-01 5.190302330894348337e+00 0.000000000000000000e+00
-8.908152441531395072e-01 5.052063872809627654e+00 0.000000000000000000e+00
-1.399135343410505605e+00 4.879364554890400107e+00 0.000000000000000000e+00
-1.479108523836752509e+00 4.837945755080548693e+00 0.000000000000000000e+00
-1.562080917643295264e+00 4.807590505777108447e+00 0.000000000000000000e+00
-1.643793605335049035e+00 4.773923064513517112e+00 0.000000000000000000e+00
-2.249282429093099278e+00 4.611712261707543448e+00 0.000000000000000000e+00
-2.327155324121739532e+00 4.567299350201888153e+00 0.000000000000000000e+00
-2.417778647622699228e+00 4.547180158448123954e+00 0.000000000000000000e+00
-2.516162010614137134e+00 4.539276300280760346e+00 0.000000000000000000e+00
-2.722491200527598298e+00 4.530986127063296287e+00 0.000000000000000000e+00
-2.813060644068733573e+00 4.331733419629301807e+00 0.000000000000000000e+00
-2.973787820333318788e+00 4.408821644789703953e+00 0.000000000000000000e+00
-3.057162410190998880e+00 4.366080299813748233e+00 0.000000000000000000e+00
-3.155231299599992489e+00 4.342803216087652629e+00 0.000000000000000000e+00
-3.290724554596777818e+00 4.366938881708311904e+00 0.000000000000000000e+00
-1.573015131967301583e+00 2.013367511342924132e+00 0.000000000000000000e+00
-2.832122303216236148e+00 2.932748439691293285e+00 0.000000000000000000e+00
-4.117482794369550447e+00 4.117482714591423232e+00 0.000000000000000000e+00
-2.777519594310358109e+00 2.249190978536704577e+00 0.000000000000000000e+00
-2.809258400884069307e+00 2.194833170207739936e+00 0.000000000000000000e+00
-2.317381143694701606e+00 1.622647716932014816e+00 0.000000000000000000e+00
-2.311356853619101148e+00 1.559029855650325258e+00 0.000000000000000000e+00
-8.938427147621260671e-01 5.585349080262822508e-01 0.000000000000000000e+00
-8.811679867964962165e-01 5.294591326653518282e-01 0.000000000000000000e+00
-8.729536249156264471e-01 5.040000014196369671e-01 0.000000000000000000e+00
-8.632496445378995409e-01 4.785070831393750113e-01 0.000000000000000000e+00
-8.529273961568137885e-01 4.535095329746461901e-01 0.000000000000000000e+00
-8.437832053175895464e-01 4.299290092552854881e-01 0.000000000000000000e+00
-8.437725472929912263e-01 3.934575933696632943e-01 0.000000000000000000e+00
-8.368076495932111891e-01 3.725707628175719544e-01 0.000000000000000000e+00
-8.321363754075775665e-01 3.532209284194907650e-01 0.000000000000000000e+00
-8.251936194941201785e-01 3.333998573531326004e-01 0.000000000000000000e+00
-8.234179653621359618e-01 3.160805366175947206e-01 0.000000000000000000e+00
-8.438439771953892832e-01 3.071340840360534674e-01 0.000000000000000000e+00
-8.698771071802312571e-01 2.995227021647370313e-01 0.000000000000000000e+00
-9.094458008498251811e-01 2.780454785741327539e-01 0.000000000000000000e+00
-9.516490897199305632e-01 2.728809793994068644e-01 0.000000000000000000e+00
-9.910399213763717574e-01 2.655483406178026362e-01 0.000000000000000000e+00
