-6.940769452599550249e+00 -2.423773715459172085e-01 0.000000000000000000e+00
-6.951026212372181767e+00 -4.860634641353735463e-01 0.000000000000000000e+00
-6.846846273482171341e+00 -5.990217858332057554e-01 0.000000000000000000e+00
-6.871151658262657058e+00 -7.221874979623418289e-01 0.000000000000000000e+00
-6.843605653504214459e+00 -8.402894717308844186e-01 0.000000000000000000e+00
-6.803141469979816947e+00 -9.561195359486414080e-01 0.000000000000000000e+00
-6.756168883224733968e+00 -1.684502456080910093e+00 0.000000000000000000e+00
-6.666906288940352532e+00 -2.166209533588793423e+00 0.000000000000000000e+00
-1.459387358902839216e+00 -5.896308503434687376e-01 0.000000000000000000e+00
-1.431384968963515636e+00 -6.075869546816533573e-01 0.000000000000000000e+00
-1.456046324662673808e+00 -7.101613308860479368e-01 0.000000000000000000e+00
-2.628074854942909599e+00 -1.579106856184821384e+00 0.000000000000000000e+00
-4.172385865990752229e+00 -2.709579346757474472e+00 0.000000000000000000e+00
-3.971918790661908449e+00 -2.679093328043352429e+00 0.000000000000000000e+00
-3.820525035500391908e+00 -2.675160700475056608e+00 0.000000000000000000e+00
-3.594462252580879369e+00 -2.611529952169880708e+00 0.000000000000000000e+00
-3.398690414457125719e+00 -2.655348227760901292e+00 0.000000000000000000e+00
-3.257795678243696091e+00 -2.638111177191174495e+00 0.000000000000000000e+00
-3.121630836835304734e+00 -2.619359533174057564e+00 0.000000000000000000e+00
-2.962989780835114217e+00 -2.575687963867088648e+00 0.000000000000000000e+00
-2.832867982794370576e+00 -2.550726027692792108e+00 0.000000000000000000e+00
-2.692112854835390756e+00 -2.510436084568643533e+00 0.000000000000000000e+00
-2.584587740340225093e+00 -2.495907599746426619e+00 0.000000000000000000e+00
-2.210138262548877908e+00 -2.454607439901174359e+00 0.000000000000000000e+00
-2.155153853365324945e+00 -2.479221134193604126e+00 0.000000000000000000e+00
-2.068490374084619887e+00 -2.465131062427638131e+00 0.000000000000000000e+00
-1.964738137549678409e+00 -2.426249764524149199e+00 0.000000000000000000e+00
-1.906087790215839295e+00 -2.439681344838529942e+00 0.000000000000000000e+00
-1.819888478596521253e+00 -2.415073808117009779e+00 0.000000000000000000e+00
-1.742195372100784123e+00 -2.397926438880741085e+00 0.000000000000000000e+00
-1.682611370221967828e+00 -2.494574183220004127e+00 0.000000000000000000e+00
3.223124253717417620e+00 -3.456377360562899792e+00 0.000000000000000000e+00
4.878171173660503790e+00 -4.093271355424604963e+00 0.000000000000000000e+00
4.855722530493086886e+00 -3.793705960725121340e+00 0.000000000000000000e+00
4.773444750933133029e+00 -3.597048378468689300e+00 0.000000000000000000e+00
4.785335604927515085e+00 -3.476749587895902049e+00 0.000000000000000000e+00
4.834947045822749701e+00 -3.261212732006522064e+00 0.000000000000000000e+00
4.738892704820815815e+00 -2.961188600620098477e+00 0.000000000000000000e+00
4.766707340056963282e+00 -2.864126514616095243e+00 0.000000000000000000e+00
4.495557262961439093e+00 -2.001550881936030368e+00 0.000000000000000000e+00
4.562021976889616859e+00 -1.936463273015080366e+00 0.000000000000000000e+00
4.512927938285741014e+00 -1.732350568844056804e+00 0.000000000000000000e+00
4.456962178774912076e+00 -1.622201413653598934e+00 0.000000000000000000e+00
4.462847525332885645e+00 -1.536681484576214451e+00 0.000000000000000000e+00
4.482200239290672350e+00 -1.370345985390975185e+00 0.000000000000000000e+00
4.479479395061905400e+00 -1.284469901203104225e+00 0.000000000000000000e+00
4.505083212754263933e+00 -1.123243257325830635e+00 0.000000000000000000e+00
4.460353031403227142e+00 -9.480771663749010258e-01 0.000000000000000000e+00
4.432046627556159635e+00 -8.615024582280781384e-01 0.000000000000000000e+00
4.474031277482432678e+00 -6.287839578152951692e-01 0.000000000000000000e+00
1.457057809731548970e+00 -1.789041606548249508e-01 0.000000000000000000e+00
1.413215621382625242e+00 -1.485349060708945901e-01 0.000000000000000000e+00
1.425519050638654583e+00 -9.968196177791857626e-02 0.000000000000000000e+00
1.457999161002247579e+00 -7.641045678376762185e-02 0.000000000000000000e+00
1.500085679534997940e+00 -5.238410386377720385e-02 0.000000000000000000e+00
1.542764977218818334e+00 -2.692901952020132494e-02 0.000000000000000000e+00
1.514999985694884588e+00 4.232861061659320305e-08 0.000000000000000000e+00
1.583758739777317848e+00 2.764465568244634658e-02 0.000000000000000000e+00
2.238927516544654051e+00 1.173372809339233297e-01 0.000000000000000000e+00
2.207609297979170826e+00 1.543711410063163536e-01 0.000000000000000000e+00
4.256936673431625628e+00 6.742326491297547797e-01 0.000000000000000000e+00
4.243536602862344687e+00 7.482501130422625213e-01 0.000000000000000000e+00
4.233758218904817738e+00 8.229593476300127719e-01 0.000000000000000000e+00
4.242226016174443615e+00 9.017130925131164876e-01 0.000000000000000000e+00
4.227791904846463389e+00 9.760627861195168009e-01 0.000000000000000000e+00
4.214964474320192167e+00 1.050908791048726032e+00 0.000000000000000000e+00
4.172837068230971447e+00 1.196541891243594335e+00 0.000000000000000000e+00
2.193642310930040473e+00 1.266500048577573923e+00 0.000000000000000000e+00
2.205491393997198291e+00 1.325192995544086649e+00 0.000000000000000000e+00
4.053074991107044056e+00 3.054211220676103178e+00 0.000000000000000000e+00
4.068499532560029053e+00 3.178660355636415691e+00 0.000000000000000000e+00
4.003321156970710781e+00 3.604606721729954000e+00 0.000000000000000000e+00
4.006355614772409979e+00 3.735987216936912159e+00 0.000000000000000000e+00
1.195736325513331089e+00 1.327999784836238817e+00 0.000000000000000000e+00
1.387481307486031046e+00 1.981528750150369778e+00 0.000000000000000000e+00
1.198493510396915429e+00 1.994628249278461496e+00 0.000000000000000000e+00
1.755499898703596573e+00 3.040615156466759395e+00 0.000000000000000000e+00
1.663381745197423323e+00 3.000820242946800498e+00 0.000000000000000000e+00
8.898213628896434191e-01 1.746372838680604112e+00 0.000000000000000000e+00
5.883011529471171563e-01 6.724314221795490099e+00 0.000000000000000000e+00
4.621365307476975048e-01 6.608861840509943519e+00 0.000000000000000000e+00
3.448938531644504257e-01 6.580968791990872369e+00 0.000000000000000000e+00
1.170880900152058979e-01 6.707978299276112999e+00 0.000000000000000000e+00
-1.052446370440758959e-07 6.672999858856199396e+00 0.000000000000000000e+00
-5.051067486402031070e-01 7.223361455286774202e+00 0.000000000000000000e+00
-6.380673113950809938e-01 7.293141473902298166e+00 0.000000000000000000e+00
-7.496782380872411000e-01 7.132710954077284171e+00 0.000000000000000000e+00
-4.720000126086744685e-01 3.844131145545845563e+00 0.000000000000000000e+00
-6.108766376436662870e-01 3.856922932874764953e+00 0.000000000000000000e+00
-1.113090869649230541e+00 2.899700740446664149e+00 0.000000000000000000e+00
-1.155286812129094676e+00 2.859435095270241423e+00 0.000000000000000000e+00
-1.190948553169692170e+00 2.805698867785010098e+00 0.000000000000000000e+00
-1.238513144044070424e+00 2.781745972704948944e+00 0.000000000000000000e+00
-1.302086936910705095e+00 2.792334356971129417e+00 0.000000000000000000e+00
-1.778280854895730068e+00 3.490072582975061621e+00 0.000000000000000000e+00
-1.877416855929617157e+00 3.530907465335275663e+00 0.000000000000000000e+00
-1.974144828795388884e+00 3.561451447431045025e+00 0.000000000000000000e+00
-2.047499936644163743e+00 3.546373822809970378e+00 0.000000000000000000e+00
-2.127622350071445290e+00 3.540958130529613612e+00 0.000000000000000000e+00
-1.683553557563225000e+00 2.694248821040708286e+00 0.000000000000000000e+00
-2.324005822120869702e+00 3.445480239419145274e+00 0.000000000000000000e+00
-2.421639822471223891e+00 3.458460004248028241e+00 0.000000000000000000e+00
-2.518659754186379107e+00 3.466637669985660253e+00 0.000000000000000000e+00
-2.490912379693028367e+00 3.305552300515451680e+00 0.000000000000000000e+00
-2.488503604406505421e+00 3.185139295326226971e+00 0.000000000000000000e+00
-2.446797719326736065e+00 3.021543481349679539e+00 0.000000000000000000e+00
-2.369315228451164934e+00 2.823639876065101362e+00 0.000000000000000000e+00
-2.111854105490399647e+00 2.429410193429140108e+00 0.000000000000000000e+00
-2.350166441514344839e+00 2.520244904913616857e+00 0.000000000000000000e+00
-2.410464589886161413e+00 2.496109104077770979e+00 0.000000000000000000e+00
-2.387899689286558047e+00 2.387899643019900875e+00 0.000000000000000000e+00
-2.365189362165597053e+00 2.284036773673157494e+00 0.000000000000000000e+00
-2.349108032113177646e+00 2.190578637553132868e+00 0.000000000000000000e+00
-2.317125607883264049e+00 2.086349229539300687e+00 0.000000000000000000e+00
-2.310920780367359484e+00 2.008852749406430327e+00 0.000000000000000000e+00
-2.333769355335762796e+00 1.889849126810548396e+00 0.000000000000000000e+00
-2.318327583805426695e+00 1.811275986125883142e+00 0.000000000000000000e+00
-2.304862031443065451e+00 1.736838087622404769e+00 0.000000000000000000e+00
-2.295181140755066629e+00 1.667546678529179704e+00 0.000000000000000000e+00
-2.282976712323906643e+00 1.598557475165760522e+00 0.000000000000000000e+00
-2.245033713040429646e+00 1.514294333257606207e+00 0.000000000000000000e+00
-2.241766521441291182e+00 1.455820175494211055e+00 0.000000000000000000e+00
-2.251567682189650643e+00 1.406935613522810158e+00 0.000000000000000000e+00
-2.244064029907255620e+00 1.348369678339900846e+00 0.000000000000000000e+00
-2.301999052101065590e+00 1.276018888371666771e+00 0.000000000000000000e+00
-2.391905136129736320e+00 1.271798497848249054e+00 0.000000000000000000e+00
-2.492145196185688416e+00 1.269811378520094403e+00 0.000000000000000000e+00
-2.590324422999145337e+00 1.263385613227736348e+00 0.000000000000000000e+00
-2.700797231451002922e+00 1.259402409186426652e+00 0.000000000000000000e+00
-2.817374301022503857e+00 1.254375832946608371e+00 0.000000000000000000e+00
-2.941954468550974866e+00 1.188626737995875926e+00 0.000000000000000000e+00
-3.105088483060614468e+00 1.191931771295845932e+00 0.000000000000000000e+00
-3.259793803983284111e+00 1.186467891209449510e+00 0.000000000000000000e+00
-3.385902111178846763e+00 1.165859569397142081e+00 0.000000000000000000e+00
-3.528419718656475190e+00 1.146453039616844194e+00 0.000000000000000000e+00
-3.866340346919993731e+00 1.182058844062290115e+00 0.000000000000000000e+00
-3.995003746935172906e+00 1.145548865589524512e+00 0.000000000000000000e+00
-1.479848616087333424e+00 1.555383504972028541e-01 0.000000000000000000e+00
-6.989931271753135889e+00 4.887835804261907446e-01 0.000000000000000000e+00
-6.986412039946992003e+00 3.661423120820385679e-01 0.000000000000000000e+00
