-6.916579598019295005e+00 -6.051226648259321328e-01 0.000000000000000000e+00
-6.844299616552358856e+00 -7.193652332558684304e-01 0.000000000000000000e+00
-6.839635283395780085e+00 -8.398019713736298852e-01 0.000000000000000000e+00
-6.838791369517828400e+00 -9.611298044478794322e-01 0.000000000000000000e+00
-6.756168883224733968e+00 -1.684502456080910093e+00 0.000000000000000000e+00
-6.708752462972283226e+00 -2.179806182049647933e+00 0.000000000000000000e+00
-1.441770816500014041e+00 -5.825133041938990175e-01 0.000000000000000000e+00
-1.429543982997301343e+00 -6.068055023951773874e-01 0.000000000000000000e+00
-1.453349923730452797e+00 -7.088462081168104278e-01 0.000000000000000000e+00
-2.627217749793812285e+00 -1.578591855398270294e+00 0.000000000000000000e+00
-3.817248274316284551e+00 -2.672866287360860404e+00 0.000000000000000000e+00
-3.647048401696284969e+00 -2.649736029695259898e+00 0.000000000000000000e+00
-3.385294075826006832e+00 -2.644881859923656542e+00 0.000000000000000000e+00
-3.256241499033847298e+00 -2.636852627561361295e+00 0.000000000000000000e+00
-3.122397191004415706e+00 -2.620002580735915743e+00 0.000000000000000000e+00
-2.953933202902605970e+00 -2.567815200037301793e+00 0.000000000000000000e+00
-2.835840523700783766e+00 -2.553402515797575489e+00 0.000000000000000000e+00
-2.689187477819215299e+00 -2.507708126114307934e+00 0.000000000000000000e+00
-2.588184521502915114e+00 -2.499380971262690654e+00 0.000000000000000000e+00
-2.218167885572548848e+00 -2.463525240541743155e+00 0.000000000000000000e+00
-2.151873483312644719e+00 -2.475447499773081539e+00 0.000000000000000000e+00
-2.069133268323179564e+00 -2.465897234016921402e+00 0.000000000000000000e+00
-1.965996837077576220e+00 -2.427804129136309719e+00 0.000000000000000000e+00
-1.903625176162738741e+00 -2.436529342293984879e+00 0.000000000000000000e+00
-1.816277563420605867e+00 -2.410281961381758098e+00 0.000000000000000000e+00
-1.739844261507161649e+00 -2.394690412460591666e+00 0.000000000000000000e+00
-1.682611370221967828e+00 -2.494574183220004127e+00 0.000000000000000000e+00
3.214258266905698935e+00 -3.446869754376222339e+00 0.000000000000000000e+00
4.762737235116315304e+00 -3.721057890923895606e+00 0.000000000000000000e+00
4.731915666821139510e+00 -3.565753971083930995e+00 0.000000000000000000e+00
4.723850524834175779e+00 -3.432078065452179416e+00 0.000000000000000000e+00
4.812563071985377583e+00 -3.246114552072078663e+00 0.000000000000000000e+00
4.760093988528357301e+00 -2.974436632078885978e+00 0.000000000000000000e+00
1.742938557495427476e+00 -9.267367988988077787e-01 0.000000000000000000e+00
4.571381704273707491e+00 -2.035310095422480536e+00 0.000000000000000000e+00
4.566624606560960586e+00 -1.938416973230247420e+00 0.000000000000000000e+00
4.531147631674714127e+00 -1.830702313385591307e+00 0.000000000000000000e+00
4.512927938285741014e+00 -1.732350568844056804e+00 0.000000000000000000e+00
4.458841427821014669e+00 -1.622885404303937573e+00 0.000000000000000000e+00
4.500399359798778143e+00 -1.462268241789799417e+00 0.000000000000000000e+00
4.497501374536467367e+00 -1.375024011390839629e+00 0.000000000000000000e+00
4.461215371344511738e+00 -1.279232777271757771e+00 0.000000000000000000e+00
4.500231623045263696e+00 -1.122033620306803314e+00 0.000000000000000000e+00
4.551282607533059910e+00 -1.050746240537636211e+00 0.000000000000000000e+00
4.448615178031252171e+00 -9.455822089834396982e-01 0.000000000000000000e+00
4.420267018905976286e+00 -8.592127346168685342e-01 0.000000000000000000e+00
4.537440122009296140e+00 -7.186597786160630053e-01 0.000000000000000000e+00
4.409663796088103105e+00 -6.197377001573685096e-01 0.000000000000000000e+00
1.456065217194664418e+00 -1.787822856451324327e-01 0.000000000000000000e+00
1.409237585005430615e+00 -1.481167977152459958e-01 0.000000000000000000e+00
1.427514153056664847e+00 -9.982147287241151246e-02 0.000000000000000000e+00
1.457999161002247579e+00 -7.641045678376762185e-02 0.000000000000000000e+00
1.502084435457484268e+00 -5.245390190216280002e-02 0.000000000000000000e+00
1.542764977218818334e+00 -2.692901952020132494e-02 0.000000000000000000e+00
1.514999985694884588e+00 4.232861061659320305e-08 0.000000000000000000e+00
1.571760602721839595e+00 2.743522708742174646e-02 0.000000000000000000e+00
2.234932811747401882e+00 1.171279272163154028e-01 0.000000000000000000e+00
2.203619093158742270e+00 1.540921185943603944e-01 0.000000000000000000e+00
4.259899994646645816e+00 6.747019931830724460e-01 0.000000000000000000e+00
4.247476017936353543e+00 7.489447383160162675e-01 0.000000000000000000e+00
4.244555803319937759e+00 8.250581857229791760e-01 0.000000000000000000e+00
4.251029639307422947e+00 9.035843606186562127e-01 0.000000000000000000e+00
4.231689102595609597e+00 9.769625252217959410e-01 0.000000000000000000e+00
4.199845511446569368e+00 1.125345329765939040e+00 0.000000000000000000e+00
4.177643486682807605e+00 1.197920109690764123e+00 0.000000000000000000e+00
3.334068524751540252e+00 1.415228221975494138e+00 0.000000000000000000e+00
2.191910179207550602e+00 1.265500001806162622e+00 0.000000000000000000e+00
2.204634288835567890e+00 1.324677994778394208e+00 0.000000000000000000e+00
1.903867850727781530e+00 1.189668732515681837e+00 0.000000000000000000e+00
1.866847514533361840e+00 1.307180766931489879e+00 0.000000000000000000e+00
4.049082103048329273e+00 3.051202363564258668e+00 0.000000000000000000e+00
4.062983481431230004e+00 3.174350743971855682e+00 0.000000000000000000e+00
4.000348438819632868e+00 3.601930074164338080e+00 0.000000000000000000e+00
4.048042543343463251e+00 3.774860908448609553e+00 0.000000000000000000e+00
1.203096786895106352e+00 1.336174405714380065e+00 0.000000000000000000e+00
1.398379290089869054e+00 1.997092682962748666e+00 0.000000000000000000e+00
1.263327518653138304e+00 2.021746740005674337e+00 0.000000000000000000e+00
1.738499939341740630e+00 3.011170361777137927e+00 0.000000000000000000e+00
1.663381745197423323e+00 3.000820242946800498e+00 0.000000000000000000e+00
5.949250067691417287e-01 6.800025231769557088e+00 0.000000000000000000e+00
4.690424184407626096e-01 6.707620658765889310e+00 0.000000000000000000e+00
3.469349566246866523e-01 6.619915378164543895e+00 0.000000000000000000e+00
2.305459674432529527e-01 6.601975753613364084e+00 0.000000000000000000e+00
1.171229922663991896e-01 6.709977849730562660e+00 0.000000000000000000e+00
-5.062925895268562959e-01 7.240319766328575213e+00 0.000000000000000000e+00
-6.280443776389650345e-01 7.178578836761273507e+00 0.000000000000000000e+00
-7.514552429504407494e-01 7.149618023549558110e+00 0.000000000000000000e+00
-4.774841430219666782e-01 3.888795798013662708e+00 0.000000000000000000e+00
-5.381824520008018364e-01 3.829366715912157826e+00 0.000000000000000000e+00
-1.123841898244806403e+00 2.927708126392591925e+00 0.000000000000000000e+00
-1.154537563907767517e+00 2.857580640916016268e+00 0.000000000000000000e+00
-1.190948553169692170e+00 2.805698867785010098e+00 0.000000000000000000e+00
-1.239326558393176070e+00 2.783572931183869059e+00 0.000000000000000000e+00
-1.292366715826282153e+00 2.771489276261092094e+00 0.000000000000000000e+00
-1.901359961689086386e+00 3.575937896697606533e+00 0.000000000000000000e+00
-1.976568932430504910e+00 3.565824646030296030e+00 0.000000000000000000e+00
-2.045000117791556882e+00 3.542044009664685689e+00 0.000000000000000000e+00
-2.125047100705831582e+00 3.536672195960913090e+00 0.000000000000000000e+00
-1.685143326503192096e+00 2.696792983103739161e+00 0.000000000000000000e+00
-2.294564196831837322e+00 3.533318926436368468e+00 0.000000000000000000e+00
-2.346373517298760092e+00 3.478641710446115809e+00 0.000000000000000000e+00
-2.522186490417516858e+00 3.471491805861156799e+00 0.000000000000000000e+00
-2.504152211674677719e+00 3.323122150592141999e+00 0.000000000000000000e+00
-2.505126433935244812e+00 3.206415546418547091e+00 0.000000000000000000e+00
-2.468823987314055390e+00 3.048743656472394203e+00 0.000000000000000000e+00
-2.438093422619780348e+00 2.905606534332521473e+00 0.000000000000000000e+00
-2.118414689600833789e+00 2.436957281966791289e+00 0.000000000000000000e+00
-2.186718770793724342e+00 2.428597183960112371e+00 0.000000000000000000e+00
-2.381538369013851408e+00 2.553887177665585817e+00 0.000000000000000000e+00
-2.405577257835040950e+00 2.405577211225872425e+00 0.000000000000000000e+00
-2.375260075558220940e+00 2.293761948364800407e+00 0.000000000000000000e+00
-2.354958960818712921e+00 2.196034716735946191e+00 0.000000000000000000e+00
-2.339419931572370270e+00 2.106423128379147247e+00 0.000000000000000000e+00
-2.327524447404558217e+00 2.023286096694347336e+00 0.000000000000000000e+00
-2.305027794991785228e+00 1.934147937233165138e+00 0.000000000000000000e+00
-2.291803364908386875e+00 1.855865738442032287e+00 0.000000000000000000e+00
-2.312848378978949349e+00 1.742856232045838505e+00 0.000000000000000000e+00
-2.301653386308398996e+00 1.672249040091602801e+00 0.000000000000000000e+00
-2.289530039647474258e+00 1.603146164276668451e+00 0.000000000000000000e+00
-2.272391946761018744e+00 1.532747694581485298e+00 0.000000000000000000e+00
-2.266087804876105505e+00 1.471614601354202634e+00 0.000000000000000000e+00
-2.256656006377317780e+00 1.410115151304155656e+00 0.000000000000000000e+00
-2.248349760161242106e+00 1.350944804827828305e+00 0.000000000000000000e+00
-2.273316694987555397e+00 1.312499982586992964e+00 0.000000000000000000e+00
-2.343980883297299034e+00 1.299289796987346479e+00 0.000000000000000000e+00
-2.481453255512175105e+00 1.264363562740151492e+00 0.000000000000000000e+00
-2.566955757142464822e+00 1.251987953544061005e+00 0.000000000000000000e+00
-2.668170138910916478e+00 1.244188146349057833e+00 0.000000000000000000e+00
-2.783572955196391696e+00 1.239326504460166900e+00 0.000000000000000000e+00
-2.908795424206306102e+00 1.234710380035096478e+00 0.000000000000000000e+00
-3.046726166583111794e+00 1.230957250924434643e+00 0.000000000000000000e+00
-3.215628091188341475e+00 1.170392886692431800e+00 0.000000000000000000e+00
-3.361318606519812846e+00 1.157394790081335056e+00 0.000000000000000000e+00
-3.504643215002637646e+00 1.138727585430860278e+00 0.000000000000000000e+00
-3.782185243698366506e+00 1.156330047549240403e+00 0.000000000000000000e+00
-3.950785705181967256e+00 1.132869546425472329e+00 0.000000000000000000e+00
-1.461947215323247784e+00 1.536568375396160369e-01 0.000000000000000000e+00
-6.964992075354291323e+00 4.870396620334535576e-01 0.000000000000000000e+00
-6.949463044291919189e+00 3.642058974215656719e-01 0.000000000000000000e+00
-6.945766058103724383e+00 2.425514685169088414e-01 0.000000000000000000e+00
-2.741582483278889537e+00 4.785448999793981417e-02 0.000000000000000000e+00
-6.945000171661376065e+00 -2.502803418212312331e-08 0.000000000000000000e+00
