-6.873743480806868256e+00 -6.013749879531318232e-01 0.000000000000000000e+00
-6.846288516167938987e+00 -7.195742751324724074e-01 0.000000000000000000e+00
-6.884299935663405812e+00 -8.452861034173558830e-01 0.000000000000000000e+00
-6.829878658535021962e+00 -9.598772041416048229e-01 0.000000000000000000e+00
-6.774492656221831055e+00 -1.194526191610784549e+00 0.000000000000000000e+00
-6.849317460547718284e+00 -1.707727009817364028e+00 0.000000000000000000e+00
-6.670710239216484538e+00 -2.167445512166612076e+00 0.000000000000000000e+00
-1.436908036594886307e+00 -6.099313581198668732e-01 0.000000000000000000e+00
-1.480906839257589480e+00 -6.905582883147852735e-01 0.000000000000000000e+00
-2.695936934247376460e+00 -1.556500088035380758e+00 0.000000000000000000e+00
-3.979380378414602237e+00 -2.684126233049328292e+00 0.000000000000000000e+00
-3.830354928450594443e+00 -2.682043666315067743e+00 0.000000000000000000e+00
-3.601743649085690446e+00 -2.616820196921313624e+00 0.000000000000000000e+00
-3.433333764780955200e+00 -2.587202818273844240e+00 0.000000000000000000e+00
-3.266344405041979204e+00 -2.645033800321874740e+00 0.000000000000000000e+00
-3.121630836835304734e+00 -2.619359533174057564e+00 0.000000000000000000e+00
-2.966008580167024622e+00 -2.578312166338127209e+00 0.000000000000000000e+00
-2.829895441887956942e+00 -2.548049539588009171e+00 0.000000000000000000e+00
-2.692844155497358560e+00 -2.511118033531955618e+00 0.000000000000000000e+00
-2.580271671546582990e+00 -2.491739620174697745e+00 0.000000000000000000e+00
-1.338606647831489305e+00 -1.386167889832781164e+00 0.000000000000000000e+00
-2.210807344623130444e+00 -2.455350530894708339e+00 0.000000000000000000e+00
-2.153841674060922085e+00 -2.477711644438036487e+00 0.000000000000000000e+00
-2.067847633098560234e+00 -2.464365073477589707e+00 0.000000000000000000e+00
-1.963479438021780377e+00 -2.424695399911988680e+00 0.000000000000000000e+00
-1.907319170634952377e+00 -2.441257440049007688e+00 0.000000000000000000e+00
-1.820490393448423116e+00 -2.415872576179252107e+00 0.000000000000000000e+00
-1.742783114714460790e+00 -2.398735397264605940e+00 0.000000000000000000e+00
-1.682052084563468553e+00 -2.493745008052506318e+00 0.000000000000000000e+00
-1.658970388877273106e+00 -2.554590627100068900e+00 0.000000000000000000e+00
2.127096016090094022e+00 -3.404064930100984210e+00 0.000000000000000000e+00
3.160973089991969687e+00 -3.510616029716018272e+00 0.000000000000000000e+00
3.207438452159392384e+00 -3.439556398936952419e+00 0.000000000000000000e+00
4.762737235116315304e+00 -3.721057890923895606e+00 0.000000000000000000e+00
4.727123820129825127e+00 -3.562143055849708695e+00 0.000000000000000000e+00
4.800231198716709891e+00 -3.361157836766309526e+00 0.000000000000000000e+00
4.805930856647624871e+00 -3.241641066655196024e+00 0.000000000000000000e+00
4.737196731526085891e+00 -2.960128838962654108e+00 0.000000000000000000e+00
1.711152431827695830e+00 -9.098358173788174685e-01 0.000000000000000000e+00
4.577776494686797371e+00 -2.038157239311976010e+00 0.000000000000000000e+00
4.598842136398517688e+00 -1.952092502106202554e+00 0.000000000000000000e+00
4.525584489571646607e+00 -1.828454658277956835e+00 0.000000000000000000e+00
4.520396485630137740e+00 -1.735217475299784207e+00 0.000000000000000000e+00
4.525559697841663009e+00 -1.647168866357853423e+00 0.000000000000000000e+00
4.514665534203339270e+00 -1.466903602364678649e+00 0.000000000000000000e+00
4.511845818328063196e+00 -1.379409547492098431e+00 0.000000000000000000e+00
4.494409807929075740e+00 -1.120582078955437710e+00 0.000000000000000000e+00
4.520102702058402144e+00 -1.043547793136547774e+00 0.000000000000000000e+00
4.463287727954783790e+00 -9.487009552927693212e-01 0.000000000000000000e+00
4.477920808453194290e+00 -7.895781207622651898e-01 0.000000000000000000e+00
4.433732826929233539e+00 -7.022341598268271312e-01 0.000000000000000000e+00
4.406692734994804184e+00 -6.193201448392914310e-01 0.000000000000000000e+00
1.456065217194664418e+00 -1.787822856451324327e-01 0.000000000000000000e+00
1.412221053010202176e+00 -1.484303727516022298e-01 0.000000000000000000e+00
1.427514153056664847e+00 -9.982147287241151246e-02 0.000000000000000000e+00
1.451008665678418685e+00 -7.604410064644899492e-02 0.000000000000000000e+00
1.511078896677008121e+00 -5.276799515506840760e-02 0.000000000000000000e+00
1.542764977218818334e+00 -2.692901952020132494e-02 0.000000000000000000e+00
1.514000058174132635e+00 4.230067296440153561e-08 0.000000000000000000e+00
1.571760602721839595e+00 2.743522708742174646e-02 0.000000000000000000e+00
2.235931606992632048e+00 1.171802718846528257e-01 0.000000000000000000e+00
2.205614076650054933e+00 1.542316214847154476e-01 0.000000000000000000e+00
4.249035268469071980e+00 6.729811893105379639e-01 0.000000000000000000e+00
4.238612451418065419e+00 7.473818521505491974e-01 0.000000000000000000e+00
4.231794638766902317e+00 8.225776662618839996e-01 0.000000000000000000e+00
4.242226016174443615e+00 9.017130925131164876e-01 0.000000000000000000e+00
4.225842841356040935e+00 9.756128093033435977e-01 0.000000000000000000e+00
4.195015771807218741e+00 1.124051204795790682e+00 0.000000000000000000e+00
4.179565870717425469e+00 1.198471344495973812e+00 0.000000000000000000e+00
2.193642310930040473e+00 1.266500048577573923e+00 0.000000000000000000e+00
2.181490814554696289e+00 1.310771991747486487e+00 0.000000000000000000e+00
4.045088834170533332e+00 3.048193219484640171e+00 0.000000000000000000e+00
4.061407198428143239e+00 3.173119216660355235e+00 0.000000000000000000e+00
4.037505821092340241e+00 3.635386732935987020e+00 0.000000000000000000e+00
4.064863853896888202e+00 3.790547035004125487e+00 0.000000000000000000e+00
1.197074649231168353e+00 1.329486143970277867e+00 0.000000000000000000e+00
1.396085013949923015e+00 1.993816116923581738e+00 0.000000000000000000e+00
1.249019725258293523e+00 1.998849483177498998e+00 0.000000000000000000e+00
1.734999954720728210e+00 3.005108210310248218e+00 0.000000000000000000e+00
1.663866519661810761e+00 3.001694799271707570e+00 0.000000000000000000e+00
5.903929050086172969e-01 6.748223061792069544e+00 0.000000000000000000e+00
4.666707044748317768e-01 6.673703560931868672e+00 0.000000000000000000e+00
3.460975674084323384e-01 6.603937035122600108e+00 0.000000000000000000e+00
2.339312213284491238e-01 6.698916785884473590e+00 0.000000000000000000e+00
1.172800607187173688e-01 6.718976303540119766e+00 0.000000000000000000e+00
-5.068506342536628351e-01 7.248300175976223336e+00 0.000000000000000000e+00
-6.295260428099130889e-01 7.195514344215887981e+00 0.000000000000000000e+00
-7.525005018135103585e-01 7.159562995890605741e+00 0.000000000000000000e+00
-4.769966718655654359e-01 3.884825664528876121e+00 0.000000000000000000e+00
-5.401308671234500425e-01 3.843230408404751053e+00 0.000000000000000000e+00
-1.126708890468574698e+00 2.935176896194590324e+00 0.000000000000000000e+00
-1.156785219258574360e+00 2.863143782920835712e+00 0.000000000000000000e+00
-1.193683659226537852e+00 2.812142373632966041e+00 0.000000000000000000e+00
-1.238106339895942432e+00 2.780832275659280484e+00 0.000000000000000000e+00
-1.292789303468198980e+00 2.772395518354385135e+00 0.000000000000000000e+00
-1.873191582219579265e+00 3.522960881475256656e+00 0.000000000000000000e+00
-1.976568932430504910e+00 3.565824646030296030e+00 0.000000000000000000e+00
-2.046999972873642548e+00 3.545507860180913351e+00 0.000000000000000000e+00
-2.123502098440041230e+00 3.534100880457222704e+00 0.000000000000000000e+00
-1.687262976308947948e+00 2.700185131790973969e+00 0.000000000000000000e+00
-2.296742854813859758e+00 3.536673765447951201e+00 0.000000000000000000e+00
-2.400417391154673119e+00 3.428151231977223379e+00 0.000000000000000000e+00
-2.522774233076397810e+00 3.472300764212179036e+00 0.000000000000000000e+00
-2.520401474655125096e+00 3.344685650402327237e+00 0.000000000000000000e+00
-2.506973578088589338e+00 3.208779783069252378e+00 0.000000000000000000e+00
-2.465677313298006101e+00 3.044857837760848618e+00 0.000000000000000000e+00
-2.432308293602487126e+00 2.898712086187650083e+00 0.000000000000000000e+00
-2.117102510212081512e+00 2.435447792284547219e+00 0.000000000000000000e+00
-2.167983195286637077e+00 2.407789219751770737e+00 0.000000000000000000e+00
-2.376764238654290207e+00 2.548767549752626316e+00 0.000000000000000000e+00
-2.408405648572310653e+00 2.408405601908341076e+00 0.000000000000000000e+00
-2.373821328714714074e+00 2.292372566714797166e+00 0.000000000000000000e+00
-2.353496185050251377e+00 2.194670656289973376e+00 0.000000000000000000e+00
-2.341649381659234752e+00 2.108430534216448660e+00 0.000000000000000000e+00
-2.326769612582330726e+00 2.022629928806264576e+00 0.000000000000000000e+00
-2.305793783918371087e+00 1.934790678247185980e+00 0.000000000000000000e+00
-2.292580639834512102e+00 1.856495163255187375e+00 0.000000000000000000e+00
-2.313647147019219474e+00 1.743458146926898600e+00 0.000000000000000000e+00
-2.300035276698895181e+00 1.671073414666266244e+00 0.000000000000000000e+00
-2.288710751668860954e+00 1.602572492668256743e+00 0.000000000000000000e+00
-2.271562969271898158e+00 1.532188542214693916e+00 0.000000000000000000e+00
-2.265249195089980017e+00 1.471070001800978799e+00 0.000000000000000000e+00
-2.255808019742847836e+00 1.409585270454796868e+00 0.000000000000000000e+00
-2.249207069703727857e+00 1.351459928361129270e+00 0.000000000000000000e+00
-2.272450732348811453e+00 1.312000018833250126e+00 0.000000000000000000e+00
-2.361473260830999177e+00 1.308985980013641415e+00 0.000000000000000000e+00
-2.481453255512175105e+00 1.264363562740151492e+00 0.000000000000000000e+00
-2.566057028236961912e+00 1.251549614176481029e+00 0.000000000000000000e+00
-2.667263896809435764e+00 1.243765558724700071e+00 0.000000000000000000e+00
-2.787227307798173737e+00 1.240953527034724058e+00 0.000000000000000000e+00
-2.904192794582507453e+00 1.232756679707920133e+00 0.000000000000000000e+00
-3.046726166583111794e+00 1.230957250924434643e+00 0.000000000000000000e+00
-3.223145759426710111e+00 1.173129094108585013e+00 0.000000000000000000e+00
-3.367937207708138203e+00 1.159673757186129972e+00 0.000000000000000000e+00
-3.501790025494195380e+00 1.137800527981526644e+00 0.000000000000000000e+00
-3.784097942590066044e+00 1.156914818272480439e+00 0.000000000000000000e+00
-3.951746897207970122e+00 1.133145163797757871e+00 0.000000000000000000e+00
-1.464930801876636934e+00 1.539704251093410581e-01 0.000000000000000000e+00
-7.098665958754831529e+00 4.963870499830352334e-01 0.000000000000000000e+00
-6.972431287408999978e+00 3.654096119450243041e-01 0.000000000000000000e+00
-6.929776010737421998e+00 2.419930838206914292e-01 0.000000000000000000e+00
-2.741582483278889537e+00 4.785448999793981417e-02 0.000000000000000000e+00
-6.947000026702879971e+00 -2.503524115679567796e-08 0.000000000000000000e+00
