-4.475857436890370522e+00 -2.345699814553204865e-01 0.000000000000000000e+00
-4.435169850350805909e+00 -3.101375186376367221e-01 0.000000000000000000e+00
-4.359159958128441481e+00 -6.126402066873423147e-01 0.000000000000000000e+00
-4.350767312362524564e+00 -6.890940734684751767e-01 0.000000000000000000e+00
-4.360728664884964800e+00 -7.689143481363084343e-01 0.000000000000000000e+00
-4.332902378663908927e+00 -8.422311322042016490e-01 0.000000000000000000e+00
-1.447658452156251219e+00 -3.077093797044339607e-01 0.000000000000000000e+00
-1.397225883806463953e+00 -3.483676139025725371e-01 0.000000000000000000e+00
-1.410251724241826876e+00 -3.778758865846255088e-01 0.000000000000000000e+00
-1.417861004053325269e+00 -4.065651774542165531e-01 0.000000000000000000e+00
-1.473665614630092380e+00 -4.505448731368845716e-01 0.000000000000000000e+00
-1.483648086973382796e+00 -4.820665674908320431e-01 0.000000000000000000e+00
-1.457044108176061892e+00 -5.017006012378729674e-01 0.000000000000000000e+00
-1.490352437414841580e+00 -5.424440094513574007e-01 0.000000000000000000e+00
-4.032322481969631056e+00 -1.629164264990136113e+00 0.000000000000000000e+00
-4.038254785070381381e+00 -1.714137692018803838e+00 0.000000000000000000e+00
-3.975749960934026550e+00 -1.770118161797932022e+00 0.000000000000000000e+00
-3.937616660906969379e+00 -1.920504204477563981e+00 0.000000000000000000e+00
-3.915973559791947611e+00 -1.995288428111192447e+00 0.000000000000000000e+00
-3.891149998664343634e+00 -2.068961396324515700e+00 0.000000000000000000e+00
-3.861445870156015481e+00 -2.140434641613071953e+00 0.000000000000000000e+00
-3.840822509302607823e+00 -2.217500156592767002e+00 0.000000000000000000e+00
-3.802393924881322107e+00 -2.284709016336615939e+00 0.000000000000000000e+00
-3.755156834623320172e+00 -2.346482667931099719e+00 0.000000000000000000e+00
-3.708284983893957332e+00 -2.501270061762274732e+00 0.000000000000000000e+00
-3.668981959224114853e+00 -2.569049085365513463e+00 0.000000000000000000e+00
-2.967729513594128399e+00 -2.236344814537730930e+00 0.000000000000000000e+00
-2.875451078401650484e+00 -2.246548815558003565e+00 0.000000000000000000e+00
-1.711905440874331941e+00 -1.711905599025724145e+00 0.000000000000000000e+00
-1.822088753890557467e+00 -1.886828312977619548e+00 0.000000000000000000e+00
-1.851625397850950039e+00 -1.985625322152364314e+00 0.000000000000000000e+00
-1.540118970418672850e+00 -1.835442485679088964e+00 0.000000000000000000e+00
-3.260542986851115543e+00 -4.173305101631233249e+00 0.000000000000000000e+00
-1.163680405126387596e+00 -1.725227314828103875e+00 0.000000000000000000e+00
1.760273519080344018e+00 -2.710583307231398731e+00 0.000000000000000000e+00
1.782707049853986092e+00 -2.642971687956012783e+00 0.000000000000000000e+00
1.784396418647116400e+00 -2.548381996655935566e+00 0.000000000000000000e+00
2.778410185842880686e+00 -3.196195076973800120e+00 0.000000000000000000e+00
2.835775562026312535e+00 -3.149447610372353878e+00 0.000000000000000000e+00
3.037730838029521152e+00 -3.037730631320088914e+00 0.000000000000000000e+00
3.065107102057385902e+00 -2.959939321300397275e+00 0.000000000000000000e+00
2.690268809391598737e+00 -2.101868208912130775e+00 0.000000000000000000e+00
2.715061054631210169e+00 -1.972607186229785370e+00 0.000000000000000000e+00
2.856383234406582705e+00 -2.000060933669245422e+00 0.000000000000000000e+00
2.812095474614751733e+00 -1.896782214679039180e+00 0.000000000000000000e+00
2.750650015882775357e+00 -1.652757150982316237e+00 0.000000000000000000e+00
2.720185871616923379e+00 -1.570499929178307053e+00 0.000000000000000000e+00
2.702702723325113521e+00 -1.437052418984067881e+00 0.000000000000000000e+00
2.670346577280221290e+00 -1.360609433837896454e+00 0.000000000000000000e+00
2.619984650870458953e+00 -1.277851793756360488e+00 0.000000000000000000e+00
2.610166568504685092e+00 -1.217140560428488172e+00 0.000000000000000000e+00
2.588074266903837017e+00 -1.152284806628155245e+00 0.000000000000000000e+00
2.539672982086118580e+00 -1.078027129240515247e+00 0.000000000000000000e+00
2.542338256473168467e+00 -1.027171239135702407e+00 0.000000000000000000e+00
2.518799977712899985e+00 -9.668766339426233536e-01 0.000000000000000000e+00
2.550063650427611073e+00 -8.780572434660199876e-01 0.000000000000000000e+00
2.628720178934427665e+00 -8.541228737486266098e-01 0.000000000000000000e+00
2.704429940529359033e+00 -8.268271192547285153e-01 0.000000000000000000e+00
2.788620225989573598e+00 -7.996238915884787968e-01 0.000000000000000000e+00
2.894879704367749440e+00 -7.756805859892120791e-01 0.000000000000000000e+00
2.997243507805415152e+00 -7.472966428621861112e-01 0.000000000000000000e+00
3.100727988436675187e+00 -6.590799840907549667e-01 0.000000000000000000e+00
3.226608512407222573e+00 -6.271890615715869366e-01 0.000000000000000000e+00
3.361148983579520522e+00 -5.926611504711820633e-01 0.000000000000000000e+00
3.497404320933926503e+00 -5.539343214297270945e-01 0.000000000000000000e+00
3.621410406377212343e+00 -5.089559341383708135e-01 0.000000000000000000e+00
3.746861830391800208e+00 -4.600566747446683258e-01 0.000000000000000000e+00
4.025824504245561819e+00 -4.231310888079404808e-01 0.000000000000000000e+00
4.181788419493106090e+00 -2.924190127157539898e-01 0.000000000000000000e+00
1.500771436424299443e+00 2.619610460608007632e-02 0.000000000000000000e+00
6.982538116420006880e+00 7.338945204579715442e-01 0.000000000000000000e+00
6.524078204813291038e+00 2.246420462324616896e+00 0.000000000000000000e+00
6.458507459556336094e+00 2.350704657640908302e+00 0.000000000000000000e+00
6.418365370326194252e+00 2.463779814228027387e+00 0.000000000000000000e+00
2.479658132250947222e+00 1.156283650816753550e+00 0.000000000000000000e+00
1.276521407754235060e+00 7.370000190439487397e-01 0.000000000000000000e+00
1.262607458425231810e+00 7.586511398688162711e-01 0.000000000000000000e+00
1.295785675457401975e+00 8.740185181072201992e-01 0.000000000000000000e+00
3.296848422199263329e+00 3.413986629557305807e+00 0.000000000000000000e+00
3.058762665134517889e+00 3.280121515432531609e+00 0.000000000000000000e+00
2.912725569849808238e+00 3.234909609680860498e+00 0.000000000000000000e+00
2.769881232565807760e+00 3.186383998867911238e+00 0.000000000000000000e+00
2.634143589883592096e+00 3.139250221680895514e+00 0.000000000000000000e+00
2.535531667212922891e+00 3.131120980875721216e+00 0.000000000000000000e+00
2.349979734409348708e+00 3.007837026514768031e+00 0.000000000000000000e+00
2.154232866034376137e+00 2.965047297983627761e+00 0.000000000000000000e+00
2.050535727260806684e+00 2.928468639436927035e+00 0.000000000000000000e+00
1.015207109380736661e+00 1.563281927998335874e+00 0.000000000000000000e+00
1.750853140154099652e+00 2.801950860778438024e+00 0.000000000000000000e+00
1.660482686554105802e+00 2.763507390992658852e+00 0.000000000000000000e+00
1.577499931519456888e+00 2.732310155440915711e+00 0.000000000000000000e+00
1.449728160317845793e+00 2.726542247307893074e+00 0.000000000000000000e+00
1.366965305375279049e+00 2.682820597803732277e+00 0.000000000000000000e+00
1.291441390850431858e+00 2.647847374449557201e+00 0.000000000000000000e+00
1.221789358215664700e+00 2.620135865109265438e+00 0.000000000000000000e+00
1.155538786206364632e+00 2.595382740319823078e+00 0.000000000000000000e+00
1.111630022283846886e+00 2.618836355397071713e+00 0.000000000000000000e+00
1.090479747838918545e+00 2.699032233465405550e+00 0.000000000000000000e+00
1.071520120607529991e+00 2.791405504071908794e+00 0.000000000000000000e+00
9.955873918650344212e-01 2.891395905400230948e+00 0.000000000000000000e+00
9.712403241269113030e-01 2.989170541371610756e+00 0.000000000000000000e+00
9.420215429218563585e-01 3.081213829470929699e+00 0.000000000000000000e+00
9.209043702662241815e-01 3.211575419651627517e+00 0.000000000000000000e+00
8.885257455209835120e-01 3.316023462214306328e+00 0.000000000000000000e+00
8.510811411974966711e-01 3.413500270882044330e+00 0.000000000000000000e+00
8.188217992386527255e-01 3.546707152387123863e+00 0.000000000000000000e+00
7.092369742976525337e-01 3.648708260604844877e+00 0.000000000000000000e+00
6.470130594080339970e-01 3.669393768302505077e+00 0.000000000000000000e+00
5.858469908344876576e-01 3.698892732449497789e+00 0.000000000000000000e+00
5.252392102161811405e-01 3.737271630397606792e+00 0.000000000000000000e+00
4.648095992101439200e-01 3.785570922222242451e+00 0.000000000000000000e+00
4.009711182424484099e-01 3.814985963137765168e+00 0.000000000000000000e+00
3.378155890642075554e-01 3.861250583156456528e+00 0.000000000000000000e+00
2.036391445786293053e-01 3.885667555404870743e+00 0.000000000000000000e+00
1.365965685411903718e-01 3.911615733455400257e+00 0.000000000000000000e+00
6.947796577899408021e-02 3.980393622125146802e+00 0.000000000000000000e+00
-6.311839219287533365e-08 4.001999855041503018e+00 0.000000000000000000e+00
-7.042052039513185813e-02 4.034385296290257550e+00 0.000000000000000000e+00
-1.429484087378306012e-01 4.093505019685375501e+00 0.000000000000000000e+00
-2.161999008261288324e-01 4.125338646653156971e+00 0.000000000000000000e+00
-3.658798671956566273e-01 4.182025291463755678e+00 0.000000000000000000e+00
-4.428871607092724205e-01 4.213789252668154184e+00 0.000000000000000000e+00
-5.224539601103084241e-01 4.255045522295167970e+00 0.000000000000000000e+00
-6.013670459101756460e-01 4.278948414415069124e+00 0.000000000000000000e+00
-6.895631840720161110e-01 4.353730187771368776e+00 0.000000000000000000e+00
-7.732554103098050469e-01 4.385348980634621086e+00 0.000000000000000000e+00
-2.068721471259911682e-01 9.732568644672083824e-01 0.000000000000000000e+00
-2.392607734883890058e-01 9.596224917119138276e-01 0.000000000000000000e+00
-2.546779604785157081e-01 9.504710358218128041e-01 0.000000000000000000e+00
-2.706758944180991389e-01 9.439589753108171832e-01 0.000000000000000000e+00
-2.868166567851749837e-01 9.381349676633868873e-01 0.000000000000000000e+00
-3.031456858416687328e-01 9.329864443376404415e-01 0.000000000000000000e+00
-3.193823737870475910e-01 9.275537243073090909e-01 0.000000000000000000e+00
-3.365478424116358225e-01 9.246575599960011882e-01 0.000000000000000000e+00
-3.697367151256915063e-01 9.151304491150025200e-01 0.000000000000000000e+00
-3.860423569610090810e-01 9.094587679374188660e-01 0.000000000000000000e+00
-4.034827546893522410e-01 9.062370741162407706e-01 0.000000000000000000e+00
-4.226182729714141328e-01 9.063077817996815222e-01 0.000000000000000000e+00
-4.383711578051673330e-01 8.987940409262608066e-01 0.000000000000000000e+00
-4.567144726531632837e-01 8.963525951856359253e-01 0.000000000000000000e+00
-3.347355056952192154e+00 4.133639153006817502e+00 0.000000000000000000e+00
-2.696501148054007757e+00 2.514527952871951744e+00 0.000000000000000000e+00
-3.799227212961912237e+00 2.660247486690863639e+00 0.000000000000000000e+00
-3.859170095529069311e+00 2.603043051332407209e+00 0.000000000000000000e+00
-3.889754124102025479e+00 2.526035819260423310e+00 0.000000000000000000e+00
-3.927310788346921377e+00 2.454056103756161900e+00 0.000000000000000000e+00
-2.204350128596148650e+00 1.123172469973961585e+00 0.000000000000000000e+00
-5.496334674710928958e+00 2.333055607327263914e+00 0.000000000000000000e+00
-5.472239078216937891e+00 2.210928059766420706e+00 0.000000000000000000e+00
-5.449308863224319843e+00 2.091793648108521086e+00 0.000000000000000000e+00
-5.429543860657715548e+00 1.976192312137055263e+00 0.000000000000000000e+00
-5.336180474942430862e+00 1.631434058551787691e+00 0.000000000000000000e+00
-5.250411289223583466e+00 1.505531177752386762e+00 0.000000000000000000e+00
-5.178328421505335122e+00 1.387528887428663316e+00 0.000000000000000000e+00
-5.143537766780896803e+00 1.282427968910786031e+00 0.000000000000000000e+00
-4.869147915885049471e+00 6.843140891236474399e-01 0.000000000000000000e+00
-4.832707173392675415e+00 5.933818059363010766e-01 0.000000000000000000e+00
-4.790611884954558697e+00 5.035135772388722453e-01 0.000000000000000000e+00
-4.664156807335200661e+00 1.628759266506519254e-01 0.000000000000000000e+00
-4.657290556714190011e+00 8.129329163834858596e-02 0.000000000000000000e+00
-4.592000007629393643e+00 -1.654841329222961893e-08 0.000000000000000000e+00
