-7.256576938114564612e+00 -2.534056283950171240e-01 0.000000000000000000e+00
-4.502820384732347136e+00 -2.359830510770525025e-01 0.000000000000000000e+00
-3.986265981790301893e+00 -2.787470789025771056e-01 0.000000000000000000e+00
-4.097558848708623636e+00 -1.021636383561098427e+00 0.000000000000000000e+00
-3.075476124793449451e+00 -9.402675795135481129e-01 0.000000000000000000e+00
-3.018653357416725580e+00 -9.808200982640860044e-01 0.000000000000000000e+00
-2.986893053452073232e+00 -1.028469922318272722e+00 0.000000000000000000e+00
-2.972247806288769834e+00 -1.081809897209905280e+00 0.000000000000000000e+00
-3.792479811732577311e+00 -1.609812391121301145e+00 0.000000000000000000e+00
-3.796694964537450812e+00 -1.690397730634856321e+00 0.000000000000000000e+00
-3.820993615629411977e+00 -1.781758812184003116e+00 0.000000000000000000e+00
-3.817178419283999258e+00 -1.861762541858856590e+00 0.000000000000000000e+00
-2.998236888107478570e+00 -1.527678181743086450e+00 0.000000000000000000e+00
-3.811684582628754647e+00 -2.026708880184830530e+00 0.000000000000000000e+00
-3.714382883157103521e+00 -2.144500196272263626e+00 0.000000000000000000e+00
-3.799822609434030607e+00 -2.283164013976962448e+00 0.000000000000000000e+00
-3.598267990060786126e+00 -2.248447626847482894e+00 0.000000000000000000e+00
-3.467902882729666292e+00 -2.252082700259496306e+00 0.000000000000000000e+00
-3.369208694036636142e+00 -2.272560192872166596e+00 0.000000000000000000e+00
-2.728005194094416552e+00 -1.982011987728413027e+00 0.000000000000000000e+00
-2.777519468627013932e+00 -2.249191133742703297e+00 0.000000000000000000e+00
-2.678091307273776422e+00 -2.247185642082456525e+00 0.000000000000000000e+00
-2.572804794003362705e+00 -2.236505297506043988e+00 0.000000000000000000e+00
-2.462038676577209539e+00 -2.216829789342022572e+00 0.000000000000000000e+00
-2.364466444184503136e+00 -2.204900835256935920e+00 0.000000000000000000e+00
-2.277429626408281838e+00 -2.199288429531838229e+00 0.000000000000000000e+00
-2.194152188071130105e+00 -2.194152390774045447e+00 0.000000000000000000e+00
-2.078048853948870178e+00 -2.228434774042090005e+00 0.000000000000000000e+00
-1.996685606145788272e+00 -2.217544226548427755e+00 0.000000000000000000e+00
-1.922252897791218995e+00 -2.211299208187456067e+00 0.000000000000000000e+00
-1.853156511999671796e+00 -2.208506134959448364e+00 0.000000000000000000e+00
-1.781605983636268098e+00 -2.200100367402275658e+00 0.000000000000000000e+00
-1.722620768090397991e+00 -2.204854243185550899e+00 0.000000000000000000e+00
-1.656194900815269433e+00 -2.197845073001690075e+00 0.000000000000000000e+00
-1.620523822318018059e+00 -2.230459901685272417e+00 0.000000000000000000e+00
-1.586430102274361653e+00 -2.351979575708340597e+00 0.000000000000000000e+00
2.203404422809987384e+00 -3.526183898507753600e+00 0.000000000000000000e+00
2.221582743691576933e+00 -3.420937164259452601e+00 0.000000000000000000e+00
2.173023691427749426e+00 -3.221639861788626380e+00 0.000000000000000000e+00
2.121659277423652235e+00 -3.030043239900566121e+00 0.000000000000000000e+00
2.209606917519438163e+00 -2.541861812848341451e+00 0.000000000000000000e+00
2.129842860188452480e+00 -2.365429971367705608e+00 0.000000000000000000e+00
2.112831030995852011e+00 -2.265733731427248987e+00 0.000000000000000000e+00
2.119402845386299195e+00 -2.194705743502813888e+00 0.000000000000000000e+00
2.097985896556437524e+00 -2.097985753794126662e+00 0.000000000000000000e+00
2.093998236917602007e+00 -2.022150454718457002e+00 0.000000000000000000e+00
2.145060538533253069e+00 -2.000301177497720406e+00 0.000000000000000000e+00
2.264883461469920256e+00 -1.968833022615069872e+00 0.000000000000000000e+00
2.367077329723100032e+00 -1.986213579824011033e+00 0.000000000000000000e+00
2.453449916702798550e+00 -1.986764433870561231e+00 0.000000000000000000e+00
2.548426817471403094e+00 -1.991049106945419478e+00 0.000000000000000000e+00
2.669039946926401452e+00 -2.011265724041949365e+00 0.000000000000000000e+00
2.801625966134224655e+00 -2.035500271530729322e+00 0.000000000000000000e+00
2.933964062124169381e+00 -1.978983609120523068e+00 0.000000000000000000e+00
3.017536808552083283e+00 -1.959611177221290079e+00 0.000000000000000000e+00
3.140322221613495834e+00 -1.962290970516387345e+00 0.000000000000000000e+00
3.272664884294882892e+00 -1.966415305129678215e+00 0.000000000000000000e+00
3.320341555250345245e+00 -1.916999949076573673e+00 0.000000000000000000e+00
3.356790546998092761e+00 -1.860699244222261850e+00 0.000000000000000000e+00
3.438198031744814642e+00 -1.828122181482998210e+00 0.000000000000000000e+00
3.527766642987844037e+00 -1.720606619278534088e+00 0.000000000000000000e+00
3.547288761383789346e+00 -1.654127779862640812e+00 0.000000000000000000e+00
3.608504651350783465e+00 -1.606609647014829223e+00 0.000000000000000000e+00
3.736329263452688121e+00 -1.585977540489757587e+00 0.000000000000000000e+00
3.731915149666432008e+00 -1.507791458855634703e+00 0.000000000000000000e+00
3.809941626657419089e+00 -1.462499431513132997e+00 0.000000000000000000e+00
3.869654284233249086e+00 -1.408438842072324837e+00 0.000000000000000000e+00
3.976367555179858737e+00 -1.292000004613553354e+00 0.000000000000000000e+00
4.032737200473614614e+00 -1.232931359104208813e+00 0.000000000000000000e+00
4.085362243002125915e+00 -1.171458639241114819e+00 0.000000000000000000e+00
4.149617386743202907e+00 -1.111886494393376390e+00 0.000000000000000000e+00
4.207202267113726357e+00 -1.048973205503187955e+00 0.000000000000000000e+00
1.060114695367012416e+00 -2.447467289444733574e-01 0.000000000000000000e+00
1.045433012520801341e+00 -2.032115602303742330e-01 0.000000000000000000e+00
1.037002542980677733e+00 -1.828514960708314541e-01 0.000000000000000000e+00
1.036085098559127227e+00 -1.640997274974901887e-01 0.000000000000000000e+00
1.034830093557979946e+00 -1.454358544985191459e-01 0.000000000000000000e+00
1.039195874622231841e+00 -1.275971786867541591e-01 0.000000000000000000e+00
1.037286322931520566e+00 -1.090231555709233469e-01 0.000000000000000000e+00
1.039031055610137866e+00 -9.090340845710476181e-02 0.000000000000000000e+00
1.038464186950789792e+00 -7.261646019040508826e-02 0.000000000000000000e+00
1.041570589153674842e+00 -5.458637193937833365e-02 0.000000000000000000e+00
1.042841129395635669e+00 -1.820283033686002222e-02 0.000000000000000000e+00
1.047000050544738325e+00 2.925284348087586419e-08 0.000000000000000000e+00
1.047840362084182075e+00 1.829015069811706917e-02 0.000000000000000000e+00
1.051359194756712467e+00 3.671430121895308263e-02 0.000000000000000000e+00
5.142442878534168926e+00 3.595947776836259657e-01 0.000000000000000000e+00
5.149330530360789915e+00 4.505081876187791989e-01 0.000000000000000000e+00
5.110620284458314622e+00 6.275054076008735882e-01 0.000000000000000000e+00
5.120676167911434540e+00 7.196642431269342222e-01 0.000000000000000000e+00
3.314752370691987249e+00 1.616712854432840185e+00 0.000000000000000000e+00
3.802795196884279694e+00 2.565017877260302726e+00 0.000000000000000000e+00
3.793493089830284770e+00 2.656232588848135734e+00 0.000000000000000000e+00
3.738467317116564992e+00 2.716155627230356640e+00 0.000000000000000000e+00
3.962591310511799580e+00 4.400903690447389494e+00 0.000000000000000000e+00
3.829416388245696634e+00 4.405239820772256287e+00 0.000000000000000000e+00
3.724311412148101574e+00 4.438461696278025670e+00 0.000000000000000000e+00
3.549996104019570886e+00 4.383880283199522943e+00 0.000000000000000000e+00
3.308778993311212169e+00 4.390898218745920012e+00 0.000000000000000000e+00
3.145826719923605186e+00 4.329859210162723571e+00 0.000000000000000000e+00
2.970552219988881415e+00 4.242388417034754333e+00 0.000000000000000000e+00
2.484999809754503630e+00 4.304146124381133198e+00 0.000000000000000000e+00
2.372173448621248681e+00 4.279514383848603387e+00 0.000000000000000000e+00
2.277406388507695834e+00 4.283178669298757235e+00 0.000000000000000000e+00
2.187780029209010380e+00 4.293760275220902756e+00 0.000000000000000000e+00
2.001097443580841517e+00 4.291367530948106079e+00 0.000000000000000000e+00
1.910035234643982838e+00 4.290009596019228155e+00 0.000000000000000000e+00
1.822760618418005629e+00 4.294155140657257341e+00 0.000000000000000000e+00
1.725437869210263431e+00 4.270608816962901066e+00 0.000000000000000000e+00
1.643475324630436996e+00 4.281399834450789754e+00 0.000000000000000000e+00
1.044871507652892495e+00 2.870761038536938425e+00 0.000000000000000000e+00
9.659606653066687976e-01 2.805353638733114607e+00 0.000000000000000000e+00
1.367400182433788025e+00 4.208425290899628024e+00 0.000000000000000000e+00
1.219419526981543100e+00 4.252621559353646497e+00 0.000000000000000000e+00
1.139062547752833332e+00 4.251039603881458184e+00 0.000000000000000000e+00
9.034033193130650563e-01 3.913069995299491843e+00 0.000000000000000000e+00
9.000496351033322462e-01 4.234400975500869357e+00 0.000000000000000000e+00
8.225774812842573391e-01 4.231794674722911154e+00 0.000000000000000000e+00
2.149409246002586260e-01 1.357083737474528151e+00 0.000000000000000000e+00
1.869094597410159153e-01 1.329930073300385596e+00 0.000000000000000000e+00
1.617205993522057017e-01 1.317108767702710015e+00 0.000000000000000000e+00
1.416360473746409165e-01 1.347577189541748099e+00 0.000000000000000000e+00
1.211464583971522124e-01 1.384710618089428857e+00 0.000000000000000000e+00
7.593944776970422417e-02 1.449011431395832217e+00 0.000000000000000000e+00
5.018545193894805717e-02 1.437123973840992885e+00 0.000000000000000000e+00
2.488710888312012370e-02 1.425782812735362448e+00 0.000000000000000000e+00
-2.299515633665190340e-08 1.457999944686889426e+00 0.000000000000000000e+00
-2.936748210897174305e-01 4.199744685174973569e+00 0.000000000000000000e+00
-3.669257436034900621e-01 4.193979711429054014e+00 0.000000000000000000e+00
-4.400648969830031620e-01 4.186937210854832614e+00 0.000000000000000000e+00
-5.148980264344521496e-01 4.193507388394482227e+00 0.000000000000000000e+00
-6.628128874951381144e-01 4.184835478151216925e+00 0.000000000000000000e+00
-7.362682937736186872e-01 4.175584636750375722e+00 0.000000000000000000e+00
-8.120831520071706278e-01 4.177805322343759009e+00 0.000000000000000000e+00
-8.890304538758174724e-01 4.182559150546601323e+00 0.000000000000000000e+00
-9.578416243696526999e-01 4.148867622075202988e+00 0.000000000000000000e+00
-1.160650533772980220e+00 3.370773760790595652e+00 0.000000000000000000e+00
-1.212461477714888991e+00 3.331210396534794782e+00 0.000000000000000000e+00
-1.242987213884877429e+00 2.791794897757635230e+00 0.000000000000000000e+00
-1.170392646736077014e+00 2.201188361914256042e+00 0.000000000000000000e+00
-1.224629138020779884e+00 2.209289385739583000e+00 0.000000000000000000e+00
-1.085500023934564240e+00 1.880141142202221838e+00 0.000000000000000000e+00
-1.195497904243564280e+00 1.913196526831548949e+00 0.000000000000000000e+00
-2.913768298842433602e+00 4.161292290324531962e+00 0.000000000000000000e+00
-3.068238939695020040e+00 4.223068507441011477e+00 0.000000000000000000e+00
-3.509719955213470577e+00 4.334143099886563100e+00 0.000000000000000000e+00
-1.971032399787836509e+00 1.485279421148670620e+00 0.000000000000000000e+00
-2.927798915244351541e+00 1.901334813342834273e+00 0.000000000000000000e+00
-2.943574919142209811e+00 1.839349719563467822e+00 0.000000000000000000e+00
-6.707391416838439646e+00 1.062346402449173777e+00 0.000000000000000000e+00
-6.731842195967796094e+00 9.460986891421007128e-01 0.000000000000000000e+00
-6.698105101196436983e+00 7.039991844919298858e-01 0.000000000000000000e+00
-6.769143052071600053e+00 5.922232496495778431e-01 0.000000000000000000e+00
-7.379978610025906605e+00 5.160583456741835162e-01 0.000000000000000000e+00
-7.436867359206757122e+00 1.298109748029645238e-01 0.000000000000000000e+00
-7.406000137329100674e+00 -2.668936213223162486e-08 0.000000000000000000e+00
