-7.256894461859337397e+00 -1.266699425016891978e-01 0.000000000000000000e+00
-4.029470009402247754e+00 -2.111757844630846037e-01 0.000000000000000000e+00
-3.958334072419226413e+00 -2.767938880766447896e-01 0.000000000000000000e+00
-3.048699480771219328e+00 -9.320811364261484266e-01 0.000000000000000000e+00
-3.006289612021137092e+00 -9.768028731845589396e-01 0.000000000000000000e+00
-2.965669762698917022e+00 -1.079415684774211348e+00 0.000000000000000000e+00
-2.953848445434308800e+00 -1.133876350692594848e+00 0.000000000000000000e+00
-3.784764213811271372e+00 -1.529144218034605318e+00 0.000000000000000000e+00
-3.794321126896973428e+00 -1.610593983144134045e+00 0.000000000000000000e+00
-3.788472780291107789e+00 -1.686736977869438103e+00 0.000000000000000000e+00
-3.824618583940880168e+00 -1.783449162883995687e+00 0.000000000000000000e+00
-3.785886692057534031e+00 -1.929005850387788046e+00 0.000000000000000000e+00
-2.907546333163538055e+00 -1.545969989181898319e+00 0.000000000000000000e+00
-3.761739363007395198e+00 -2.085166415909178728e+00 0.000000000000000000e+00
-3.869401340224621233e+00 -2.234000154156130069e+00 0.000000000000000000e+00
-3.730392187606662358e+00 -2.241446003194585757e+00 0.000000000000000000e+00
-3.588939328645654125e+00 -2.242618431612870999e+00 0.000000000000000000e+00
-3.445258419779543946e+00 -2.237377212536467930e+00 0.000000000000000000e+00
-3.268416555718214767e+00 -2.288570141903082167e+00 0.000000000000000000e+00
-2.949675785824012131e+00 -2.143065115884481564e+00 0.000000000000000000e+00
-2.675428787188003366e+00 -2.016080396641946493e+00 0.000000000000000000e+00
-2.866783025060688939e+00 -2.239776589414912422e+00 0.000000000000000000e+00
-2.744102206896891438e+00 -2.222130366159855264e+00 0.000000000000000000e+00
-2.659706112783931875e+00 -2.231758630698543300e+00 0.000000000000000000e+00
-2.531295898331848093e+00 -2.200422161591750747e+00 0.000000000000000000e+00
-2.443460163027480814e+00 -2.200101619037245104e+00 0.000000000000000000e+00
-2.314116039650272683e+00 -2.234716090272065081e+00 0.000000000000000000e+00
-2.228093380783942479e+00 -2.228093586622455380e+00 0.000000000000000000e+00
-2.146494202722919020e+00 -2.222760020164852079e+00 0.000000000000000000e+00
-2.058952984059239544e+00 -2.207956958796422509e+00 0.000000000000000000e+00
-1.979288195949941542e+00 -2.198222443280222205e+00 0.000000000000000000e+00
-1.906507371804997630e+00 -2.193186050867816039e+00 0.000000000000000000e+00
-1.827445033527290041e+00 -2.177864385286691462e+00 0.000000000000000000e+00
-1.778459309837355784e+00 -2.196214548514896503e+00 0.000000000000000000e+00
-1.715848395962964235e+00 -2.196186001342538052e+00 0.000000000000000000e+00
-1.615233718378180638e+00 -2.223178697576420504e+00 0.000000000000000000e+00
-1.596836650595247153e+00 -2.280519297280958479e+00 0.000000000000000000e+00
-1.605442748258057994e+00 -2.380166985270046887e+00 0.000000000000000000e+00
2.193865808798697969e+00 -3.510918926361698666e+00 0.000000000000000000e+00
2.209600773601775536e+00 -3.402486549760558976e+00 0.000000000000000000e+00
2.180293205955042612e+00 -3.232417359461277506e+00 0.000000000000000000e+00
2.117070724777574853e+00 -3.023490108078638272e+00 0.000000000000000000e+00
2.185332771272936458e+00 -2.513937603843444446e+00 0.000000000000000000e+00
2.113114530576563066e+00 -2.346851280434901543e+00 0.000000000000000000e+00
2.109420961021612584e+00 -2.262076879339309343e+00 0.000000000000000000e+00
2.115929473913801040e+00 -2.191108962297859897e+00 0.000000000000000000e+00
2.089500555550733996e+00 -2.089500413365827924e+00 0.000000000000000000e+00
2.143597762731595413e+00 -1.998937117087345339e+00 0.000000000000000000e+00
2.179643904304729762e+00 -1.962560053883337208e+00 0.000000000000000000e+00
2.268657095850527217e+00 -1.972113392713667812e+00 0.000000000000000000e+00
2.362481213430501104e+00 -1.982356980599228713e+00 0.000000000000000000e+00
2.452672641761355798e+00 -1.986135009076321900e+00 0.000000000000000000e+00
2.542910766101785569e+00 -1.986739495589092908e+00 0.000000000000000000e+00
2.651469905861431275e+00 -1.998025749344426005e+00 0.000000000000000000e+00
2.807234157497118243e+00 -1.965646381914271767e+00 0.000000000000000000e+00
2.940596277461922092e+00 -1.983457094537405929e+00 0.000000000000000000e+00
3.044374321678704920e+00 -1.977039660791963360e+00 0.000000000000000000e+00
3.147954505820635518e+00 -1.967060150660070228e+00 0.000000000000000000e+00
3.258950179425283533e+00 -1.958174679671710772e+00 0.000000000000000000e+00
3.314279197264317744e+00 -1.913499845320042247e+00 0.000000000000000000e+00
3.383903669983397311e+00 -1.875728292576910539e+00 0.000000000000000000e+00
3.469579508620536767e+00 -1.767838920627256893e+00 0.000000000000000000e+00
3.521475111996245300e+00 -1.717538034826935567e+00 0.000000000000000000e+00
3.558164531047441681e+00 -1.659199234130439793e+00 0.000000000000000000e+00
3.634083813003143426e+00 -1.617998222572810008e+00 0.000000000000000000e+00
3.692145159828192469e+00 -1.567222502843432341e+00 0.000000000000000000e+00
3.743041433872567492e+00 -1.512286769070903425e+00 0.000000000000000000e+00
3.824879166512055395e+00 -1.468233415307728995e+00 0.000000000000000000e+00
3.938084872671702374e+00 -1.355991230749675758e+00 0.000000000000000000e+00
3.983024921835683685e+00 -1.294163113941521726e+00 0.000000000000000000e+00
4.036562598285475367e+00 -1.234100900457594685e+00 0.000000000000000000e+00
4.105548650784939468e+00 -1.177246997870249334e+00 0.000000000000000000e+00
4.155412982279336198e+00 -1.113439419350790383e+00 0.000000000000000000e+00
4.201380451997538401e+00 -1.047521664151822351e+00 0.000000000000000000e+00
1.053464994065061555e+00 -2.239208644285592964e-01 0.000000000000000000e+00
1.041506437297713639e+00 -2.024483114445705667e-01 0.000000000000000000e+00
1.039956986917062620e+00 -1.833724441605754096e-01 0.000000000000000000e+00
1.037072715317374882e+00 -1.642561505954825973e-01 0.000000000000000000e+00
1.038791232901021377e+00 -1.459925562109347374e-01 0.000000000000000000e+00
1.039195874622231841e+00 -1.275971786867541591e-01 0.000000000000000000e+00
1.038280891303943854e+00 -1.091276888902157211e-01 0.000000000000000000e+00
1.038464186950789792e+00 -7.261646019040508826e-02 0.000000000000000000e+00
1.039573355795116782e+00 -5.448170143111392277e-02 0.000000000000000000e+00
1.040365860529601338e+00 -3.633034701804784689e-02 0.000000000000000000e+00
1.040841459749627829e+00 -1.816792602951155383e-02 0.000000000000000000e+00
1.046000003814696822e+00 2.922490249801512288e-08 0.000000000000000000e+00
1.046840586857719968e+00 1.827269952881885318e-02 0.000000000000000000e+00
1.052358513147670482e+00 3.674919821381672502e-02 0.000000000000000000e+00
5.158296107813895581e+00 4.512925742541951668e-01 0.000000000000000000e+00
5.155601506064066086e+00 5.418756950381239390e-01 0.000000000000000000e+00
5.162232729607758586e+00 6.338426204298662769e-01 0.000000000000000000e+00
5.234556768732480769e+00 7.356691209417611788e-01 0.000000000000000000e+00
8.606235228793021719e+00 1.517511709094022887e+00 0.000000000000000000e+00
3.171844191034001170e+00 1.547011873720235409e+00 0.000000000000000000e+00
3.696833125176390844e+00 2.588550549611293938e+00 0.000000000000000000e+00
3.708863287205557135e+00 2.794829084729781865e+00 0.000000000000000000e+00
1.825906812356116626e+00 1.644053951957151094e+00 0.000000000000000000e+00
4.583633266829819419e+00 4.426363388407876798e+00 0.000000000000000000e+00
4.311744254763383744e+00 4.464942075199543225e+00 0.000000000000000000e+00
3.990694991854228046e+00 4.432115992005451588e+00 0.000000000000000000e+00
3.847785960521678650e+00 4.426371597282405368e+00 0.000000000000000000e+00
3.719168871100478224e+00 4.432333054245847670e+00 0.000000000000000000e+00
3.549366829257543543e+00 4.383103193551778354e+00 0.000000000000000000e+00
3.440932032071702285e+00 4.404192351210768130e+00 0.000000000000000000e+00
3.296742704658699896e+00 4.374925523527694260e+00 0.000000000000000000e+00
3.080678842219048974e+00 4.399665539925451618e+00 0.000000000000000000e+00
1.003225075395913102e+00 1.544831212852573854e+00 0.000000000000000000e+00
2.627209046382763979e+00 4.372410309455503352e+00 0.000000000000000000e+00
2.479499970160667477e+00 4.294620122334933399e+00 0.000000000000000000e+00
2.373142997550023559e+00 4.281263496498417531e+00 0.000000000000000000e+00
2.275528638433403028e+00 4.279647134872107905e+00 0.000000000000000000e+00
2.075249017137493990e+00 4.254891240351250659e+00 0.000000000000000000e+00
1.995180813954045229e+00 4.278679277132916958e+00 0.000000000000000000e+00
1.901086901649187144e+00 4.269911310019177897e+00 0.000000000000000000e+00
1.820025512564410253e+00 4.287711634723026854e+00 0.000000000000000000e+00
1.723939551510935919e+00 4.266900350322901048e+00 0.000000000000000000e+00
1.636666314780284681e+00 4.263661756362047583e+00 0.000000000000000000e+00
9.932264608040810572e-01 2.728867430336230360e+00 0.000000000000000000e+00
1.285558261725082696e+00 4.204871878335077362e+00 0.000000000000000000e+00
1.215285003704445144e+00 4.238202762182702088e+00 0.000000000000000000e+00
1.139838948559535714e+00 4.253937171345412160e+00 0.000000000000000000e+00
9.756126245858779411e-01 4.225842884001429489e+00 0.000000000000000000e+00
8.990100529407106800e-01 4.229510125539008847e+00 0.000000000000000000e+00
7.461661350486042954e-01 4.231718859849208592e+00 0.000000000000000000e+00
2.141587531048918247e-01 1.352145300467929578e+00 0.000000000000000000e+00
1.839868211222816519e-01 1.309134416420153046e+00 0.000000000000000000e+00
1.623299454051457258e-01 1.322071493738274706e+00 0.000000000000000000e+00
1.417405682452732574e-01 1.348571639356650476e+00 0.000000000000000000e+00
9.856587354219410735e-02 1.409557992257422843e+00 0.000000000000000000e+00
7.646280667146782006e-02 1.458997717228170954e+00 0.000000000000000000e+00
4.987135857659816957e-02 1.428129512625290642e+00 0.000000000000000000e+00
2.467768081255077017e-02 1.413784675670729740e+00 0.000000000000000000e+00
-3.394072508469663195e-08 2.151999950408935103e+00 0.000000000000000000e+00
-2.938143239557975961e-01 4.201739668667983985e+00 0.000000000000000000e+00
-3.679716200113234970e-01 4.205934131394353237e+00 0.000000000000000000e+00
-5.135575025462879584e-01 4.182589698792400945e+00 0.000000000000000000e+00
-5.889806073067382908e-01 4.190814333602226327e+00 0.000000000000000000e+00
-6.620306971955529640e-01 4.179896923427665278e+00 0.000000000000000000e+00
-7.362682937736186872e-01 4.175584636750375722e+00 0.000000000000000000e+00
-8.153268520318087687e-01 4.194492711059465861e+00 0.000000000000000000e+00
-8.906937260988347926e-01 4.190384230582838931e+00 0.000000000000000000e+00
-9.634654225226283453e-01 4.173226966539192340e+00 0.000000000000000000e+00
-1.156743688446923324e+00 3.359427458583908788e+00 0.000000000000000000e+00
-1.198780684537710028e+00 3.293622727728564126e+00 0.000000000000000000e+00
-1.180721056272587832e+00 2.220613274512821089e+00 0.000000000000000000e+00
-1.095500014600743199e+00 1.897461633642629764e+00 0.000000000000000000e+00
-1.197617554049320132e+00 1.916588675518783313e+00 0.000000000000000000e+00
-1.182070022293168599e+00 1.512980600536870002e+00 0.000000000000000000e+00
-2.988137418224400488e+00 2.885610707196919034e+00 0.000000000000000000e+00
-1.268167306030347552e+00 1.182585122291873958e+00 0.000000000000000000e+00
-2.940182770413906521e+00 1.837230069823436507e+00 0.000000000000000000e+00
-4.392123118896901879e+00 1.598602049136418346e+00 0.000000000000000000e+00
-6.659982515859761421e+00 1.054837570435534166e+00 0.000000000000000000e+00
-6.673416364763279596e+00 9.378874743355890553e-01 0.000000000000000000e+00
-6.686783415984619339e+00 8.210337346999571073e-01 0.000000000000000000e+00
-6.689154104423772118e+00 7.030583968612281742e-01 0.000000000000000000e+00
-6.641629872255790268e+00 5.810672925154529711e-01 0.000000000000000000e+00
-7.369999885559081143e+00 -2.655962627771838399e-08 0.000000000000000000e+00
