-4.750145951058885707e+00 -1.728912001272010945e+00 0.000000000000000000e+00
-4.728584823894520284e+00 -1.815133918717206196e+00 0.000000000000000000e+00
-5.390966691782018927e+00 -2.629350464852292735e+00 0.000000000000000000e+00
-5.363859125725539911e+00 -2.733023060591706521e+00 0.000000000000000000e+00
-5.334769056836878853e+00 -2.836547355072588150e+00 0.000000000000000000e+00
-5.272207346557487462e+00 -2.922432586600685500e+00 0.000000000000000000e+00
-5.161004089939495110e+00 -3.101044450044175615e+00 0.000000000000000000e+00
-4.039875926768462300e+00 -2.623526377044533398e+00 0.000000000000000000e+00
-3.155983042146228712e+00 -2.465724427902924010e+00 0.000000000000000000e+00
-2.982976985106124523e+00 -2.503015126252986278e+00 0.000000000000000000e+00
-2.932801247705678627e+00 -2.549445469906689077e+00 0.000000000000000000e+00
-2.901980400471231292e+00 -2.612955133911591066e+00 0.000000000000000000e+00
-2.896160560830227215e+00 -2.700713666425148762e+00 0.000000000000000000e+00
-1.143711224722743669e+00 -1.226480243614685994e+00 0.000000000000000000e+00
-2.710635207918106637e+00 -3.230409545853447639e+00 0.000000000000000000e+00
-2.670835563534113444e+00 -3.298207549016702433e+00 0.000000000000000000e+00
-2.652269536123610827e+00 -3.394750515678815361e+00 0.000000000000000000e+00
-2.605257076970885155e+00 -3.457293237471398939e+00 0.000000000000000000e+00
6.334968798302226256e-01 -1.054315773459806094e+00 0.000000000000000000e+00
6.507409174934929430e-01 -1.041403076807564831e+00 0.000000000000000000e+00
6.726292529553740129e-01 -1.035758139433298863e+00 0.000000000000000000e+00
6.933992421419981067e-01 -1.028006573251370792e+00 0.000000000000000000e+00
7.043519251333596465e-01 -1.005918722186572190e+00 0.000000000000000000e+00
8.459085195205516827e-01 -1.008114446102929440e+00 0.000000000000000000e+00
8.515646390991380432e-01 -9.796129891411043955e-01 0.000000000000000000e+00
8.785684954944574798e-01 -9.757490986720684933e-01 0.000000000000000000e+00
8.988738436518580732e-01 -9.639241179166857520e-01 0.000000000000000000e+00
9.252849941056590088e-01 -9.581605947926903344e-01 0.000000000000000000e+00
9.689507448238057208e-01 -9.357047941594550666e-01 0.000000000000000000e+00
9.931783873534194562e-01 -9.261537667588464195e-01 0.000000000000000000e+00
1.024053616097583719e+00 -9.220619551747293308e-01 0.000000000000000000e+00
1.049801081117005097e+00 -9.125780954481182983e-01 0.000000000000000000e+00
1.080122669452269646e+00 -9.063304721831045851e-01 0.000000000000000000e+00
1.111318714009368547e+00 -8.999280892824693678e-01 0.000000000000000000e+00
1.143403613492945281e+00 -8.933247476112154972e-01 0.000000000000000000e+00
1.190063991600631921e+00 -8.646320412943997447e-01 0.000000000000000000e+00
1.217259918007168595e+00 -8.523345112804364687e-01 0.000000000000000000e+00
1.253504807959413325e+00 -8.454996095315030491e-01 0.000000000000000000e+00
1.285682001314626399e+00 -8.349315948650485320e-01 0.000000000000000000e+00
1.323803095894418247e+00 -8.272039231950427673e-01 0.000000000000000000e+00
1.362896063039707562e+00 -8.189105125072075886e-01 0.000000000000000000e+00
1.402961184176809706e+00 -8.099999574955094594e-01 0.000000000000000000e+00
1.458629404221704950e+00 -7.755669521652912568e-01 0.000000000000000000e+00
1.500455024480129129e+00 -7.645199610892683406e-01 0.000000000000000000e+00
1.542330571967703179e+00 -7.522448222356588055e-01 0.000000000000000000e+00
1.573350288550105613e+00 -7.336652285195958134e-01 0.000000000000000000e+00
1.581347160346521008e+00 -7.040610581286607106e-01 0.000000000000000000e+00
1.600757927014581972e+00 -6.794813682079058337e-01 0.000000000000000000e+00
1.627230731100804961e+00 -6.246352969096592433e-01 0.000000000000000000e+00
1.637884284974931770e+00 -5.961410700634829363e-01 0.000000000000000000e+00
1.648984373492099254e+00 -5.677907974039082539e-01 0.000000000000000000e+00
1.663397818973175291e+00 -5.404706581985750935e-01 0.000000000000000000e+00
1.677358508217672295e+00 -5.128199043069168184e-01 0.000000000000000000e+00
1.692781896911726980e+00 -4.853973428880032914e-01 0.000000000000000000e+00
1.706790910068491929e+00 -4.573331911807843042e-01 0.000000000000000000e+00
1.728532554170911562e+00 -3.990631300143473448e-01 0.000000000000000000e+00
1.741102712261560770e+00 -3.700827522366060274e-01 0.000000000000000000e+00
1.760057533138450703e+00 -3.421204736417022274e-01 0.000000000000000000e+00
1.776593215332873621e+00 -3.132612639494344320e-01 0.000000000000000000e+00
1.785740496958646562e+00 -2.828334558036532109e-01 0.000000000000000000e+00
1.799317119407236598e+00 -2.528774766059155299e-01 0.000000000000000000e+00
1.820329640047371189e+00 -2.235083221768500716e-01 0.000000000000000000e+00
1.797135259807672192e+00 -1.572289102360184820e-01 0.000000000000000000e+00
1.840505704935368581e+00 -1.287006436351820216e-01 0.000000000000000000e+00
1.879420756724256680e+00 -9.849621477935352476e-02 0.000000000000000000e+00
1.901840742831595321e+00 -6.641368847393835928e-02 0.000000000000000000e+00
1.915708193440197382e+00 -3.343875710035883186e-02 0.000000000000000000e+00
1.945000052452086514e+00 5.434267369430755727e-08 0.000000000000000000e+00
1.958701625278993719e+00 3.418931852151874118e-02 0.000000000000000000e+00
1.979283728360887062e+00 1.037299194218879173e-01 0.000000000000000000e+00
2.002111014592350635e+00 1.400012955312579521e-01 0.000000000000000000e+00
2.017294353828536391e+00 1.764904423746933571e-01 0.000000000000000000e+00
2.044737005356273229e+00 2.149105753507851158e-01 0.000000000000000000e+00
2.065488623697004034e+00 2.536101703054490786e-01 0.000000000000000000e+00
2.100358616869970163e+00 2.951862107150933778e-01 0.000000000000000000e+00
2.107726972076671146e+00 3.338312145667665098e-01 0.000000000000000000e+00
2.123259691728926590e+00 4.127199335455539742e-01 0.000000000000000000e+00
2.158771759534547918e+00 4.588611620168409067e-01 0.000000000000000000e+00
2.188435202457912343e+00 5.052401369387341523e-01 0.000000000000000000e+00
2.230709884280799749e+00 5.561785020852573203e-01 0.000000000000000000e+00
2.251573172037905746e+00 6.033072756779599422e-01 0.000000000000000000e+00
2.276267708492767827e+00 6.527093256606160132e-01 0.000000000000000000e+00
2.289193077426784129e+00 7.438039838885573962e-01 0.000000000000000000e+00
2.330703187337023419e+00 8.025255319251545227e-01 0.000000000000000000e+00
2.354869725490988497e+00 8.571025529526135056e-01 0.000000000000000000e+00
2.404903132336507543e+00 9.231558895070061110e-01 0.000000000000000000e+00
2.432930477044767059e+00 9.829677890133627916e-01 0.000000000000000000e+00
2.481681150049118934e+00 1.053411222780984868e+00 0.000000000000000000e+00
2.514077157170514276e+00 1.119339341843093472e+00 0.000000000000000000e+00
2.563038454617996287e+00 1.195164536169013969e+00 0.000000000000000000e+00
2.572335878272804521e+00 1.310670673328677704e+00 0.000000000000000000e+00
2.612641991392670615e+00 1.389166469325301190e+00 0.000000000000000000e+00
2.670213906990780650e+00 1.480123821801824224e+00 0.000000000000000000e+00
2.726247935172297687e+00 1.574000066066532533e+00 0.000000000000000000e+00
2.764364423572279517e+00 1.660997808116545960e+00 0.000000000000000000e+00
2.836720864049650626e+00 1.772580021005494721e+00 0.000000000000000000e+00
2.774788615195651786e+00 1.871618647627052212e+00 0.000000000000000000e+00
2.908808958870809480e+00 2.036770060817938877e+00 0.000000000000000000e+00
2.873628352882618753e+00 2.087813309351303825e+00 0.000000000000000000e+00
2.700186646310628991e+00 2.034736680465208281e+00 0.000000000000000000e+00
2.596495446998168255e+00 2.028604667374815929e+00 0.000000000000000000e+00
2.572353040737643592e+00 2.083050516672210861e+00 0.000000000000000000e+00
2.567014934420060346e+00 2.153981383261528659e+00 0.000000000000000000e+00
2.549408928192582025e+00 2.216167470792420602e+00 0.000000000000000000e+00
2.490990582386328533e+00 2.322886400545904895e+00 0.000000000000000000e+00
2.468054798433314989e+00 2.383372919344686203e+00 0.000000000000000000e+00
2.460731558235177197e+00 2.460731665797176060e+00 0.000000000000000000e+00
5.082120513370144366e+00 5.262690078687494832e+00 0.000000000000000000e+00
2.046208774177585177e+00 3.150885339578319844e+00 0.000000000000000000e+00
1.646089052059370283e+00 6.143288413463389830e+00 0.000000000000000000e+00
5.429142049256970859e-01 3.863035767976204404e+00 0.000000000000000000e+00
4.102741486098702151e-01 3.903498398701513050e+00 0.000000000000000000e+00
4.003322985179904037e-01 5.725019934949957978e+00 0.000000000000000000e+00
2.934476094839993943e-01 5.599315680403600837e+00 0.000000000000000000e+00
-8.639744510495995753e-08 5.478000164031981534e+00 0.000000000000000000e+00
-1.882130736575711449e-01 5.389714853004759831e+00 0.000000000000000000e+00
-2.810964936164943584e-01 5.363639040183458384e+00 0.000000000000000000e+00
-4.621869812114725029e-01 5.282820450402215151e+00 0.000000000000000000e+00
-5.531646872100249857e-01 5.263009679910875427e+00 0.000000000000000000e+00
-6.265303449903865118e-01 5.102679551841319494e+00 0.000000000000000000e+00
-7.351124051344825050e-01 5.230595992512826697e+00 0.000000000000000000e+00
-8.916835049849358708e-01 5.056988024264471804e+00 0.000000000000000000e+00
-9.809490780128355958e-01 5.046545133883088674e+00 0.000000000000000000e+00
-1.394725070853540805e+00 4.863984107463916295e+00 0.000000000000000000e+00
-1.479108523836752509e+00 4.837945755080548693e+00 0.000000000000000000e+00
-1.642816971625034483e+00 4.771086714391039152e+00 0.000000000000000000e+00
-8.812268572656424270e-01 2.295674360638608746e+00 0.000000000000000000e+00
-2.172257866647441471e+00 4.658421877445219295e+00 0.000000000000000000e+00
-2.333511163559913726e+00 4.579773387080761538e+00 0.000000000000000000e+00
-2.414492360936251636e+00 4.540999552282923624e+00 0.000000000000000000e+00
-2.717340947385667338e+00 4.522414666655112825e+00 0.000000000000000000e+00
-2.038039360616950901e+00 3.138305328581701747e+00 0.000000000000000000e+00
-3.052573857704398375e+00 4.359527167880153264e+00 0.000000000000000000e+00
-3.138773384039919456e+00 4.320150839181577496e+00 0.000000000000000000e+00
-3.286511867740445236e+00 4.361348457555770608e+00 0.000000000000000000e+00
-3.534892747175164107e+00 4.365228908434788835e+00 0.000000000000000000e+00
-1.701458871669788486e+00 2.027719680285916315e+00 0.000000000000000000e+00
-4.123139575844089855e+00 4.123139495956359646e+00 0.000000000000000000e+00
-4.216050652581956548e+00 4.071392711384810958e+00 0.000000000000000000e+00
-2.768971052411280276e+00 2.242268505925373745e+00 0.000000000000000000e+00
-2.350147194409337725e+00 1.645590752232723109e+00 0.000000000000000000e+00
-2.322963329098633345e+00 1.566858522073310223e+00 0.000000000000000000e+00
-9.057642541170063399e-01 5.882101738843084071e-01 0.000000000000000000e+00
-8.828180797523219603e-01 5.516459516142326880e-01 0.000000000000000000e+00
-8.824799366097252351e-01 5.095000199433170618e-01 0.000000000000000000e+00
-8.719958333047496124e-01 4.833551746525225346e-01 0.000000000000000000e+00
-8.626397999283774709e-01 4.586737095720329060e-01 0.000000000000000000e+00
-8.518022139308522034e-01 4.340148981501847358e-01 0.000000000000000000e+00
-8.421700033061083612e-01 4.107537483034585102e-01 0.000000000000000000e+00
-8.365220702796044572e-01 3.900766404746900951e-01 0.000000000000000000e+00
-8.304128047978563965e-01 3.697235945290608394e-01 0.000000000000000000e+00
-8.256928695066275692e-01 3.504858224874909944e-01 0.000000000000000000e+00
-8.205577046301223421e-01 3.315268262028121526e-01 0.000000000000000000e+00
-8.325676428679715801e-01 3.030298340697900605e-01 0.000000000000000000e+00
-8.613674368257424607e-01 2.965925877404479438e-01 0.000000000000000000e+00
-8.920910362562806117e-01 2.898579425580312674e-01 0.000000000000000000e+00
-9.237904155353111602e-01 2.824310673046107056e-01 0.000000000000000000e+00
-9.689518066925469908e-01 2.778424535444069532e-01 0.000000000000000000e+00
-1.009107519696115229e+00 2.515987566484638727e-01 0.000000000000000000e+00
