-7.256894461859337397e+00 -1.266699425016891978e-01 0.000000000000000000e+00
-4.028471452250125040e+00 -2.111234522483172449e-01 0.000000000000000000e+00
-3.959331802000987999e+00 -2.768636561773488713e-01 0.000000000000000000e+00
-3.074519661363529277e+00 -9.399751592450589222e-01 0.000000000000000000e+00
-3.016751155529119988e+00 -9.802020352997726782e-01 0.000000000000000000e+00
-2.983111027907113133e+00 -1.027167666278695046e+00 0.000000000000000000e+00
-2.971307957752976403e+00 -1.081467820265396229e+00 0.000000000000000000e+00
-3.789718497382346563e+00 -1.608640282559765655e+00 0.000000000000000000e+00
-3.792127132801972333e+00 -1.688364000648197916e+00 0.000000000000000000e+00
-3.814649488923122611e+00 -1.778800496938903963e+00 0.000000000000000000e+00
-3.818975877046017153e+00 -1.862639220694457531e+00 0.000000000000000000e+00
-3.021403077555936179e+00 -1.539481946253793421e+00 0.000000000000000000e+00
-3.811684582628754647e+00 -2.026708880184830530e+00 0.000000000000000000e+00
-3.710052657149990996e+00 -2.142000138843002777e+00 0.000000000000000000e+00
-3.797250885257531294e+00 -2.281618766027997847e+00 0.000000000000000000e+00
-3.616076921905357899e+00 -2.259575883734746604e+00 0.000000000000000000e+00
-3.467063873064694324e+00 -2.251537840955263103e+00 0.000000000000000000e+00
-3.361747106283942355e+00 -2.267527287866190289e+00 0.000000000000000000e+00
-2.724769167891470723e+00 -1.979660876835835914e+00 0.000000000000000000e+00
-2.746507334387251920e+00 -2.069641929027493443e+00 0.000000000000000000e+00
-2.780628197618769448e+00 -2.251708533085693631e+00 0.000000000000000000e+00
-2.671962848230754695e+00 -2.242043253870313446e+00 0.000000000000000000e+00
-2.575823773272051032e+00 -2.239129656393752832e+00 0.000000000000000000e+00
-2.473929017382389350e+00 -2.227535901294332099e+00 0.000000000000000000e+00
-2.366660520538710344e+00 -2.206946844747959879e+00 0.000000000000000000e+00
-2.276710338777329756e+00 -2.198593821476372945e+00 0.000000000000000000e+00
-2.193445132573171641e+00 -2.193445335210766345e+00 0.000000000000000000e+00
-2.117318679750850752e+00 -2.192547878921959903e+00 0.000000000000000000e+00
-1.996685606145788272e+00 -2.217544226548427755e+00 0.000000000000000000e+00
-1.921596729930690861e+00 -2.210544373341275737e+00 0.000000000000000000e+00
-1.850585394802933825e+00 -2.205441996520019821e+00 0.000000000000000000e+00
-1.782864533122501038e+00 -2.201654546728393669e+00 0.000000000000000000e+00
-1.724467765326504809e+00 -2.207218292063062304e+00 0.000000000000000000e+00
-1.659203901139282733e+00 -2.201838151674700317e+00 0.000000000000000000e+00
-1.619936079704341392e+00 -2.229650943301407118e+00 0.000000000000000000e+00
-1.625515579977291791e+00 -2.321477057022213852e+00 0.000000000000000000e+00
2.204464184582838548e+00 -3.527879871730370542e+00 0.000000000000000000e+00
2.216136228384484763e+00 -3.412550266817685696e+00 0.000000000000000000e+00
2.204897778196026170e+00 -3.268895135118536910e+00 0.000000000000000000e+00
2.118791466207675445e+00 -3.025947581337126380e+00 0.000000000000000000e+00
2.208950906015028526e+00 -2.541107157991576049e+00 0.000000000000000000e+00
2.129173618521418287e+00 -2.364686703248314537e+00 0.000000000000000000e+00
2.110785021531525807e+00 -2.263539655048146138e+00 0.000000000000000000e+00
2.117318855626693974e+00 -2.192547709080634899e+00 0.000000000000000000e+00
2.095157505750336213e+00 -2.095157363180490062e+00 0.000000000000000000e+00
2.104788409737545773e+00 -2.032570402782242880e+00 0.000000000000000000e+00
2.178157545154406183e+00 -1.961221730183585921e+00 0.000000000000000000e+00
2.261864661927508902e+00 -1.966208820386184719e+00 0.000000000000000000e+00
2.348692316635005994e+00 -1.970786723167373911e+00 0.000000000000000000e+00
2.448787008198305859e+00 -1.982988485271794277e+00 0.000000000000000000e+00
2.546850910152317571e+00 -1.989817873292256456e+00 0.000000000000000000e+00
2.680220795599769890e+00 -2.019691097265883695e+00 0.000000000000000000e+00
2.781400463638891374e+00 -2.020805584831382617e+00 0.000000000000000000e+00
2.941425452622614678e+00 -1.984016380205994690e+00 0.000000000000000000e+00
3.049406180429628410e+00 -1.980307387840913425e+00 0.000000000000000000e+00
3.146258532525905149e+00 -1.966000389002625859e+00 0.000000000000000000e+00
3.272664884294882892e+00 -1.966415305129678215e+00 0.000000000000000000e+00
3.311681102835034807e+00 -1.911999834912752494e+00 0.000000000000000000e+00
3.390025981350221151e+00 -1.879121944928359600e+00 0.000000000000000000e+00
3.469579508620536767e+00 -1.767838920627256893e+00 0.000000000000000000e+00
3.522373840912416121e+00 -1.717976374172644149e+00 0.000000000000000000e+00
3.569040084630476173e+00 -1.664270587638200016e+00 0.000000000000000000e+00
3.642305779736922045e+00 -1.621658877705117519e+00 0.000000000000000000e+00
3.731726633781344393e+00 -1.584023840274590533e+00 0.000000000000000000e+00
3.789400361910505666e+00 -1.531016990132749944e+00 0.000000000000000000e+00
3.840749773973168413e+00 -1.474325570165757382e+00 0.000000000000000000e+00
3.902155065429209202e+00 -1.343619607202036548e+00 0.000000000000000000e+00
3.984926897023322034e+00 -1.294781103077863760e+00 0.000000000000000000e+00
4.028911802661753860e+00 -1.231761817750822940e+00 0.000000000000000000e+00
4.069020603350153031e+00 -1.166772750007556647e+00 0.000000000000000000e+00
4.137060339846470924e+00 -1.108521844221399988e+00 0.000000000000000000e+00
4.175182515311222531e+00 -1.040989785749344865e+00 0.000000000000000000e+00
1.055421264092297085e+00 -2.243366823988023617e-01 0.000000000000000000e+00
1.041506437297713639e+00 -2.024483114445705667e-01 0.000000000000000000e+00
1.039956986917062620e+00 -1.833724441605754096e-01 0.000000000000000000e+00
1.036085098559127227e+00 -1.640997274974901887e-01 0.000000000000000000e+00
1.037800918552972629e+00 -1.458533766351500782e-01 0.000000000000000000e+00
1.038203282085347290e+00 -1.274753036770616410e-01 0.000000000000000000e+00
1.037286322931520566e+00 -1.090231555709233469e-01 0.000000000000000000e+00
1.037038691860189488e+00 -9.072909927281350151e-02 0.000000000000000000e+00
1.037466576282333630e+00 -7.254670048535047377e-02 0.000000000000000000e+00
1.041365298059179878e+00 -3.636524811741106977e-02 0.000000000000000000e+00
1.041841354168198563e+00 -1.818537922342860005e-02 0.000000000000000000e+00
1.047000050544738325e+00 2.925284348087586419e-08 0.000000000000000000e+00
1.047840362084182075e+00 1.829015069811706917e-02 0.000000000000000000e+00
1.054357269066256597e+00 3.681899636389150687e-02 0.000000000000000000e+00
5.157406206070228372e+00 3.606411158862721789e-01 0.000000000000000000e+00
5.153612606443398469e+00 5.416666532099215781e-01 0.000000000000000000e+00
5.135433559540799386e+00 6.305520953663288353e-01 0.000000000000000000e+00
5.225644529915800085e+00 7.344165872153043395e-01 0.000000000000000000e+00
3.236557385597027992e+00 1.578574609575408072e+00 0.000000000000000000e+00
3.687822324718139644e+00 2.582241118893473519e+00 0.000000000000000000e+00
3.776491445433359573e+00 2.743781774883253366e+00 0.000000000000000000e+00
3.712856556083353077e+00 2.797838228809400807e+00 0.000000000000000000e+00
1.822934271384568428e+00 1.641377463924707625e+00 0.000000000000000000e+00
4.588668623372749167e+00 4.431225975912530757e+00 0.000000000000000000e+00
4.319385605312928256e+00 4.472854925675848747e+00 0.000000000000000000e+00
3.974635745372840478e+00 4.414280391115130264e+00 0.000000000000000000e+00
3.848442284817233716e+00 4.427126612049406162e+00 0.000000000000000000e+00
3.705027649482038665e+00 4.415480201853512199e+00 0.000000000000000000e+00
3.560694675224058248e+00 4.397091918927419130e+00 0.000000000000000000e+00
3.441547648907871793e+00 4.404980304862820439e+00 0.000000000000000000e+00
3.295538874916018823e+00 4.373327987432506170e+00 0.000000000000000000e+00
3.068060255073707054e+00 4.381644329059500187e+00 0.000000000000000000e+00
1.003769739864962984e+00 1.545669922622650017e+00 0.000000000000000000e+00
2.599397042344215869e+00 4.326123359678058833e+00 0.000000000000000000e+00
2.486999903145898028e+00 4.307610387913539896e+00 0.000000000000000000e+00
2.372658223085636120e+00 4.280388940173510015e+00 0.000000000000000000e+00
2.274589539534778826e+00 4.277880946636558157e+00 0.000000000000000000e+00
2.072618771965984763e+00 4.249498438307826476e+00 0.000000000000000000e+00
1.999406891607435677e+00 4.287742130360379988e+00 0.000000000000000000e+00
1.907594797822414590e+00 4.284528284893071692e+00 0.000000000000000000e+00
1.822369915626793846e+00 4.293234702513927914e+00 0.000000000000000000e+00
1.738549042211054996e+00 4.303060110641493630e+00 0.000000000000000000e+00
1.639174879368956894e+00 4.270196790903600714e+00 0.000000000000000000e+00
1.298715009966171730e+00 4.247905665551420462e+00 0.000000000000000000e+00
1.218317057539183734e+00 4.248776791236219985e+00 0.000000000000000000e+00
1.142427198077603290e+00 4.263596650737249583e+00 0.000000000000000000e+00
9.789869673756450563e-01 4.240458769555771390e+00 0.000000000000000000e+00
8.981784665226227871e-01 4.225597818703218600e+00 0.000000000000000000e+00
8.189521005036985990e-01 4.213143705750288071e+00 0.000000000000000000e+00
2.135330233679741396e-01 1.348194597959300856e+00 0.000000000000000000e+00
1.839868211222816519e-01 1.309134416420153046e+00 0.000000000000000000e+00
1.623299454051457258e-01 1.322071493738274706e+00 0.000000000000000000e+00
1.417405682452732574e-01 1.348571639356650476e+00 0.000000000000000000e+00
9.856587354219410735e-02 1.409557992257422843e+00 0.000000000000000000e+00
7.646280667146782006e-02 1.458997717228170954e+00 0.000000000000000000e+00
4.987135857659816957e-02 1.428129512625290642e+00 0.000000000000000000e+00
2.466022760646704309e-02 1.412784781252371502e+00 0.000000000000000000e+00
-3.394072508469663195e-08 2.151999950408935103e+00 0.000000000000000000e+00
-2.932562792289910569e-01 4.193759259020335861e+00 0.000000000000000000e+00
-3.681459188929277482e-01 4.207926376381020184e+00 0.000000000000000000e+00
-4.406920722380699429e-01 4.192904383949459302e+00 0.000000000000000000e+00
-5.889806073067382908e-01 4.190814333602226327e+00 0.000000000000000000e+00
-6.639079240770483503e-01 4.191749266377589045e+00 0.000000000000000000e+00
-7.366156477874834518e-01 4.177554579088070597e+00 0.000000000000000000e+00
-8.126555375462858333e-01 4.180749990443125341e+00 0.000000000000000000e+00
-8.900700361927131876e-01 4.187450000475670286e+00 0.000000000000000000e+00
-9.643652688425145003e-01 4.177124628915136917e+00 0.000000000000000000e+00
-1.157069233016928100e+00 3.360372908624734478e+00 0.000000000000000000e+00
-1.200832738279119294e+00 3.299260698817355841e+00 0.000000000000000000e+00
-1.134068252898242202e+00 2.225734200402591068e+00 0.000000000000000000e+00
-1.170862084282499493e+00 2.202071245506110664e+00 0.000000000000000000e+00
-1.094499967850408373e+00 1.895729501907970960e+00 0.000000000000000000e+00
-1.198677442123498249e+00 1.918284850957610921e+00 0.000000000000000000e+00
-2.057992319988924734e+00 2.939117560623894843e+00 0.000000000000000000e+00
-1.168525497247253853e+00 1.495644399422320303e+00 0.000000000000000000e+00
-2.978066704831776601e+00 2.875885532505276121e+00 0.000000000000000000e+00
-2.936790621685602787e+00 1.835110420083404970e+00 0.000000000000000000e+00
-4.296274697189188529e+00 1.563716077318095365e+00 0.000000000000000000e+00
-6.733071336319912170e+00 1.066413701996929309e+00 0.000000000000000000e+00
-6.712036853467787445e+00 9.433152298702104366e-01 0.000000000000000000e+00
-6.707626794310417750e+00 8.235929796591531238e-01 0.000000000000000000e+00
-6.744847562012036057e+00 7.089120148817441569e-01 0.000000000000000000e+00
-6.728299179639799732e+00 5.886498740134357144e-01 0.000000000000000000e+00
-7.063306655089617969e+00 3.701721877913437542e-01 0.000000000000000000e+00
-7.388000011444090909e+00 -2.662449420497500443e-08 0.000000000000000000e+00
