-7.054954299325601141e+00 -1.371344569503581301e+00 0.000000000000000000e+00
-6.664119729809875992e+00 -1.416502729135827199e+00 0.000000000000000000e+00
-6.597459542508392616e+00 -1.523143901657963539e+00 0.000000000000000000e+00
-6.587337636251072048e+00 -1.642408089420467343e+00 0.000000000000000000e+00
-6.519999239667190416e+00 -1.747028882056410382e+00 0.000000000000000000e+00
-6.962418392970120884e+00 -1.996441725497895003e+00 0.000000000000000000e+00
-7.013865806491620170e+00 -2.552838774448938697e+00 0.000000000000000000e+00
-6.885155514758208639e+00 -2.642963968273994713e+00 0.000000000000000000e+00
-6.859305800165286904e+00 -2.771339827664363487e+00 0.000000000000000000e+00
-4.257334858368077235e+00 -1.807131678579084078e+00 0.000000000000000000e+00
-3.637738035725810448e+00 -1.619625536860627601e+00 0.000000000000000000e+00
-2.656002694876659298e+00 -1.929699104708637813e+00 0.000000000000000000e+00
-2.513754256518582864e+00 -1.963960260010685577e+00 0.000000000000000000e+00
-2.458889755140446720e+00 -1.991169854462444988e+00 0.000000000000000000e+00
-2.421466399698829264e+00 -2.031851756289665190e+00 0.000000000000000000e+00
-2.396202783876895559e+00 -2.082987497741891403e+00 0.000000000000000000e+00
-3.040205413004479773e+00 -2.737413505882365428e+00 0.000000000000000000e+00
-3.020490740516548644e+00 -2.816653445444750936e+00 0.000000000000000000e+00
-2.964191427773021026e+00 -2.964191701614665497e+00 0.000000000000000000e+00
-2.933542192988273456e+00 -3.037772147611418116e+00 0.000000000000000000e+00
-2.892355022266908993e+00 -3.101671309722466852e+00 0.000000000000000000e+00
-2.194748258108949024e+00 -2.437515106793110675e+00 0.000000000000000000e+00
-2.837455026240894185e+00 -3.264118920046228389e+00 0.000000000000000000e+00
-2.914398812738982603e+00 -3.473245576385355804e+00 0.000000000000000000e+00
-2.753905831292086326e+00 -3.400790795982174597e+00 0.000000000000000000e+00
-2.612867124133498642e+00 -3.344317723460449976e+00 0.000000000000000000e+00
-2.421675022270459721e+00 -3.333150033154555825e+00 0.000000000000000000e+00
-2.318969510571153414e+00 -3.311832000281516919e+00 0.000000000000000000e+00
-2.038817139731925909e+00 -3.022671004779183157e+00 0.000000000000000000e+00
-1.846326259121372049e+00 -2.843093395604371132e+00 0.000000000000000000e+00
3.711024704701280985e+00 -5.938880500200671264e+00 0.000000000000000000e+00
8.907943725239657606e-01 -1.320656866513327365e+00 0.000000000000000000e+00
3.569324684966690864e+00 -3.213834164480108946e+00 0.000000000000000000e+00
3.531286153790988980e+00 -3.069700013339690337e+00 0.000000000000000000e+00
3.412728031145481733e+00 -2.863618638306232533e+00 0.000000000000000000e+00
3.323076238351337253e+00 -2.690973896165564039e+00 0.000000000000000000e+00
3.270244787130702324e+00 -2.554995073144792350e+00 0.000000000000000000e+00
3.252842476611329303e+00 -2.451192454594047554e+00 0.000000000000000000e+00
3.221725135762622649e+00 -2.255876069234016512e+00 0.000000000000000000e+00
3.107232812646083531e+00 -2.095854848847777063e+00 0.000000000000000000e+00
3.046890151076842024e+00 -1.978673459390409173e+00 0.000000000000000000e+00
1.766484173001641844e+00 -1.103821741088791164e+00 0.000000000000000000e+00
2.961513015704597684e+00 -1.779456414363976391e+00 0.000000000000000000e+00
2.918505565557508508e+00 -1.684999849400014016e+00 0.000000000000000000e+00
2.832893353187742047e+00 -1.570298309482726085e+00 0.000000000000000000e+00
2.794529144856582992e+00 -1.485877389651245162e+00 0.000000000000000000e+00
2.782666370603459338e+00 -1.357196963699671910e+00 0.000000000000000000e+00
2.766957690032173289e+00 -1.290253455149036332e+00 0.000000000000000000e+00
2.740636410979398363e+00 -1.220209843762113389e+00 0.000000000000000000e+00
2.719171369424738582e+00 -1.154219667638513247e+00 0.000000000000000000e+00
2.737974020397938357e+00 -1.106213211437465871e+00 0.000000000000000000e+00
2.833416708025393582e+00 -1.087646670419593287e+00 0.000000000000000000e+00
2.880157968601956497e+00 -1.048291670605116410e+00 0.000000000000000000e+00
2.949226353254676969e+00 -9.582616317869800948e-01 0.000000000000000000e+00
3.089820644008865358e+00 -9.446528689146148627e-01 0.000000000000000000e+00
3.214459236137939602e+00 -9.217312489516306107e-01 0.000000000000000000e+00
3.344035134292721700e+00 -8.960314062871251872e-01 0.000000000000000000e+00
3.441638900075191021e+00 -8.580968444079685176e-01 0.000000000000000000e+00
3.541835200485384583e+00 -8.176969752118056212e-01 0.000000000000000000e+00
3.627949582127085293e+00 -7.711443769938457482e-01 0.000000000000000000e+00
3.776737789875769913e+00 -6.659406573498610760e-01 0.000000000000000000e+00
3.772969412561428815e+00 -5.975795360040716542e-01 0.000000000000000000e+00
3.808570964471908571e+00 -5.352596296574427814e-01 0.000000000000000000e+00
3.852071669831251377e+00 -4.729748155979895952e-01 0.000000000000000000e+00
3.874657225012180906e+00 -4.072427719211264008e-01 0.000000000000000000e+00
3.889144154788911845e+00 -3.402559122198083874e-01 0.000000000000000000e+00
3.896485087231683853e+00 -2.724686684191593433e-01 0.000000000000000000e+00
3.989568288324506273e+00 -1.393186818848949071e-01 0.000000000000000000e+00
4.026386620784401238e+00 -7.028072681714882253e-02 0.000000000000000000e+00
4.083000183105466974e+00 1.140777072805576476e-07 0.000000000000000000e+00
4.113373259498286139e+00 7.179931172357766067e-02 0.000000000000000000e+00
4.171457094454193992e+00 1.456706072021084208e-01 0.000000000000000000e+00
4.209223635295392008e+00 2.205961794469351867e-01 0.000000000000000000e+00
4.232664287586241691e+00 2.959768361953782900e-01 0.000000000000000000e+00
4.265504431216411874e+00 4.483226982603158994e-01 0.000000000000000000e+00
4.287799531261045516e+00 5.264757001722699670e-01 0.000000000000000000e+00
4.309646853105392417e+00 6.056814840430481128e-01 0.000000000000000000e+00
1.044974228843024600e+00 1.655076870140975431e-01 0.000000000000000000e+00
1.033063352485507513e+00 1.821569701450680701e-01 0.000000000000000000e+00
1.023837130220757397e+00 1.990138059853156505e-01 0.000000000000000000e+00
1.017273461759250708e+00 2.162281772911407440e-01 0.000000000000000000e+00
1.008137286366157515e+00 2.513568840926177494e-01 0.000000000000000000e+00
1.002630988751448626e+00 2.686541915874952058e-01 0.000000000000000000e+00
9.958671224655858412e-01 2.855603299765195335e-01 0.000000000000000000e+00
9.907317321790801712e-01 3.028971153999724941e-01 0.000000000000000000e+00
9.843434544628708593e-01 3.198326039702629742e-01 0.000000000000000000e+00
9.795572483876162639e-01 3.372886372166523095e-01 0.000000000000000000e+00
9.754009197665883812e-01 3.550169291466690469e-01 0.000000000000000000e+00
9.633440470103278308e-01 3.892162874703891107e-01 0.000000000000000000e+00
9.573250023861012981e-01 4.063603824940976161e-01 0.000000000000000000e+00
9.592226764169579090e-01 4.270734795227711378e-01 0.000000000000000000e+00
4.670133898081251900e+00 2.277776636260257614e+00 0.000000000000000000e+00
4.621650603624697595e+00 2.354848742618306900e+00 0.000000000000000000e+00
4.587795721146742167e+00 2.439374397612700918e+00 0.000000000000000000e+00
4.424523905319545314e+00 2.554500208670779760e+00 0.000000000000000000e+00
2.605183992595643261e+00 3.720588488585291120e+00 0.000000000000000000e+00
2.590740585950874753e+00 3.840931041028768256e+00 0.000000000000000000e+00
2.517866259376498217e+00 3.877174208128863153e+00 0.000000000000000000e+00
3.447499872067193216e+00 5.971245210931577674e+00 0.000000000000000000e+00
3.164707770716636226e+00 5.951949940291349606e+00 0.000000000000000000e+00
2.827055362009799566e+00 5.796322752821025936e+00 0.000000000000000000e+00
2.687852090703804819e+00 5.764117698035183146e+00 0.000000000000000000e+00
2.228909055956686203e+00 5.516743799609461263e+00 0.000000000000000000e+00
2.012104365820313934e+00 5.528211628473188810e+00 0.000000000000000000e+00
1.877551511328294120e+00 5.452805847473594980e+00 0.000000000000000000e+00
1.749345037590902097e+00 5.383930756542658180e+00 0.000000000000000000e+00
1.512697690977404807e+00 5.275404133767295001e+00 0.000000000000000000e+00
1.411598977230138052e+00 5.268159478021913422e+00 0.000000000000000000e+00
1.281218269246340080e+00 5.138686192691152677e+00 0.000000000000000000e+00
3.912897637537048334e-01 1.840873761536463427e+00 0.000000000000000000e+00
7.801385916867502601e-01 4.925601756498148021e+00 0.000000000000000000e+00
6.880716962495979638e-01 4.895885113022662161e+00 0.000000000000000000e+00
5.941129682068021500e-01 4.838662499183890908e+00 0.000000000000000000e+00
5.128165742358224977e-01 4.879124563757539335e+00 0.000000000000000000e+00
4.131181230100574031e-01 4.721962647738850549e+00 0.000000000000000000e+00
3.283436298838605660e-01 4.695533769215620268e+00 0.000000000000000000e+00
1.630503712946369810e-01 4.669153877826166976e+00 0.000000000000000000e+00
8.120597101867098322e-02 4.652291204802705415e+00 0.000000000000000000e+00
-7.247101683877712163e-08 4.594999790191649502e+00 0.000000000000000000e+00
-5.364874338368326445e-02 3.073531695834263999e+00 0.000000000000000000e+00
-2.340988035085162788e-01 4.466869954883122773e+00 0.000000000000000000e+00
-3.106256500304354629e-01 4.442152779573173227e+00 0.000000000000000000e+00
-4.613887061260861788e-01 4.389819673397145294e+00 0.000000000000000000e+00
-6.786127436591413709e-01 4.284591834541151556e+00 0.000000000000000000e+00
-7.506811254945613410e-01 4.257323860366245327e+00 0.000000000000000000e+00
-2.902447454525224346e-01 1.365494073569820888e+00 0.000000000000000000e+00
-3.052585977726638977e-01 1.322220167131012758e+00 0.000000000000000000e+00
-3.265945830074036271e-01 1.309899249073468885e+00 0.000000000000000000e+00
-3.535468483071735335e-01 1.319454728201359783e+00 0.000000000000000000e+00
-3.897512490855211675e-01 1.359224065755147093e+00 0.000000000000000000e+00
-4.303711691544812035e-01 1.407680597715070148e+00 0.000000000000000000e+00
-4.756550807229588673e-01 1.381402600208762044e+00 0.000000000000000000e+00
-4.918249713657530942e-01 1.351277948208997826e+00 0.000000000000000000e+00
-7.808837528237742021e-01 2.034271646644113307e+00 0.000000000000000000e+00
-1.724156614894398309e+00 3.872519030467735490e+00 0.000000000000000000e+00
-1.789788442459565809e+00 3.838213576926794879e+00 0.000000000000000000e+00
-1.859570496560357666e+00 3.812684414182132109e+00 0.000000000000000000e+00
-1.924919660778252384e+00 3.777867435290896747e+00 0.000000000000000000e+00
-1.993376212771111655e+00 3.748995290345439102e+00 0.000000000000000000e+00
-2.132000012745455475e+00 3.692732243900926026e+00 0.000000000000000000e+00
-2.203847864814956203e+00 3.667818687421101842e+00 0.000000000000000000e+00
-2.272293903253594483e+00 3.636430300892921075e+00 0.000000000000000000e+00
-2.341403135960182347e+00 3.605444565956451797e+00 0.000000000000000000e+00
-2.412358298066724860e+00 3.576468168570454687e+00 0.000000000000000000e+00
-2.290894999334549986e+00 2.730182288250336597e+00 0.000000000000000000e+00
-1.696922581328061286e+00 1.638699057178622409e+00 0.000000000000000000e+00
-1.829115570804512592e+00 1.705677831860193283e+00 0.000000000000000000e+00
-1.889038110152357008e+00 1.642115746049002567e+00 0.000000000000000000e+00
-1.725898159470105053e+00 1.448200482556661228e+00 0.000000000000000000e+00
-1.775388256534043085e+00 1.387085301306539398e+00 0.000000000000000000e+00
-1.824882220840202240e+00 1.375147363851447757e+00 0.000000000000000000e+00
-2.948057619568618559e+00 1.988489937366598737e+00 0.000000000000000000e+00
-4.873990805746707622e+00 2.813999853947642293e+00 0.000000000000000000e+00
-1.963778383170696529e+00 1.000595045448606113e+00 0.000000000000000000e+00
-3.804003328586921029e+00 1.693651369679962215e+00 0.000000000000000000e+00
-6.394542151189589241e+00 2.201817392849010346e+00 0.000000000000000000e+00
-6.504275741753243523e+00 2.113367254811304718e+00 0.000000000000000000e+00
-3.459988219559750000e+00 7.988012020266058721e-01 0.000000000000000000e+00
-3.416669603009290235e+00 7.262355245153888639e-01 0.000000000000000000e+00
-1.935974118162269608e+00 2.720834092788825820e-01 0.000000000000000000e+00
-8.045000076293943536e+00 -2.899215722503014416e-08 0.000000000000000000e+00
