-7.246896232834430407e+00 -1.264954222434216957e-01 0.000000000000000000e+00
-3.941375523582910656e+00 -2.756080299396956312e-01 0.000000000000000000e+00
-3.956885207051994868e+00 -3.461828042270053696e-01 0.000000000000000000e+00
-3.084082699657007876e+00 -9.428988739819463838e-01 0.000000000000000000e+00
-3.023408522011430399e+00 -9.823651451617635422e-01 0.000000000000000000e+00
-2.985002153394189062e+00 -1.027818833109237939e+00 0.000000000000000000e+00
-2.970368333257358273e+00 -1.081125824864854534e+00 0.000000000000000000e+00
-3.774069732604978800e+00 -1.601997775098970234e+00 0.000000000000000000e+00
-3.783905384168039898e+00 -1.684703441829946025e+00 0.000000000000000000e+00
-3.766615201506410049e+00 -1.756401738003105839e+00 0.000000000000000000e+00
-3.794708482945221562e+00 -1.850803220287155826e+00 0.000000000000000000e+00
-3.803738209434079476e+00 -2.022483718115464679e+00 0.000000000000000000e+00
-3.766112561518156987e+00 -2.087590519703933278e+00 0.000000000000000000e+00
-3.895382283314215766e+00 -2.249000260313096078e+00 0.000000000000000000e+00
-3.561801735385949907e+00 -2.225660979490995395e+00 0.000000000000000000e+00
-3.481321438639322974e+00 -2.260796813269148053e+00 0.000000000000000000e+00
-3.378327841389173525e+00 -2.278711136060397102e+00 0.000000000000000000e+00
-3.223363140097867952e+00 -2.257023397471414228e+00 0.000000000000000000e+00
-2.720723990474281262e+00 -1.976721883115914347e+00 0.000000000000000000e+00
-2.711367444790945047e+00 -2.043162120297567164e+00 0.000000000000000000e+00
-2.825806431309966449e+00 -2.207762162583676968e+00 0.000000000000000000e+00
-2.714570763763448191e+00 -2.198216272734903942e+00 0.000000000000000000e+00
-2.581861371935871396e+00 -2.244378061335830843e+00 0.000000000000000000e+00
-2.478387917331772439e+00 -2.231550713218095172e+00 0.000000000000000000e+00
-2.371048673247124761e+00 -2.211038863730007353e+00 0.000000000000000000e+00
-2.286061763995565599e+00 -2.207624388675295979e+00 0.000000000000000000e+00
-2.201930472898220970e+00 -2.201930676319719282e+00 0.000000000000000000e+00
-2.122181266912862352e+00 -2.197583235795775192e+00 0.000000000000000000e+00
-2.043267021249440596e+00 -2.191135821543916506e+00 0.000000000000000000e+00
-1.928813481479926706e+00 -2.218846297091708664e+00 0.000000000000000000e+00
-1.856370523434969666e+00 -2.212336444988160178e+00 0.000000000000000000e+00
-1.784123232650398849e+00 -2.203208911340553744e+00 0.000000000000000000e+00
-1.724467765326504809e+00 -2.207218292063062304e+00 0.000000000000000000e+00
-1.661611130095268285e+00 -2.205032652695018136e+00 0.000000000000000000e+00
-1.615233718378180638e+00 -2.223178697576420504e+00 0.000000000000000000e+00
-1.621500425932840272e+00 -2.315742822229622799e+00 0.000000000000000000e+00
2.199727702276449648e+00 -3.660961383816294656e+00 0.000000000000000000e+00
2.242279086331897542e+00 -3.452806734683316670e+00 0.000000000000000000e+00
2.226147036052892769e+00 -3.300398453013855260e+00 0.000000000000000000e+00
2.158941780490351459e+00 -3.083288168332713575e+00 0.000000000000000000e+00
2.161291953944302957e+00 -2.400357726054668905e+00 0.000000000000000000e+00
2.143520847758574988e+00 -2.298644528377182361e+00 0.000000000000000000e+00
2.126349422711828918e+00 -2.201899134408754399e+00 0.000000000000000000e+00
2.119199080483296527e+00 -2.119198936277485679e+00 0.000000000000000000e+00
2.111262341925533637e+00 -2.038822206001058568e+00 0.000000000000000000e+00
2.122388472633299106e+00 -1.979159135442816853e+00 0.000000000000000000e+00
2.201938228482353210e+00 -1.982633952180630654e+00 0.000000000000000000e+00
2.338733729829115315e+00 -1.962430477217423919e+00 0.000000000000000000e+00
2.410706835793003489e+00 -1.952151771770754385e+00 0.000000000000000000e+00
2.512966272522251909e+00 -1.963344294757459529e+00 0.000000000000000000e+00
2.629906786160064680e+00 -1.981776774274301989e+00 0.000000000000000000e+00
2.756321017998589973e+00 -2.002584302251998238e+00 0.000000000000000000e+00
2.849830102272415733e+00 -1.995472381469091339e+00 0.000000000000000000e+00
2.961322296293837919e+00 -1.997436969778614291e+00 0.000000000000000000e+00
3.083791781614609651e+00 -2.002637656763099461e+00 0.000000000000000000e+00
3.261521699361121573e+00 -1.959719804619744599e+00 0.000000000000000000e+00
3.318609423471972963e+00 -1.915999902401952726e+00 0.000000000000000000e+00
3.387402103832211964e+00 -1.877667505979508045e+00 0.000000000000000000e+00
3.428485469964240195e+00 -1.822957921173919527e+00 0.000000000000000000e+00
3.456214317072281883e+00 -1.761029015927872310e+00 0.000000000000000000e+00
3.515183581004647007e+00 -1.714469450375337045e+00 0.000000000000000000e+00
3.638651644901758075e+00 -1.620031952193058400e+00 0.000000000000000000e+00
3.601935637352109865e+00 -1.528930835675650579e+00 0.000000000000000000e+00
3.712444373363554817e+00 -1.499924755292079581e+00 0.000000000000000000e+00
3.819277644712297359e+00 -1.466083192745148089e+00 0.000000000000000000e+00
3.863076464491526085e+00 -1.406044711708240191e+00 0.000000000000000000e+00
3.910665017641502317e+00 -1.346549818446097335e+00 0.000000000000000000e+00
4.000143605522611168e+00 -1.299725310870142314e+00 0.000000000000000000e+00
4.082478666903995190e+00 -1.170631787194432727e+00 0.000000000000000000e+00
4.144787647031537681e+00 -1.110592369693110593e+00 0.000000000000000000e+00
4.174212289904033923e+00 -1.040747881417006582e+00 0.000000000000000000e+00
1.043683527324603011e+00 -2.218417497923425297e-01 0.000000000000000000e+00
1.035616632972622186e+00 -2.013034496389657646e-01 0.000000000000000000e+00
1.033063362664319751e+00 -1.821569124181545152e-01 0.000000000000000000e+00
1.040035801075369637e+00 -1.647254571863358552e-01 0.000000000000000000e+00
1.040188348838394727e+00 -1.277190391684922544e-01 0.000000000000000000e+00
1.040269909492541167e+00 -1.093367430680400182e-01 0.000000000000000000e+00
1.038034933112994995e+00 -9.081625905984451463e-02 0.000000000000000000e+00
1.039461797619245953e+00 -7.268621989545970274e-02 0.000000000000000000e+00
1.040572031997354596e+00 -5.453403980471051987e-02 0.000000000000000000e+00
1.045362809904152535e+00 -3.650484419418226212e-02 0.000000000000000000e+00
1.049840032752230146e+00 -1.832499645282248055e-02 0.000000000000000000e+00
1.046840586857719968e+00 1.827269952881885318e-02 0.000000000000000000e+00
1.048361001310498253e+00 3.660960191366714744e-02 0.000000000000000000e+00
5.165386615711085483e+00 3.611991607101840418e-01 0.000000000000000000e+00
5.151322775345335891e+00 4.506824865246250589e-01 0.000000000000000000e+00
5.139689360648741712e+00 5.402032607263690389e-01 0.000000000000000000e+00
5.136426507033037048e+00 6.306740140153699326e-01 0.000000000000000000e+00
5.214994623495180726e+00 8.259741475933559673e-01 0.000000000000000000e+00
8.496964991038908011e+00 1.651642914948810326e+00 0.000000000000000000e+00
3.879337222525699236e+00 1.567354089416982621e+00 0.000000000000000000e+00
3.793493089830284770e+00 2.656232588848135734e+00 0.000000000000000000e+00
3.760310735478510580e+00 2.732025800397339221e+00 0.000000000000000000e+00
3.728829250775455240e+00 2.809874518160101697e+00 0.000000000000000000e+00
3.603573075973805384e+00 2.815419980650495368e+00 0.000000000000000000e+00
4.081078232634987479e+00 4.376420789234618525e+00 0.000000000000000000e+00
3.970620933752493364e+00 4.409821490892549711e+00 0.000000000000000000e+00
3.809734793045234547e+00 4.382598734475261715e+00 0.000000000000000000e+00
3.573910345476656314e+00 4.413411913246295448e+00 0.000000000000000000e+00
3.322620596126109938e+00 4.409266646878286622e+00 0.000000000000000000e+00
3.212246402216968555e+00 4.421278064002513553e+00 0.000000000000000000e+00
3.047985167910084225e+00 4.352974132090454695e+00 0.000000000000000000e+00
1.032635593277967612e+00 1.590119440912888704e+00 0.000000000000000000e+00
9.745214885054763743e-01 1.559560457095034547e+00 0.000000000000000000e+00
2.495500002036111553e+00 4.322332991734899821e+00 0.000000000000000000e+00
2.388656936286587928e+00 4.309251384151346009e+00 0.000000000000000000e+00
2.284448622870726808e+00 4.296423186465367472e+00 0.000000000000000000e+00
2.151460825250989473e+00 4.222479820558841190e+00 0.000000000000000000e+00
2.095852430121281085e+00 4.297134499209398051e+00 0.000000000000000000e+00
1.989263982807166098e+00 4.265990591156493927e+00 0.000000000000000000e+00
1.741171276811213309e+00 4.309550369377212142e+00 0.000000000000000000e+00
1.644192008546301542e+00 4.283266859986707864e+00 0.000000000000000000e+00
1.376979603808915709e+00 4.237907720187824800e+00 0.000000000000000000e+00
1.296083716083427761e+00 4.239299090508810153e+00 0.000000000000000000e+00
1.215285003704445144e+00 4.238202762182702088e+00 0.000000000000000000e+00
1.043651015053083997e+00 4.185855907437302292e+00 0.000000000000000000e+00
9.017129070795197876e-01 4.242226055589572553e+00 0.000000000000000000e+00
8.229591625665552135e-01 4.233758254877510119e+00 0.000000000000000000e+00
2.429337854097067817e-01 1.377746098522485640e+00 0.000000000000000000e+00
1.898320817690256901e-01 1.350725612131465025e+00 0.000000000000000000e+00
1.611112532992656776e-01 1.312146041667145102e+00 0.000000000000000000e+00
1.401726430389308997e-01 1.333653825126875470e+00 0.000000000000000000e+00
1.190547271151965042e-01 1.360802015604174908e+00 0.000000000000000000e+00
1.002400319142785490e-01 1.433499578009880260e+00 0.000000000000000000e+00
7.588711562288599777e-02 1.448012874240148795e+00 0.000000000000000000e+00
4.976665940236744273e-02 1.425131319174499867e+00 0.000000000000000000e+00
-2.318441821342748919e-08 1.470000028610229270e+00 0.000000000000000000e+00
-3.754016027506822811e-02 2.150672414579098302e+00 0.000000000000000000e+00
-2.936748210897174305e-01 4.199744685174973569e+00 0.000000000000000000e+00
-3.670128930442921877e-01 4.194975833922387487e+00 0.000000000000000000e+00
-4.409011140420713848e-01 4.194893283572669773e+00 0.000000000000000000e+00
-5.151418055965315546e-01 4.195492810099040071e+00 0.000000000000000000e+00
-5.889806073067382908e-01 4.190814333602226327e+00 0.000000000000000000e+00
-6.632821569186256871e-01 4.187798328405447634e+00 0.000000000000000000e+00
-7.366156477874834518e-01 4.177554579088070597e+00 0.000000000000000000e+00
-8.888225572404435670e-01 4.181581073844212071e+00 0.000000000000000000e+00
-9.616658371478840062e-01 4.165432106403153867e+00 0.000000000000000000e+00
-1.031313101118310760e+00 4.136370677905217619e+00 0.000000000000000000e+00
-1.115551363070340196e+00 3.433313909176348488e+00 0.000000000000000000e+00
-1.157069233016928100e+00 3.360372908624734478e+00 0.000000000000000000e+00
-1.453182022846494226e+00 3.785668450393145257e+00 0.000000000000000000e+00
-1.130890333179155105e+00 2.219497181963154375e+00 0.000000000000000000e+00
-1.174617920446114905e+00 2.209134945774274605e+00 0.000000000000000000e+00
-1.056400137017764918e+00 1.905796242590781064e+00 0.000000000000000000e+00
-1.189138828483696120e+00 1.903019878579425006e+00 0.000000000000000000e+00
-2.867541134916359535e+00 4.251304459753634468e+00 0.000000000000000000e+00
-3.098216057520763123e+00 4.264328469498050111e+00 0.000000000000000000e+00
-3.033455971499158021e+00 2.929374324548232433e+00 0.000000000000000000e+00
-3.078999138754802800e+00 2.871213092883336593e+00 0.000000000000000000e+00
-2.921928246832179443e+00 1.897522356766142115e+00 0.000000000000000000e+00
-3.005482391647837925e+00 1.878033801103778266e+00 0.000000000000000000e+00
-1.686266779043170905e+00 9.347129222007476423e-01 0.000000000000000000e+00
-6.707391416838439646e+00 1.062346402449173777e+00 0.000000000000000000e+00
-6.712036853467787445e+00 9.433152298702104366e-01 0.000000000000000000e+00
-6.716560008794964176e+00 8.246898404358294909e-01 0.000000000000000000e+00
-6.720329249634324320e+00 5.879525955232318690e-01 0.000000000000000000e+00
-7.388000011444090909e+00 -2.662449420497500443e-08 0.000000000000000000e+00
