-6.877807628555896891e+00 -2.401786929233731827e-01 0.000000000000000000e+00
-6.894164901886072450e+00 -4.820873310140565970e-01 0.000000000000000000e+00
-6.884701303221190116e+00 -6.023336737610623937e-01 0.000000000000000000e+00
-6.866178934998715455e+00 -7.216648434277519453e-01 0.000000000000000000e+00
-6.843605653504214459e+00 -8.402894717308844186e-01 0.000000000000000000e+00
-6.692576164356700552e+00 -1.060000280408079476e+00 0.000000000000000000e+00
-6.779456143223742792e+00 -1.690308623354366713e+00 0.000000000000000000e+00
-2.690103472902096282e+00 -7.208111979964140215e-01 0.000000000000000000e+00
-6.572406042203382981e+00 -2.522910676044454181e+00 0.000000000000000000e+00
-1.447333958422785338e+00 -5.847609597477823051e-01 0.000000000000000000e+00
-1.437171625281723264e+00 -7.009555237593033672e-01 0.000000000000000000e+00
-4.195868538787290269e+00 -2.724829174376438790e+00 0.000000000000000000e+00
-3.940415275367196379e+00 -2.657843936481167901e+00 0.000000000000000000e+00
-3.748175522509907154e+00 -2.723209191026096043e+00 0.000000000000000000e+00
-3.504412502389740336e+00 -2.640764494143283070e+00 0.000000000000000000e+00
-3.357713820706403229e+00 -2.623333800929665838e+00 0.000000000000000000e+00
-3.243029864033959875e+00 -2.626154055457857517e+00 0.000000000000000000e+00
-3.102480018733231315e+00 -2.603290087238354644e+00 0.000000000000000000e+00
-2.947895424302007239e+00 -2.562566638678553943e+00 0.000000000000000000e+00
-2.823207091963882309e+00 -2.542027321702364340e+00 0.000000000000000000e+00
-2.675291719032004689e+00 -2.494750120204853427e+00 0.000000000000000000e+00
-2.573797739860085532e+00 -2.485487816436573905e+00 0.000000000000000000e+00
-2.236903459916900871e+00 -2.484333205797016664e+00 0.000000000000000000e+00
-2.128911362193840695e+00 -2.449032598639802050e+00 0.000000000000000000e+00
-2.062062504466524615e+00 -2.457470625009448906e+00 0.000000000000000000e+00
-1.962220888535547436e+00 -2.423141220585871114e+00 0.000000000000000000e+00
-1.898084184454418288e+00 -2.429437195661450222e+00 0.000000000000000000e+00
-1.768057868908462948e+00 -2.433523115271759352e+00 0.000000000000000000e+00
-1.694918217118385195e+00 -2.420594304377134076e+00 0.000000000000000000e+00
-1.698827987879073742e+00 -2.518616309918119356e+00 0.000000000000000000e+00
2.028531096029069669e+00 -3.246328097734255014e+00 0.000000000000000000e+00
3.211157759761289032e+00 -3.566351748155375478e+00 0.000000000000000000e+00
3.221078406854177345e+00 -3.454183458552101627e+00 0.000000000000000000e+00
4.744612797935558568e+00 -3.706897529631496990e+00 0.000000000000000000e+00
4.779035175269817692e+00 -3.601261065080656465e+00 0.000000000000000000e+00
4.814975648368049477e+00 -3.371482010841019950e+00 0.000000000000000000e+00
4.847382894311456525e+00 -3.269600817137612303e+00 0.000000000000000000e+00
4.758398015233626488e+00 -2.973376870421441609e+00 0.000000000000000000e+00
1.724396633313324489e+00 -9.168778836845854485e-01 0.000000000000000000e+00
4.564072998990953423e+00 -2.032056050451230611e+00 0.000000000000000000e+00
4.567545044709044433e+00 -1.938807676010259273e+00 0.000000000000000000e+00
4.511676855371836936e+00 -1.822835609822035963e+00 0.000000000000000000e+00
4.508259929258301213e+00 -1.730558688228049258e+00 0.000000000000000000e+00
4.444746163814516926e+00 -1.617755148250598962e+00 0.000000000000000000e+00
4.473769893175477463e+00 -1.453615804477925932e+00 0.000000000000000000e+00
4.464030853688861988e+00 -1.364791047350009556e+00 0.000000000000000000e+00
4.467241645835571262e+00 -1.113808296220621719e+00 0.000000000000000000e+00
4.543487747318359915e+00 -1.048946655503615988e+00 0.000000000000000000e+00
4.456440724557318767e+00 -9.472455800044179419e-01 0.000000000000000000e+00
4.421249043023757430e+00 -8.594036207384737613e-01 0.000000000000000000e+00
4.469289856025171481e+00 -7.078658389170661147e-01 0.000000000000000000e+00
4.403722146098117740e+00 -6.189026558841066450e-01 0.000000000000000000e+00
1.456065217194664418e+00 -1.787822856451324327e-01 0.000000000000000000e+00
1.411607945832656918e+00 -1.234996519001723275e-01 0.000000000000000000e+00
1.427514153056664847e+00 -9.982147287241151246e-02 0.000000000000000000e+00
1.457999161002247579e+00 -7.641045678376762185e-02 0.000000000000000000e+00
1.511078896677008121e+00 -5.276799515506840760e-02 0.000000000000000000e+00
1.541765201991381007e+00 -2.691156840676990278e-02 0.000000000000000000e+00
1.514999985694884588e+00 4.232861061659320305e-08 0.000000000000000000e+00
1.572760377948301702e+00 2.745267825671996245e-02 0.000000000000000000e+00
2.234932811747401882e+00 1.171279272163154028e-01 0.000000000000000000e+00
2.207609297979170826e+00 1.543711410063163536e-01 0.000000000000000000e+00
4.269776633108214092e+00 6.762662993086487884e-01 0.000000000000000000e+00
4.252399699787704712e+00 7.498129164058134899e-01 0.000000000000000000e+00
4.247500939488653593e+00 8.256306622827566111e-01 0.000000000000000000e+00
4.257876642623561914e+00 9.050397362896137610e-01 0.000000000000000000e+00
4.234612465523317937e+00 9.776374368135389847e-01 0.000000000000000000e+00
4.215934699713862699e+00 1.051150695435279836e+00 0.000000000000000000e+00
4.179565870717425469e+00 1.198471344495973812e+00 0.000000000000000000e+00
3.354319699787275066e+00 1.423824336370255406e+00 0.000000000000000000e+00
2.193642310930040473e+00 1.266500048577573923e+00 0.000000000000000000e+00
2.183205024877957090e+00 1.311801993278871814e+00 0.000000000000000000e+00
4.039498410069251477e+00 3.043980532560283336e+00 0.000000000000000000e+00
4.051163049795687421e+00 3.165115610201847396e+00 0.000000000000000000e+00
4.056084512228694372e+00 3.652115062321811489e+00 0.000000000000000000e+00
1.181684644375281312e+00 1.312393811236744368e+00 0.000000000000000000e+00
1.376009790035024993e+00 1.965145724653466708e+00 0.000000000000000000e+00
1.196948385417591521e+00 1.992056729361424416e+00 0.000000000000000000e+00
1.733999908025030789e+00 3.003376078544044869e+00 0.000000000000000000e+00
1.661442531752256979e+00 2.997321809121581637e+00 0.000000000000000000e+00
8.834654697250600153e-01 1.733898695384989752e+00 0.000000000000000000e+00
5.888240909624922192e-01 6.730291431794634960e+00 0.000000000000000000e+00
4.612994474038463744e-01 6.596890988174263448e+00 0.000000000000000000e+00
3.513311564260683806e-01 6.703799893445989255e+00 0.000000000000000000e+00
1.163899950596500033e-01 6.667984429599915330e+00 0.000000000000000000e+00
-1.056389313672685874e-07 6.697999954223631036e+00 0.000000000000000000e+00
-5.037116201919438208e-01 7.203410193329850664e+00 0.000000000000000000e+00
-6.306590686585487049e-01 7.208464886674520677e+00 0.000000000000000000e+00
-7.493646753812389649e-01 7.129727604642467576e+00 0.000000000000000000e+00
-5.374865704961666601e-01 3.824415262251485981e+00 0.000000000000000000e+00
-6.110330607848287743e-01 3.857910549626175190e+00 0.000000000000000000e+00
-1.114524323040324560e+00 2.903435014056204633e+00 0.000000000000000000e+00
-1.154162984453691143e+00 2.856653524267831923e+00 0.000000000000000000e+00
-1.191339255989937840e+00 2.806619305916015605e+00 0.000000000000000000e+00
-1.238106339895942432e+00 2.780832275659280484e+00 0.000000000000000000e+00
-1.340100595129204875e+00 2.747613312824722431e+00 0.000000000000000000e+00
-1.780550751163747059e+00 3.494527505103584453e+00 0.000000000000000000e+00
-1.903707149421198563e+00 3.580352314656879642e+00 0.000000000000000000e+00
-1.977538481414452765e+00 3.567573758649527527e+00 0.000000000000000000e+00
-2.052000087416023799e+00 3.554168312377662176e+00 0.000000000000000000e+00
-2.129682598681795547e+00 3.544386959930417635e+00 0.000000000000000000e+00
-1.679314131609112914e+00 2.687464321475818707e+00 0.000000000000000000e+00
-2.324005822120869702e+00 3.445480239419145274e+00 0.000000000000000000e+00
-2.491042465150925089e+00 3.557577247724773795e+00 0.000000000000000000e+00
-2.501614095967425566e+00 3.443176334728562438e+00 0.000000000000000000e+00
-2.489708836867724706e+00 3.303955145277320593e+00 0.000000000000000000e+00
-2.490966365420874240e+00 3.188291485609565434e+00 0.000000000000000000e+00
-2.440504521336312571e+00 3.013772029212622883e+00 0.000000000000000000e+00
-2.347460347692226890e+00 2.797594243953107185e+00 0.000000000000000000e+00
-2.155269677887873492e+00 2.393669428507806174e+00 0.000000000000000000e+00
-2.425868139314481198e+00 2.601425035309474332e+00 0.000000000000000000e+00
-2.407685992149865228e+00 2.493231781948568759e+00 0.000000000000000000e+00
-2.380121404024821530e+00 2.380121357908872248e+00 0.000000000000000000e+00
-2.361592580808817399e+00 2.280563402357879355e+00 0.000000000000000000e+00
-2.345451354244490805e+00 2.187168730339818179e+00 0.000000000000000000e+00
-2.314153066827290051e+00 2.083672741600620881e+00 0.000000000000000000e+00
-2.307901980888810378e+00 2.006228547104079940e+00 0.000000000000000000e+00
-2.327552082356948659e+00 1.884814478513667124e+00 0.000000000000000000e+00
-2.312023578896126086e+00 1.806350757789561223e+00 0.000000000000000000e+00
-2.301667530510620896e+00 1.734430858549807608e+00 0.000000000000000000e+00
-2.292754265667835689e+00 1.665783450599559457e+00 0.000000000000000000e+00
-2.281338526968815117e+00 1.597410405451491489e+00 0.000000000000000000e+00
-2.235085390197099731e+00 1.507584104890180132e+00 0.000000000000000000e+00
-2.263571775563082422e+00 1.469980672842468472e+00 0.000000000000000000e+00
-2.250719695555180699e+00 1.406405732673451370e+00 0.000000000000000000e+00
-2.268986468840741288e+00 1.309999925399702558e+00 0.000000000000000000e+00
-2.316867552152151788e+00 1.284260632385255674e+00 0.000000000000000000e+00
-2.395436881044648469e+00 1.273676359896254828e+00 0.000000000000000000e+00
-2.493927292514195759e+00 1.270719401936635684e+00 0.000000000000000000e+00
-2.596615953916067365e+00 1.266454197832445061e+00 0.000000000000000000e+00
-2.708047600424081658e+00 1.262783311701377809e+00 0.000000000000000000e+00
-2.844359926265886518e+00 1.207359134399981215e+00 0.000000000000000000e+00
-2.949371843910228108e+00 1.191623552111120476e+00 0.000000000000000000e+00
-3.117225039319074131e+00 1.196590558662935511e+00 0.000000000000000000e+00
-3.261673053012741352e+00 1.187151881905521345e+00 0.000000000000000000e+00
-3.396302737984901565e+00 1.169440792330177503e+00 0.000000000000000000e+00
-3.553147209896611702e+00 1.154487488394142281e+00 0.000000000000000000e+00
-3.873034451039708781e+00 1.184105437033363462e+00 0.000000000000000000e+00
-4.017285440219396264e+00 1.076428365223424999e+00 0.000000000000000000e+00
-1.480843065900964151e+00 1.556428713799356545e-01 0.000000000000000000e+00
-7.013872976404123882e+00 4.904577474052147501e-01 0.000000000000000000e+00
-6.979421663677996435e+00 3.657759620135314638e-01 0.000000000000000000e+00
