-4.632294264462498923e+00 -8.085723875609851508e-02 0.000000000000000000e+00
-7.143949513830000875e+00 -1.131490819366543832e+00 0.000000000000000000e+00
-7.195005608063092417e+00 -1.268673992837584308e+00 0.000000000000000000e+00
-6.660206956613555995e+00 -1.415671043311473865e+00 0.000000000000000000e+00
-6.600382905419676760e+00 -1.523818813320849452e+00 0.000000000000000000e+00
-6.589278087026639419e+00 -1.642891898240797843e+00 0.000000000000000000e+00
-6.548977216725011985e+00 -1.754793509167956733e+00 0.000000000000000000e+00
-6.813422630559946569e+00 -1.953717870048704341e+00 0.000000000000000000e+00
-6.939630094373581137e+00 -2.525819180750930038e+00 0.000000000000000000e+00
-6.863683386158502486e+00 -2.634721589130992747e+00 0.000000000000000000e+00
-6.878777017952839579e+00 -2.779206711416137843e+00 0.000000000000000000e+00
-4.124782113077004375e+00 -1.750866368692244768e+00 0.000000000000000000e+00
-3.634083683214945903e+00 -1.617998514081867567e+00 0.000000000000000000e+00
-3.396253188370824461e+00 -2.467522623228130207e+00 0.000000000000000000e+00
-2.581988543993706031e+00 -1.945668116014780846e+00 0.000000000000000000e+00
-2.504298061691062838e+00 -1.956572270192664220e+00 0.000000000000000000e+00
-2.455003936543767029e+00 -1.988023180304548276e+00 0.000000000000000000e+00
-2.416104112185698316e+00 -2.027352262386862947e+00 0.000000000000000000e+00
-2.404504706960620908e+00 -2.090204250058085744e+00 0.000000000000000000e+00
-2.935653586469348930e+00 -2.737541512061400173e+00 0.000000000000000000e+00
-2.967995831279957475e+00 -2.866160523663328963e+00 0.000000000000000000e+00
-2.971969712600111890e+00 -2.971969987160339333e+00 0.000000000000000000e+00
-2.911313081145261439e+00 -3.014753226327707036e+00 0.000000000000000000e+00
-2.920998827101354944e+00 -3.132388032590968319e+00 0.000000000000000000e+00
-2.848608159286685204e+00 -3.276949133126571212e+00 0.000000000000000000e+00
-2.835088274820710019e+00 -3.501042773958469745e+00 0.000000000000000000e+00
-2.536048491195963095e+00 -3.365450333487121082e+00 0.000000000000000000e+00
-2.407568358708724876e+00 -3.313733874633660648e+00 0.000000000000000000e+00
-2.324705132346037928e+00 -3.320023317868480817e+00 0.000000000000000000e+00
3.716853899822381901e+00 -5.948209161686732749e+00 0.000000000000000000e+00
8.544467998875018289e-01 -1.266769378150072622e+00 0.000000000000000000e+00
2.125789036736223103e+00 -2.279629490372132139e+00 0.000000000000000000e+00
3.516561327053972175e+00 -3.166325826836633883e+00 0.000000000000000000e+00
3.476192387379018811e+00 -3.021807736100079023e+00 0.000000000000000000e+00
3.358338798184195451e+00 -2.817980656079198454e+00 0.000000000000000000e+00
3.342741784348090217e+00 -2.611635931173875047e+00 0.000000000000000000e+00
3.296767293659432330e+00 -2.484292176112040451e+00 0.000000000000000000e+00
3.277328018000729148e+00 -2.381118019026864818e+00 0.000000000000000000e+00
3.170937678169081231e+00 -2.220314311053368073e+00 0.000000000000000000e+00
3.050029214140597578e+00 -2.057270537169770819e+00 0.000000000000000000e+00
2.943512580518344190e+00 -1.768640662522378948e+00 0.000000000000000000e+00
2.918605920848867719e+00 -1.617809557990629088e+00 0.000000000000000000e+00
2.838676483142012152e+00 -1.509350944003805095e+00 0.000000000000000000e+00
2.806670681342370965e+00 -1.430070028812567395e+00 0.000000000000000000e+00
2.748512314607752138e+00 -1.340538918888734221e+00 0.000000000000000000e+00
2.754269436144990646e+00 -1.284336825676630101e+00 0.000000000000000000e+00
2.736982276144234394e+00 -1.218582918250054048e+00 0.000000000000000000e+00
2.703522823580001955e+00 -1.147577254590541607e+00 0.000000000000000000e+00
2.768571080906951032e+00 -1.118575225216289715e+00 0.000000000000000000e+00
2.870761051250897200e+00 -1.044871472721573991e+00 0.000000000000000000e+00
2.973655933463497547e+00 -1.023911748836346503e+00 0.000000000000000000e+00
3.019604423687296979e+00 -9.811288506901193474e-01 0.000000000000000000e+00
3.151024272988756092e+00 -9.633646940867147679e-01 0.000000000000000000e+00
3.257715856984348513e+00 -9.341348839736417498e-01 0.000000000000000000e+00
3.358524123133053596e+00 -8.999137186806600575e-01 0.000000000000000000e+00
3.465896385947131009e+00 -8.641449141457692162e-01 0.000000000000000000e+00
3.548719538283377162e+00 -7.543035137414878522e-01 0.000000000000000000e+00
3.646744923113730774e+00 -7.088552941342975977e-01 0.000000000000000000e+00
3.760980833813872160e+00 -6.631622813382083148e-01 0.000000000000000000e+00
3.780871053077165644e+00 -5.988310326786390192e-01 0.000000000000000000e+00
3.798668293188035339e+00 -5.338679002624884262e-01 0.000000000000000000e+00
3.846116351251387400e+00 -4.722435945957433323e-01 0.000000000000000000e+00
3.874201129775142416e+00 -3.389485673631970064e-01 0.000000000000000000e+00
3.898480308568596175e+00 -2.726081878292686000e-01 0.000000000000000000e+00
3.900646867594887990e+00 -2.044241292294119716e-01 0.000000000000000000e+00
3.973578002671273701e+00 -1.387602892571284385e-01 0.000000000000000000e+00
4.029386423231247072e+00 -7.033308847938558872e-02 0.000000000000000000e+00
4.083000183105466974e+00 1.140777072805576476e-07 0.000000000000000000e+00
4.117372837168668198e+00 7.186912472273966623e-02 0.000000000000000000e+00
4.173456207782790806e+00 1.457404178332257216e-01 0.000000000000000000e+00
4.195754238943315784e+00 2.933958331488596971e-01 0.000000000000000000e+00
4.232831334298851722e+00 3.703248726543381109e-01 0.000000000000000000e+00
4.267493330837078602e+00 4.485317400885182049e-01 0.000000000000000000e+00
4.290776953889104739e+00 5.268412817838606932e-01 0.000000000000000000e+00
4.270035696084365284e+00 6.001144978868923063e-01 0.000000000000000000e+00
1.043986612093517952e+00 1.653512638609177521e-01 0.000000000000000000e+00
1.034048088855777925e+00 1.823306057630275367e-01 0.000000000000000000e+00
1.023142388375529954e+00 2.174756563148232402e-01 0.000000000000000000e+00
1.012370524644815584e+00 2.337241796923258674e-01 0.000000000000000000e+00
1.007166945304223571e+00 2.511149508667234742e-01 0.000000000000000000e+00
1.000699161984106800e+00 2.681365601116183495e-01 0.000000000000000000e+00
9.949058158569539234e-01 2.852846797153783531e-01 0.000000000000000000e+00
9.907317321790801712e-01 3.028971153999724941e-01 0.000000000000000000e+00
9.843434544628708593e-01 3.198326039702629742e-01 0.000000000000000000e+00
9.735215587386178981e-01 3.543328976193380608e-01 0.000000000000000000e+00
9.634549401131505819e-01 3.698357286332571436e-01 0.000000000000000000e+00
9.633440470103278308e-01 3.892162874703891107e-01 0.000000000000000000e+00
9.610070840892932509e-01 4.079233335562282847e-01 0.000000000000000000e+00
4.706456138975068981e+00 2.194656681097792550e+00 0.000000000000000000e+00
4.664741096152800637e+00 2.275146390853020950e+00 0.000000000000000000e+00
4.611849817489213521e+00 2.349854992357368388e+00 0.000000000000000000e+00
4.600499798487247105e+00 2.550098823958741878e+00 0.000000000000000000e+00
2.549309753668155487e+00 2.733800130302420417e+00 0.000000000000000000e+00
2.525491172387013705e+00 3.888915545045987354e+00 0.000000000000000000e+00
2.486381061316944585e+00 3.979041642731411699e+00 0.000000000000000000e+00
2.670102000303332446e+00 5.726052504428381873e+00 0.000000000000000000e+00
2.512818862734317982e+00 5.643883860706720768e+00 0.000000000000000000e+00
2.224039166181201566e+00 5.504690398798024020e+00 0.000000000000000000e+00
2.094660488348128791e+00 5.456777435986702507e+00 0.000000000000000000e+00
1.879179234029204615e+00 5.457533097729068139e+00 0.000000000000000000e+00
1.740074610795517174e+00 5.355399314844520475e+00 0.000000000000000000e+00
1.635234828904010396e+00 5.348612467633902412e+00 0.000000000000000000e+00
1.512697690977404807e+00 5.275404133767295001e+00 0.000000000000000000e+00
1.391152275012617512e+00 5.191851341065846448e+00 0.000000000000000000e+00
3.798546325998996553e-01 1.787075694603083686e+00 0.000000000000000000e+00
7.810772049405662054e-01 4.931527928002716443e+00 0.000000000000000000e+00
6.884892516038267907e-01 4.898856174110880701e+00 0.000000000000000000e+00
5.936254681197207228e-01 4.834692129042283959e+00 0.000000000000000000e+00
5.100988322271909903e-01 4.853266971670096019e+00 0.000000000000000000e+00
4.141639990408074734e-01 4.733917067737140272e+00 0.000000000000000000e+00
3.287621715557861313e-01 4.701519195383460747e+00 0.000000000000000000e+00
1.630503712946369810e-01 4.669153877826166976e+00 0.000000000000000000e+00
8.104890256635281787e-02 4.643292750993148310e+00 0.000000000000000000e+00
-7.245524626913560176e-08 4.593999862670897549e+00 0.000000000000000000e+00
-5.356148343703665687e-02 3.068532581318625052e+00 0.000000000000000000e+00
-2.306446301822918932e-01 4.400960420880275947e+00 0.000000000000000000e+00
-3.096490634429024946e-01 4.428186943770887396e+00 0.000000000000000000e+00
-4.612841852240854856e-01 4.388825223585540058e+00 0.000000000000000000e+00
-6.811157376990594203e-01 4.300395115463215845e+00 0.000000000000000000e+00
-7.512021151144032682e-01 4.260278539076323590e+00 0.000000000000000000e+00
-2.917001210401659050e-01 1.372341076903669244e+00 0.000000000000000000e+00
-3.054835593526354365e-01 1.323194582724998902e+00 0.000000000000000000e+00
-3.256268789903938310e-01 1.306018000482221719e+00 0.000000000000000000e+00
-3.535468483071735335e-01 1.319454728201359783e+00 0.000000000000000000e+00
-3.897512490855211675e-01 1.359224065755147093e+00 0.000000000000000000e+00
-4.277398401468316402e-01 1.399073908755049445e+00 0.000000000000000000e+00
-4.759806641037135910e-01 1.382348162964184946e+00 0.000000000000000000e+00
-4.921670075039744630e-01 1.352217684737189174e+00 0.000000000000000000e+00
-7.841090870349209929e-01 2.042673929202766914e+00 0.000000000000000000e+00
-1.791056205385316069e+00 3.840932303206674447e+00 0.000000000000000000e+00
-1.856063572448754417e+00 3.805494154427655484e+00 0.000000000000000000e+00
-1.926281750074744004e+00 3.780540685973521775e+00 0.000000000000000000e+00
-2.006051921970479768e+00 3.772834831414386692e+00 0.000000000000000000e+00
-2.073045991590710013e+00 3.739873863179001834e+00 0.000000000000000000e+00
-2.209513364301447069e+00 3.677247661726399830e+00 0.000000000000000000e+00
-2.277063083730895166e+00 3.644062584891593293e+00 0.000000000000000000e+00
-2.340858536390710398e+00 3.604605956180877868e+00 0.000000000000000000e+00
-2.409003117125645410e+00 3.571493908384817395e+00 0.000000000000000000e+00
-2.411888909122455793e+00 3.444534257112275455e+00 0.000000000000000000e+00
-2.237863335986335134e+00 2.763531010998957704e+00 0.000000000000000000e+00
-1.745837744455623897e+00 1.685935880225754024e+00 0.000000000000000000e+00
-1.848130783952956602e+00 1.723409804652449306e+00 0.000000000000000000e+00
-1.859348438338636056e+00 1.674164822388148233e+00 0.000000000000000000e+00
-1.773812161368515383e+00 1.385853920829892560e+00 0.000000000000000000e+00
-4.859268614981871792e+00 2.805499993296860950e+00 0.000000000000000000e+00
-3.874346457981165504e+00 1.724970148123406100e+00 0.000000000000000000e+00
-4.593217551700694123e+00 1.671794435517155009e+00 0.000000000000000000e+00
-6.547072904131246318e+00 2.127272895525136320e+00 0.000000000000000000e+00
-3.456090557166370036e+00 7.979013557822387526e-01 0.000000000000000000e+00
-3.463620549837200358e+00 7.362152560838230997e-01 0.000000000000000000e+00
-1.953647583459642068e+00 3.094273694437451039e-01 0.000000000000000000e+00
