-4.477855027378283559e+00 -2.346746708406085569e-01 0.000000000000000000e+00
-4.446142735209959618e+00 -3.109048180641165171e-01 0.000000000000000000e+00
-4.357179565552977252e+00 -6.123618805583613822e-01 0.000000000000000000e+00
-4.367557738972422499e+00 -6.917534166686991615e-01 0.000000000000000000e+00
-4.337093113728188953e+00 -7.647467615224244897e-01 0.000000000000000000e+00
-4.255353835681733976e+00 -8.271572183587659888e-01 0.000000000000000000e+00
-1.494609515030779434e+00 -3.176891386814676421e-01 0.000000000000000000e+00
-1.441093282062168024e+00 -3.327026759543722512e-01 0.000000000000000000e+00
-1.389463502362881853e+00 -3.464322344245346907e-01 0.000000000000000000e+00
-1.416047204506061252e+00 -3.794287811532945365e-01 0.000000000000000000e+00
-1.441892523188197384e+00 -4.134561059822122742e-01 0.000000000000000000e+00
-1.500442144651913612e+00 -4.587312813708553927e-01 0.000000000000000000e+00
-1.482697099404349794e+00 -4.817575728463773244e-01 0.000000000000000000e+00
-1.448066310569659398e+00 -5.270531155834229375e-01 0.000000000000000000e+00
-2.149102143749261451e+00 -8.249631425019695596e-01 0.000000000000000000e+00
-4.034176715238653621e+00 -1.629913423965975605e+00 0.000000000000000000e+00
-4.007723911857554278e+00 -1.784353883810207542e+00 0.000000000000000000e+00
-3.975972247136393634e+00 -1.854026544131599064e+00 0.000000000000000000e+00
-3.941212005009393504e+00 -1.922257771180438501e+00 0.000000000000000000e+00
-3.918646385559842571e+00 -1.996650301025707730e+00 0.000000000000000000e+00
-3.889384231514906975e+00 -2.068022521167213412e+00 0.000000000000000000e+00
-3.855323559061414773e+00 -2.137040988770519512e+00 0.000000000000000000e+00
-3.847750623142139670e+00 -2.221500105428424909e+00 0.000000000000000000e+00
-3.778054090477888316e+00 -2.360790462884041485e+00 0.000000000000000000e+00
-3.739632039129074936e+00 -2.428545696190204328e+00 0.000000000000000000e+00
-3.714088221414992841e+00 -2.505184395298048372e+00 0.000000000000000000e+00
-3.667343773933120943e+00 -2.567902015559703433e+00 0.000000000000000000e+00
-3.692353540076231067e+00 -2.682652142747073754e+00 0.000000000000000000e+00
-2.943770471995346139e+00 -2.218290379928614442e+00 0.000000000000000000e+00
-2.877027173498369450e+00 -2.247780196122721286e+00 0.000000000000000000e+00
-3.152272584132751465e+00 -2.645071014477223592e+00 0.000000000000000000e+00
-1.534976736025196464e+00 -1.829314208800231434e+00 0.000000000000000000e+00
-1.512256888165972368e+00 -1.867481904427551020e+00 0.000000000000000000e+00
-3.227533725448151092e+00 -4.283082318953610468e+00 0.000000000000000000e+00
1.759184190048511232e+00 -2.708905887752117270e+00 0.000000000000000000e+00
1.819384508639491305e+00 -2.598350163876057106e+00 0.000000000000000000e+00
1.805088655642581363e+00 -2.484491206353346193e+00 0.000000000000000000e+00
2.834437397758593047e+00 -3.147961428492627167e+00 0.000000000000000000e+00
2.882807335302210561e+00 -3.091432170854436112e+00 0.000000000000000000e+00
2.318074990020337456e+00 -2.400436757713503955e+00 0.000000000000000000e+00
3.038437893584196470e+00 -3.038437686826651163e+00 0.000000000000000000e+00
3.098196736699908804e+00 -2.991893607870065530e+00 0.000000000000000000e+00
2.673033025562798315e+00 -2.014274724414550022e+00 0.000000000000000000e+00
2.834795574195721812e+00 -2.059599400762068822e+00 0.000000000000000000e+00
2.830170315267773518e+00 -1.981706451366083810e+00 0.000000000000000000e+00
2.803805106613578513e+00 -1.891190291246950039e+00 0.000000000000000000e+00
2.780807593188248106e+00 -1.605499893860073524e+00 0.000000000000000000e+00
2.727064321713349671e+00 -1.511636323837755480e+00 0.000000000000000000e+00
2.690341300196302132e+00 -1.430479734220762023e+00 0.000000000000000000e+00
2.660545578433175962e+00 -1.355615575884856483e+00 0.000000000000000000e+00
2.637960514929084344e+00 -1.286619207765447692e+00 0.000000000000000000e+00
2.609260110312302317e+00 -1.216717872066145789e+00 0.000000000000000000e+00
2.548791827361846174e+00 -1.134795139182994905e+00 0.000000000000000000e+00
2.540593420234202426e+00 -1.078417832020527323e+00 0.000000000000000000e+00
2.537471568656813670e+00 -9.740439855235127897e-01 0.000000000000000000e+00
2.511798494784176494e+00 -9.142197994087248869e-01 0.000000000000000000e+00
2.568974004103913522e+00 -8.845685997685174273e-01 0.000000000000000000e+00
2.656300859901093325e+00 -8.630843793040569034e-01 0.000000000000000000e+00
2.730250121754890014e+00 -8.347211400024658889e-01 0.000000000000000000e+00
2.815535436366658928e+00 -8.073417030939914474e-01 0.000000000000000000e+00
2.915738790188372676e+00 -7.269752369790707380e-01 0.000000000000000000e+00
3.022495959828037204e+00 -6.977980803857245506e-01 0.000000000000000000e+00
3.118334535286075404e+00 -6.628223706079440225e-01 0.000000000000000000e+00
3.238388121057405478e+00 -6.294787851827966518e-01 0.000000000000000000e+00
3.371981788148621373e+00 -5.945712658662799521e-01 0.000000000000000000e+00
3.513207366482148597e+00 -5.564372774819857925e-01 0.000000000000000000e+00
3.628342252666092893e+00 -5.099301413966942365e-01 0.000000000000000000e+00
3.910460026631928709e+00 -4.110057969650056098e-01 0.000000000000000000e+00
4.075432599900171482e+00 -3.565540339413421633e-01 0.000000000000000000e+00
4.183783402992214739e+00 -2.925585154946306332e-01 0.000000000000000000e+00
1.503770881294818951e+00 2.624846019446701317e-02 0.000000000000000000e+00
6.924855759395718735e+00 7.278318588524907984e-01 0.000000000000000000e+00
6.452218591710942697e+00 2.221677211213869629e+00 0.000000000000000000e+00
6.443472123252218076e+00 2.345232242334335915e+00 0.000000000000000000e+00
6.481848689140609743e+00 2.488148778973830133e+00 0.000000000000000000e+00
3.726203477578685419e+00 1.581679645497259035e+00 0.000000000000000000e+00
2.437967971067422912e+00 1.136843208140623229e+00 0.000000000000000000e+00
1.275655445131261612e+00 7.365000552628904185e-01 0.000000000000000000e+00
1.250022855879927119e+00 7.811010128680069275e-01 0.000000000000000000e+00
1.308221226990452513e+00 8.824064039502445000e-01 0.000000000000000000e+00
3.285039423610602416e+00 3.401758053011691985e+00 0.000000000000000000e+00
3.088770368543581668e+00 3.312300839020705379e+00 0.000000000000000000e+00
2.918747627747164231e+00 3.241597782835194508e+00 0.000000000000000000e+00
2.772505278414767904e+00 3.189402618441601778e+00 0.000000000000000000e+00
2.633500848878891798e+00 3.138484232746488800e+00 0.000000000000000000e+00
2.493996682127376907e+00 3.079829543689819982e+00 0.000000000000000000e+00
2.288702453881728438e+00 3.037210870929716311e+00 0.000000000000000000e+00
2.155408491440023333e+00 2.966665407607436578e+00 0.000000000000000000e+00
2.052256468553585123e+00 2.930926112791569782e+00 0.000000000000000000e+00
1.747673728777262792e+00 2.796862738742507126e+00 0.000000000000000000e+00
1.658422560846554594e+00 2.760078765891480046e+00 0.000000000000000000e+00
1.574999993594141667e+00 2.727980135740229350e+00 0.000000000000000000e+00
1.450197597836418995e+00 2.727425130914555407e+00 0.000000000000000000e+00
1.364241451670240135e+00 2.677474733650087035e+00 0.000000000000000000e+00
1.291002946977965582e+00 2.646948431249518841e+00 0.000000000000000000e+00
1.220944082228961891e+00 2.618323164815402837e+00 0.000000000000000000e+00
1.154725274941319046e+00 2.593555564009033088e+00 0.000000000000000000e+00
1.112411427866270452e+00 2.620677231683731456e+00 0.000000000000000000e+00
1.088981340826423505e+00 2.695323545767545959e+00 0.000000000000000000e+00
1.022982175231274438e+00 2.810620588524361807e+00 0.000000000000000000e+00
9.962384809453985746e-01 2.893286805502420123e+00 0.000000000000000000e+00
9.715493923820424094e-01 2.990121755711214746e+00 0.000000000000000000e+00
9.426063136218228999e-01 3.083126528369744879e+00 0.000000000000000000e+00
9.192505346685599932e-01 3.205807809110190476e+00 0.000000000000000000e+00
8.882668835448177536e-01 3.315057376098323960e+00 0.000000000000000000e+00
8.501134661422500294e-01 3.409619137928536770e+00 0.000000000000000000e+00
8.183718761401824748e-01 3.544758321184959371e+00 0.000000000000000000e+00
7.079013172716374092e-01 3.641836900254543430e+00 0.000000000000000000e+00
6.478812786835579374e-01 3.674317684988271271e+00 0.000000000000000000e+00
5.860034512413762053e-01 3.699880584689093421e+00 0.000000000000000000e+00
5.249608842219606331e-01 3.735291237803203046e+00 0.000000000000000000e+00
4.649314887598701151e-01 3.786563633078365854e+00 0.000000000000000000e+00
4.006575307090275428e-01 3.812002376580560625e+00 0.000000000000000000e+00
2.703062727014834410e-01 3.865560699166193270e+00 0.000000000000000000e+00
2.037438088722657303e-01 3.887664669716237587e+00 0.000000000000000000e+00
1.364220671439109467e-01 3.906618664946301944e+00 0.000000000000000000e+00
6.942560824122996632e-02 3.977394058061205495e+00 0.000000000000000000e+00
-6.316571142233857685e-08 4.005000114440917081e+00 0.000000000000000000e+00
-7.104881198369945861e-02 4.070380065037737083e+00 0.000000000000000000e+00
-1.428785981310384257e-01 4.091505906355929589e+00 0.000000000000000000e+00
-2.159382149788122152e-01 4.120345384699324320e+00 0.000000000000000000e+00
-3.654440784325420633e-01 4.177044203974439540e+00 0.000000000000000000e+00
-4.426781189052709786e-01 4.211800353044942824e+00 0.000000000000000000e+00
-5.226976811605493767e-01 4.257030470716840043e+00 0.000000000000000000e+00
-6.016453719668645173e-01 4.280928807000693226e+00 0.000000000000000000e+00
-6.883117243489433879e-01 4.345828782793587308e+00 0.000000000000000000e+00
-7.706507106163262844e-01 4.370576995863017622e+00 0.000000000000000000e+00
-2.070800561538683471e-01 9.742349994717380834e-01 0.000000000000000000e+00
-2.392607734883890058e-01 9.596224917119138276e-01 0.000000000000000000e+00
-2.546779604785157081e-01 9.504710358218128041e-01 0.000000000000000000e+00
-2.706758944180991389e-01 9.439589753108171832e-01 0.000000000000000000e+00
-2.868166567851749837e-01 9.381349676633868873e-01 0.000000000000000000e+00
-3.040727433462843132e-01 9.358396338281205207e-01 0.000000000000000000e+00
-3.193823737870475910e-01 9.275537243073090909e-01 0.000000000000000000e+00
-3.355217747689514529e-01 9.218384624315160147e-01 0.000000000000000000e+00
-3.697367151256915063e-01 9.151304491150025200e-01 0.000000000000000000e+00
-3.860423569610090810e-01 9.094587679374188660e-01 0.000000000000000000e+00
-4.034827546893522410e-01 9.062370741162407706e-01 0.000000000000000000e+00
-4.226182729714141328e-01 9.063077817996815222e-01 0.000000000000000000e+00
-4.383711578051673330e-01 8.987940409262608066e-01 0.000000000000000000e+00
-4.567144726531632837e-01 8.963525951856359253e-01 0.000000000000000000e+00
-4.445808732590965207e+00 7.399068062017164493e+00 0.000000000000000000e+00
-3.346725782165652419e+00 4.132862063378921924e+00 0.000000000000000000e+00
-3.818547036034785069e+00 2.575642452208008581e+00 0.000000000000000000e+00
-3.873819338437760162e+00 2.515687648636794282e+00 0.000000000000000000e+00
-3.932399112534588070e+00 2.457235641537507398e+00 0.000000000000000000e+00
-2.206132224924655993e+00 1.124080493390502866e+00 0.000000000000000000e+00
-5.467798897760482113e+00 2.320942888876912136e+00 0.000000000000000000e+00
-5.486146712280002724e+00 2.216547108560796620e+00 0.000000000000000000e+00
-5.426903221400436017e+00 2.083192928196076377e+00 0.000000000000000000e+00
-5.429543860657715548e+00 1.976192312137055263e+00 0.000000000000000000e+00
-5.289321746104422850e+00 1.617107907754274709e+00 0.000000000000000000e+00
-5.260985318240207320e+00 1.508563231715789765e+00 0.000000000000000000e+00
-5.170601114370656504e+00 1.385458361768901581e+00 0.000000000000000000e+00
-5.138686177101334351e+00 1.281218331773690933e+00 0.000000000000000000e+00
-4.847362180794023701e+00 6.812523038334393766e-01 0.000000000000000000e+00
-4.833699647605873118e+00 5.935036664421918795e-01 0.000000000000000000e+00
-4.789617435140927526e+00 5.034090563561394172e-01 0.000000000000000000e+00
-4.683145286424360343e+00 1.635390188782694654e-01 0.000000000000000000e+00
-4.660289882395227679e+00 8.134564505163423276e-02 0.000000000000000000e+00
-4.607999801635741299e+00 -1.660607252641247738e-08 0.000000000000000000e+00
