-7.254704030948317062e+00 -1.019582538761408586e+00 0.000000000000000000e+00
-7.225927826287581901e+00 -1.144474912794604116e+00 0.000000000000000000e+00
-6.945994091201142417e+00 -1.350164844821631238e+00 0.000000000000000000e+00
-6.646512950052113844e+00 -1.412760291636302235e+00 0.000000000000000000e+00
-6.575049261729166261e+00 -1.517970079479382672e+00 0.000000000000000000e+00
-6.551436520864775126e+00 -1.633456934100117275e+00 0.000000000000000000e+00
-6.518067528059775739e+00 -1.746511281387161052e+00 0.000000000000000000e+00
-6.954664982464172418e+00 -2.531291433335466134e+00 0.000000000000000000e+00
-6.842210812392966801e+00 -2.626479039104813840e+00 0.000000000000000000e+00
-6.859305800165286904e+00 -2.771339827664363487e+00 0.000000000000000000e+00
-4.104531157715918255e+00 -1.742270346962223382e+00 0.000000000000000000e+00
-3.637738035725810448e+00 -1.619625536860627601e+00 0.000000000000000000e+00
-3.383309083559040698e+00 -2.458118179657821756e+00 0.000000000000000000e+00
-2.577196697592042174e+00 -1.942057200396179351e+00 0.000000000000000000e+00
-2.499569964277303047e+00 -1.952878275283653320e+00 0.000000000000000000e+00
-2.451895392838041143e+00 -1.985505931003239910e+00 0.000000000000000000e+00
-2.413805962874467692e+00 -2.025423885963873794e+00 0.000000000000000000e+00
-2.414315759805134132e+00 -2.098732868984794830e+00 0.000000000000000000e+00
-2.934190985145412878e+00 -2.736177614134776448e+00 0.000000000000000000e+00
-2.978066544129144955e+00 -2.875885698917716837e+00 0.000000000000000000e+00
-2.969141153433504599e+00 -2.969141427732420624e+00 0.000000000000000000e+00
-2.934931408966303223e+00 -3.039210723001661840e+00 0.000000000000000000e+00
-2.920316878205603039e+00 -3.131656731865999355e+00 0.000000000000000000e+00
-2.775129559406496860e+00 -3.192421665424227228e+00 0.000000000000000000e+00
-2.904757084938089928e+00 -3.461755011577689611e+00 0.000000000000000000e+00
-2.542066491843989695e+00 -3.373436490833140677e+00 0.000000000000000000e+00
-2.408743843936078211e+00 -3.315351791401390802e+00 0.000000000000000000e+00
-2.322984527864334847e+00 -3.317566039773035325e+00 0.000000000000000000e+00
-1.949346366432530564e+00 -2.890025115671730926e+00 0.000000000000000000e+00
3.720563318712570400e+00 -5.954145472346725754e+00 0.000000000000000000e+00
8.678674574750405712e-01 -1.286666319737038267e+00 0.000000000000000000e+00
2.200126838603126522e+00 -2.359347017585186723e+00 0.000000000000000000e+00
3.496569509211282956e+00 -3.039521296665872896e+00 0.000000000000000000e+00
3.356040831357512300e+00 -2.816052433093058305e+00 0.000000000000000000e+00
3.325405300826876687e+00 -2.598091186708058054e+00 0.000000000000000000e+00
3.282392134404585438e+00 -2.473459717377126221e+00 0.000000000000000000e+00
3.277328018000729148e+00 -2.381118019026864818e+00 0.000000000000000000e+00
3.179948283678828425e+00 -2.226623604516398292e+00 0.000000000000000000e+00
3.054174496970166519e+00 -2.060066565546800899e+00 0.000000000000000000e+00
1.628252341055006047e+00 -1.017444912048790950e+00 0.000000000000000000e+00
2.942655475327935921e+00 -1.768125661804580862e+00 0.000000000000000000e+00
2.926477553402894838e+00 -1.622172874837184198e+00 0.000000000000000000e+00
2.838676483142012152e+00 -1.509350944003805095e+00 0.000000000000000000e+00
2.804888584991765743e+00 -1.429162005439394978e+00 0.000000000000000000e+00
2.770982037536432685e+00 -1.351498134142183449e+00 0.000000000000000000e+00
2.761519805200347122e+00 -1.287717728015137064e+00 0.000000000000000000e+00
2.738809234658709624e+00 -1.219396332519300907e+00 0.000000000000000000e+00
2.699840851522204321e+00 -1.146014350312940078e+00 0.000000000000000000e+00
2.767643743184533101e+00 -1.118200556489574060e+00 0.000000000000000000e+00
2.870761051250897200e+00 -1.044871472721573991e+00 0.000000000000000000e+00
2.972710483408441906e+00 -1.023586204307668668e+00 0.000000000000000000e+00
3.018653436093477804e+00 -9.808198561219483302e-01 0.000000000000000000e+00
3.144330168819234661e+00 -9.613181012785487756e-01 0.000000000000000000e+00
3.263483467545909456e+00 -9.357887195011258541e-01 0.000000000000000000e+00
3.364319718669185999e+00 -9.014666436380740500e-01 0.000000000000000000e+00
3.453282530307567377e+00 -8.609999271106997254e-01 0.000000000000000000e+00
3.542850611597389232e+00 -7.530560350457572438e-01 0.000000000000000000e+00
3.643800020951185381e+00 -7.082828632314951411e-01 0.000000000000000000e+00
3.767874458066614807e+00 -6.643778130806292648e-01 0.000000000000000000e+00
3.784821755593408277e+00 -5.994567623674846857e-01 0.000000000000000000e+00
3.797678096889139709e+00 -5.337287372774267569e-01 0.000000000000000000e+00
3.852071669831251377e+00 -4.729748155979895952e-01 0.000000000000000000e+00
3.879629948318047639e+00 -4.077654260568278066e-01 0.000000000000000000e+00
3.899477800318150056e+00 -2.726779392187069218e-01 0.000000000000000000e+00
3.901645662843043372e+00 -2.044764738419373729e-01 0.000000000000000000e+00
3.927606020770734396e+00 -1.371549135725555202e-01 0.000000000000000000e+00
4.036385326587841327e+00 -7.045525459534804358e-02 0.000000000000000000e+00
4.089000225067136896e+00 1.142453465163839478e-07 0.000000000000000000e+00
4.121372414839049370e+00 7.193893772190168567e-02 0.000000000000000000e+00
4.171275606364335253e+00 2.186074064747560997e-01 0.000000000000000000e+00
4.199744681601547569e+00 2.936748721920615091e-01 0.000000000000000000e+00
4.228846369307111885e+00 3.699762332835367373e-01 0.000000000000000000e+00
4.271471604303406444e+00 4.489498735879909885e-01 0.000000000000000000e+00
4.297724746637461735e+00 5.276943636560832429e-01 0.000000000000000000e+00
1.039956976670327382e+00 1.833725022727002441e-01 0.000000000000000000e+00
1.028745261431995850e+00 1.999678501821824383e-01 0.000000000000000000e+00
1.017273461759250708e+00 2.162281772911407440e-01 0.000000000000000000e+00
1.012370524644815584e+00 2.337241796923258674e-01 0.000000000000000000e+00
1.007166945304223571e+00 2.511149508667234742e-01 0.000000000000000000e+00
1.001665017794112433e+00 2.683953604227380385e-01 0.000000000000000000e+00
9.949058158569539234e-01 2.852846797153783531e-01 0.000000000000000000e+00
9.897753827424533579e-01 3.026047300081858293e-01 0.000000000000000000e+00
9.786116856361550820e-01 3.369630538243920115e-01 0.000000000000000000e+00
9.725818222145883318e-01 3.539908614696820055e-01 0.000000000000000000e+00
9.727908466763121043e-01 3.734194476661715223e-01 0.000000000000000000e+00
9.633440470103278308e-01 3.892162874703891107e-01 0.000000000000000000e+00
9.619275222155448946e-01 4.083140363876737733e-01 0.000000000000000000e+00
4.688330000728372582e+00 2.186204323478609712e+00 0.000000000000000000e+00
4.610067508756841015e+00 2.348946860644838708e+00 0.000000000000000000e+00
4.571902553529530344e+00 2.430923849999238051e+00 0.000000000000000000e+00
4.583881977563114773e+00 2.540887414883292728e+00 0.000000000000000000e+00
6.030944631737011896e+00 5.824015788658178927e+00 0.000000000000000000e+00
2.586267100453291334e+00 3.834298825745448447e+00 0.000000000000000000e+00
2.533116085397529638e+00 3.900656881963111111e+00 0.000000000000000000e+00
2.432859306296036639e+00 3.893388926285984208e+00 0.000000000000000000e+00
1.115908580711949982e+00 2.190094008843956441e+00 0.000000000000000000e+00
2.818726287138626940e+00 5.779245617779919186e+00 0.000000000000000000e+00
2.644744929822740787e+00 5.671674088579899298e+00 0.000000000000000000e+00
2.122254869706670544e+00 5.528663261109631577e+00 0.000000000000000000e+00
2.009026244702985409e+00 5.519754559722817255e+00 0.000000000000000000e+00
1.889922980070140479e+00 5.488735203707157062e+00 0.000000000000000000e+00
1.737602506806799507e+00 5.347790960624956291e+00 0.000000000000000000e+00
1.620323838269863925e+00 5.299840811721937328e+00 0.000000000000000000e+00
1.504704261783798902e+00 5.247527731454763256e+00 0.000000000000000000e+00
1.384164174094177024e+00 5.165771391532945067e+00 0.000000000000000000e+00
8.871684893148318318e-01 5.031383028195132390e+00 0.000000000000000000e+00
7.774791750353121644e-01 4.908810858740786820e+00 0.000000000000000000e+00
6.799997115140180570e-01 4.838449950212046602e+00 0.000000000000000000e+00
5.898475603641778475e-01 4.803923535255658628e+00 0.000000000000000000e+00
4.118979481605452575e-01 4.708015982748396056e+00 0.000000000000000000e+00
3.295992548996372062e-01 4.713490047719139930e+00 0.000000000000000000e+00
2.465022798100083568e-01 4.703545150776481165e+00 0.000000000000000000e+00
1.624919867929858763e-01 4.653163830453070027e+00 0.000000000000000000e+00
8.104890256635281787e-02 4.643292750993148310e+00 0.000000000000000000e+00
-7.204518137630140368e-08 4.567999839782713956e+00 0.000000000000000000e+00
-2.384426987333227999e-01 4.549756389055533035e+00 0.000000000000000000e+00
-3.119510270456546941e-01 4.461106549783591113e+00 0.000000000000000000e+00
-3.852284560632635024e-01 4.403180635753840555e+00 0.000000000000000000e+00
-4.615977479300876207e-01 4.391808573020355766e+00 0.000000000000000000e+00
-5.356158266127389878e-01 4.362240309591621568e+00 0.000000000000000000e+00
-6.054030391838164382e-01 4.307665995693067629e+00 0.000000000000000000e+00
-6.775177070772311350e-01 4.277678046314780325e+00 0.000000000000000000e+00
-8.237224768326134594e-01 4.237684453051046241e+00 0.000000000000000000e+00
-2.879577089683637015e-01 1.354734413613573496e+00 0.000000000000000000e+00
-3.016593733906611230e-01 1.306630214551010916e+00 0.000000000000000000e+00
-3.285299622020843024e-01 1.317661630587700028e+00 0.000000000000000000e+00
-3.563938367220291781e-01 1.330079833030047176e+00 0.000000000000000000e+00
-4.201381687971833534e-01 1.374209963314351413e+00 0.000000000000000000e+00
-4.554910613339753223e-01 1.401857277175706074e+00 0.000000000000000000e+00
-4.720738575884064203e-01 1.371001973472095292e+00 0.000000000000000000e+00
-5.171344632067218505e-01 1.420815202712578218e+00 0.000000000000000000e+00
-8.132709414948907645e-01 2.012916141393731539e+00 0.000000000000000000e+00
-1.717242205032699198e+00 3.856989012172081122e+00 0.000000000000000000e+00
-1.790633617743399464e+00 3.840026061113380962e+00 0.000000000000000000e+00
-1.860008835945351047e+00 3.813583143079141813e+00 0.000000000000000000e+00
-1.992906775224689175e+00 3.748112406753584480e+00 0.000000000000000000e+00
-2.063349808225492410e+00 3.722381485833169634e+00 0.000000000000000000e+00
-2.137500091058358365e+00 3.702258658726731433e+00 0.000000000000000000e+00
-2.206423114180569911e+00 3.672104621989802364e+00 0.000000000000000000e+00
-2.274413426716749953e+00 3.639822247389734589e+00 0.000000000000000000e+00
-2.347394250632643953e+00 3.614670073306338605e+00 0.000000000000000000e+00
-2.410680574274205679e+00 3.573980840819677152e+00 0.000000000000000000e+00
-2.247932482779347652e+00 2.775965371475454635e+00 0.000000000000000000e+00
-2.285110023569767446e+00 2.723288022744691173e+00 0.000000000000000000e+00
-2.652446830573500502e+00 3.051290972691375725e+00 0.000000000000000000e+00
-1.874211320798040203e+00 1.687547421614712606e+00 0.000000000000000000e+00
-1.897339853702562973e+00 1.649332341484631037e+00 0.000000000000000000e+00
-1.688361962478956535e+00 1.416703874082026138e+00 0.000000000000000000e+00
-1.774600302889482117e+00 1.386469684460782226e+00 0.000000000000000000e+00
-3.963374415626247149e+00 2.879560016065145334e+00 0.000000000000000000e+00
-4.215356369519498436e+00 2.951624253811900633e+00 0.000000000000000000e+00
-4.356592562750318365e+00 2.938558736006934069e+00 0.000000000000000000e+00
-4.852423919081618742e+00 2.915630388323336764e+00 0.000000000000000000e+00
-3.849680775853297376e+00 1.713988279099786460e+00 0.000000000000000000e+00
-3.862438467390642227e+00 1.639507827964678199e+00 0.000000000000000000e+00
-6.347266041965787586e+00 2.185538923320768934e+00 0.000000000000000000e+00
-2.372592052753368375e+00 7.253741697994021687e-01 0.000000000000000000e+00
-3.501886115671204003e+00 8.084740932772223054e-01 0.000000000000000000e+00
