-8.377542627839872580e+00 -5.858152834155331279e-01 0.000000000000000000e+00
-8.299298319151709791e+00 -7.260949496639410583e-01 0.000000000000000000e+00
-5.526533977927038599e+00 -1.174701352885037187e+00 0.000000000000000000e+00
-5.363958538057473469e+00 -1.742856074366978536e+00 0.000000000000000000e+00
-4.338560848675006909e+00 -1.579107252031067832e+00 0.000000000000000000e+00
-4.227251976996893035e+00 -1.622690240775215065e+00 0.000000000000000000e+00
-6.026946840849464193e-01 -2.810411825950974163e-01 0.000000000000000000e+00
-4.941569679320015673e+00 -2.410164869544968003e+00 0.000000000000000000e+00
-4.938325702278072882e+00 -2.625754659675826552e+00 0.000000000000000000e+00
-4.896995588998325211e+00 -2.714449289456160930e+00 0.000000000000000000e+00
-4.853281270036371886e+00 -2.916145905849511166e+00 0.000000000000000000e+00
-4.712603265014206677e+00 -2.944761662211794029e+00 0.000000000000000000e+00
-3.609629550720444779e+00 -2.434726125010149289e+00 0.000000000000000000e+00
-3.021279169227932826e+00 -2.535154477881944146e+00 0.000000000000000000e+00
-2.782614136591175846e+00 -2.418889793701634705e+00 0.000000000000000000e+00
-2.634448352483027112e+00 -2.372068173350745379e+00 0.000000000000000000e+00
-1.489767382408442531e+00 -1.389230688339849751e+00 0.000000000000000000e+00
-2.468054740431720351e+00 -2.383372979407091918e+00 0.000000000000000000e+00
-2.460024442853026461e+00 -2.460024670118084789e+00 0.000000000000000000e+00
-2.438945365388245801e+00 -2.525602092320743175e+00 0.000000000000000000e+00
-2.378759229313845758e+00 -2.641880013096338686e+00 0.000000000000000000e+00
-2.354595722635364208e+00 -2.708652780832310203e+00 0.000000000000000000e+00
-2.346817450378403613e+00 -2.796828386177622860e+00 0.000000000000000000e+00
-2.317157500777947021e+00 -2.861451474464345779e+00 0.000000000000000000e+00
-2.305036404297532648e+00 -2.950312332729217779e+00 0.000000000000000000e+00
-2.297729667908167794e+00 -3.049190543465545300e+00 0.000000000000000000e+00
-2.283545558193420533e+00 -3.143031118133354340e+00 0.000000000000000000e+00
-2.195950411986335560e+00 -3.255630683542688253e+00 0.000000000000000000e+00
-7.853694517317652002e-01 -1.209363020374626396e+00 0.000000000000000000e+00
1.451892422905402880e+00 -2.416354573437179187e+00 0.000000000000000000e+00
1.357653251911449699e+00 -2.172699204507172688e+00 0.000000000000000000e+00
1.365549093105145051e+00 -2.024509630949467898e+00 0.000000000000000000e+00
1.307754324540162383e+00 -1.867666591280108257e+00 0.000000000000000000e+00
1.156374973584427313e+00 -1.378113932039706668e+00 0.000000000000000000e+00
1.094306492605826131e+00 -1.258855529032025355e+00 0.000000000000000000e+00
1.072616432999723868e+00 -1.191261151620627734e+00 0.000000000000000000e+00
1.049595538150533525e+00 -1.125553335906049890e+00 0.000000000000000000e+00
1.083287587197271140e+00 -1.083287513482457776e+00 0.000000000000000000e+00
1.115696066151171006e+00 -1.077415094110206306e+00 0.000000000000000000e+00
1.149688074661505244e+00 -1.072101401423848577e+00 0.000000000000000000e+00
1.181600333081040288e+00 -1.063917646722116972e+00 0.000000000000000000e+00
1.216591870092516015e+00 -1.057567106489721853e+00 0.000000000000000000e+00
1.248652473570954768e+00 -1.047743759084369453e+00 0.000000000000000000e+00
1.306521857232068040e+00 -1.020766678176651565e+00 0.000000000000000000e+00
1.341707648295398236e+00 -1.011049163130369966e+00 0.000000000000000000e+00
1.376137920172824325e+00 -9.998226544282807771e-01 0.000000000000000000e+00
1.415494801630173605e+00 -9.911400614772787332e-01 0.000000000000000000e+00
1.460764205646713387e+00 -9.852978286557019239e-01 0.000000000000000000e+00
1.498704286864896096e+00 -9.732698748086280327e-01 0.000000000000000000e+00
1.559560468952977175e+00 -9.745214695287999218e-01 0.000000000000000000e+00
1.619467539122377397e+00 -9.349999505682445866e-01 0.000000000000000000e+00
1.657404357617769941e+00 -9.187141683141245574e-01 0.000000000000000000e+00
1.723513749700950060e+00 -9.164084461767550982e-01 0.000000000000000000e+00
1.782904019018960673e+00 -9.084349007518869312e-01 0.000000000000000000e+00
1.838033921452653097e+00 -8.964689708136156510e-01 0.000000000000000000e+00
1.882401213005947538e+00 -8.777780295691547385e-01 0.000000000000000000e+00
1.941284124443740433e+00 -8.643153059981636410e-01 0.000000000000000000e+00
2.021260890097534624e+00 -8.166423361689790772e-01 0.000000000000000000e+00
2.089352940837046368e+00 -8.020273766990269060e-01 0.000000000000000000e+00
2.114308420349984896e+00 -7.695452576925869703e-01 0.000000000000000000e+00
2.127416817446780684e+00 -7.325282826243713075e-01 0.000000000000000000e+00
2.143681359907094297e+00 -6.965242242966340758e-01 0.000000000000000000e+00
2.193763044731587897e+00 -6.707005980890226038e-01 0.000000000000000000e+00
2.191676658155692792e+00 -6.284530974009508997e-01 0.000000000000000000e+00
2.218096059720127577e+00 -5.530333903995585665e-01 0.000000000000000000e+00
2.264435930861479207e+00 -5.227861564458472499e-01 0.000000000000000000e+00
2.281040236035423163e+00 -4.848499991237789075e-01 0.000000000000000000e+00
2.294062635990143928e+00 -4.459205343072963901e-01 0.000000000000000000e+00
2.325131176978815883e+00 -4.099832899632836480e-01 0.000000000000000000e+00
2.341809117229766812e+00 -3.709060563876184213e-01 0.000000000000000000e+00
2.378140496896994804e+00 -2.919988669461183739e-01 0.000000000000000000e+00
2.378896341074649978e+00 -2.500320115540595189e-01 0.000000000000000000e+00
2.385886288902002050e+00 -2.087379339445303017e-01 0.000000000000000000e+00
2.457000319666957644e+00 -1.718101289797902553e-01 0.000000000000000000e+00
2.486587554756419571e+00 -1.303164610610340890e-01 0.000000000000000000e+00
2.500475945068189265e+00 -8.731847347274974969e-02 0.000000000000000000e+00
2.533613980671447941e+00 -4.422432538308737615e-02 0.000000000000000000e+00
2.552611137796596097e+00 4.455606414237458374e-02 0.000000000000000000e+00
2.588422153700037143e+00 9.038976508380194841e-02 0.000000000000000000e+00
2.618406615396049908e+00 1.372249482663598086e-01 0.000000000000000000e+00
2.649530011570585764e+00 1.852732598069030956e-01 0.000000000000000000e+00
2.686737120946130375e+00 2.350591137680826115e-01 0.000000000000000000e+00
2.707088475762769342e+00 2.845265382920418862e-01 0.000000000000000000e+00
2.742405019254448462e+00 3.367250712496131504e-01 0.000000000000000000e+00
2.770465849578705342e+00 4.387987589158036661e-01 0.000000000000000000e+00
2.806701989008034914e+00 4.948973644140687300e-01 0.000000000000000000e+00
2.842792218776593938e+00 5.525829083402975517e-01 0.000000000000000000e+00
2.875753986040730847e+00 6.112604585830436754e-01 0.000000000000000000e+00
2.916289616009789309e+00 6.732785888706845911e-01 0.000000000000000000e+00
2.962312807173022478e+00 7.385876179647887785e-01 0.000000000000000000e+00
2.999199688227642380e+00 8.036332176942209138e-01 0.000000000000000000e+00
3.027660727851765099e+00 9.256488624413167221e-01 0.000000000000000000e+00
3.071912540315050677e+00 9.981249760775724456e-01 0.000000000000000000e+00
3.119265777097198988e+00 1.074049428765328384e+00 0.000000000000000000e+00
3.166763995422375189e+00 1.152607923781864052e+00 0.000000000000000000e+00
3.242324836281664346e+00 1.244611987926603991e+00 0.000000000000000000e+00
3.266468688459591263e+00 1.319739110867088838e+00 0.000000000000000000e+00
3.339591592439964174e+00 1.417572625279298615e+00 0.000000000000000000e+00
3.344275747724700043e+00 1.559461492139958327e+00 0.000000000000000000e+00
3.441482358853814816e+00 1.678523203439567402e+00 0.000000000000000000e+00
3.428593106830495785e+00 1.746955548789733692e+00 0.000000000000000000e+00
3.592713503743063974e+00 1.910279766510104116e+00 0.000000000000000000e+00
3.572821489460380473e+00 1.980447403015508145e+00 0.000000000000000000e+00
3.277906182455772921e+00 1.892500121203836594e+00 0.000000000000000000e+00
3.226823014876030182e+00 2.016342911979180030e+00 0.000000000000000000e+00
3.201205435456073278e+00 2.078887224024989155e+00 0.000000000000000000e+00
3.175213789641587958e+00 2.141708851748596043e+00 0.000000000000000000e+00
3.183224725195414884e+00 2.228918058493021714e+00 0.000000000000000000e+00
3.152739234409360769e+00 2.290599244648661159e+00 0.000000000000000000e+00
3.129852438183450936e+00 2.358513093573276542e+00 0.000000000000000000e+00
6.215828722733228950e+00 4.856337866148379590e+00 0.000000000000000000e+00
6.111502577312875495e+00 5.128159793219437823e+00 0.000000000000000000e+00
5.989747485124322424e+00 5.393193101370303388e+00 0.000000000000000000e+00
5.906412528643905979e+00 5.507819032241147106e+00 0.000000000000000000e+00
2.059712968571866476e+00 2.941575098894663398e+00 0.000000000000000000e+00
1.918590790671676372e+00 2.844427945771372812e+00 0.000000000000000000e+00
1.243342837896155517e+00 2.666357453756290852e+00 0.000000000000000000e+00
1.296412358632731854e+00 3.765055098215918328e+00 0.000000000000000000e+00
1.248119580957313568e+00 3.841317324690458612e+00 0.000000000000000000e+00
1.126529773322385131e+00 3.928676468830290425e+00 0.000000000000000000e+00
1.525996964857785798e+00 5.695098610529496064e+00 0.000000000000000000e+00
1.414759157230494058e+00 5.674289480371050409e+00 0.000000000000000000e+00
3.715926587955758476e-01 5.314023842595672953e+00 0.000000000000000000e+00
2.772758031982852645e-01 5.290739138664943830e+00 0.000000000000000000e+00
1.848276497623058123e-01 5.292773826670531534e+00 0.000000000000000000e+00
9.038592883837405501e-02 5.178211115485689575e+00 0.000000000000000000e+00
-8.837906763322035675e-02 5.063228856569979008e+00 0.000000000000000000e+00
-2.056004297909878042e-01 2.350023257393202059e+00 0.000000000000000000e+00
-1.189772002313988830e+00 4.771914579992902361e+00 0.000000000000000000e+00
-1.282448414516333957e+00 4.786162377942432933e+00 0.000000000000000000e+00
-1.448117137384709263e+00 4.736577502438207077e+00 0.000000000000000000e+00
-1.528398147568977183e+00 4.703925603537682854e+00 0.000000000000000000e+00
-1.616445998538648565e+00 4.694499850783486750e+00 0.000000000000000000e+00
-1.864042405003681235e+00 4.613666680844852763e+00 0.000000000000000000e+00
-9.265461463190111102e-01 2.081056647192503828e+00 0.000000000000000000e+00
-2.622820143219157796e-01 4.731692659610500229e-01 0.000000000000000000e+00
-2.554999939789913133e-01 4.425389589316852668e-01 0.000000000000000000e+00
-2.497934785133820723e-01 4.157261502096614714e-01 0.000000000000000000e+00
-2.458825360326918896e-01 3.934943024797123989e-01 0.000000000000000000e+00
-2.429090191711561764e-01 3.740470787544680209e-01 0.000000000000000000e+00
-2.410121421891352200e-01 3.573151863341390566e-01 0.000000000000000000e+00
-2.397549614226188175e-01 3.424055622169259183e-01 0.000000000000000000e+00
-2.439308784576221245e-01 3.357420432546884825e-01 0.000000000000000000e+00
-2.515586908773226882e-01 3.338296505823563631e-01 0.000000000000000000e+00
-2.591934869885629822e-01 3.317525275181558153e-01 0.000000000000000000e+00
-2.725419466549584002e-01 3.248028372224722182e-01 0.000000000000000000e+00
-2.807932697453291437e-01 3.230156998024226178e-01 0.000000000000000000e+00
-2.870570268049357221e-01 3.188091199680802013e-01 0.000000000000000000e+00
-2.973512810081527236e-01 3.188702032726901114e-01 0.000000000000000000e+00
-3.063443545913218657e-01 3.172288594018883301e-01 0.000000000000000000e+00
-3.208255609422439036e-01 3.098176369504146432e-01 0.000000000000000000e+00
-3.396171786910618384e-01 3.057926754983689155e-01 0.000000000000000000e+00
-3.501852379313364350e-01 3.044113774891417101e-01 0.000000000000000000e+00
-3.615729820779497450e-01 3.033957503526776289e-01 0.000000000000000000e+00
-3.790331799582185579e-01 2.961331701347997281e-01 0.000000000000000000e+00
-3.897341358099971620e-01 2.936857312442247570e-01 0.000000000000000000e+00
-4.012724251215233906e-01 2.915414769731909383e-01 0.000000000000000000e+00
-4.144909223772283990e-01 2.902296632189483860e-01 0.000000000000000000e+00
-3.167872574121579188e+00 1.755980410523747981e+00 0.000000000000000000e+00
-6.251268914638759000e+00 3.323858582513534277e+00 0.000000000000000000e+00
-3.088696941364883042e+00 1.440283011217330600e+00 0.000000000000000000e+00
-3.385148283241742106e+00 1.367688658867581397e+00 0.000000000000000000e+00
