-4.212358156596679670e+00 -7.352720482528708745e-02 0.000000000000000000e+00
-4.239415983450040670e+00 -1.480438890782524164e-01 0.000000000000000000e+00
-4.283122097204381085e+00 -2.244691402883736420e-01 0.000000000000000000e+00
-4.330425606425428064e+00 -3.028130821450810695e-01 0.000000000000000000e+00
-4.405172866671803078e+00 -3.854029157508288561e-01 0.000000000000000000e+00
-4.444518189783043915e+00 -4.671379167228440488e-01 0.000000000000000000e+00
-4.512651715445543665e+00 -6.342120743936895400e-01 0.000000000000000000e+00
-4.579910881192374106e+00 -7.253868613648525310e-01 0.000000000000000000e+00
-4.721168472061167520e+00 -8.324696299884017936e-01 0.000000000000000000e+00
-1.102372308971591552e+00 -2.343165260367511271e-01 0.000000000000000000e+00
-1.053293998942085086e+00 -2.431721363056052188e-01 0.000000000000000000e+00
-1.044038164298925597e+00 -2.603080062682389118e-01 0.000000000000000000e+00
-1.038370295339262395e+00 -2.782305380022918606e-01 0.000000000000000000e+00
-1.033356354121403697e+00 -2.963102224306677912e-01 0.000000000000000000e+00
-1.027071293123096973e+00 -3.140072624812077495e-01 0.000000000000000000e+00
-1.023336771379048660e+00 -3.325023292903679928e-01 0.000000000000000000e+00
-1.013928315949455872e+00 -3.690397836057569547e-01 0.000000000000000000e+00
-1.011067531070342085e+00 -3.881125195186683197e-01 0.000000000000000000e+00
-1.006921614170342760e+00 -4.068227972310431428e-01 0.000000000000000000e+00
-1.003350300048667210e+00 -4.258969924261035711e-01 0.000000000000000000e+00
-9.994186922904959580e-01 -4.449699291572480897e-01 0.000000000000000000e+00
-9.996575069319874052e-01 -4.661480105217502556e-01 0.000000000000000000e+00
-4.487314883597708359e+00 -3.142052025759107359e+00 0.000000000000000000e+00
-2.787920216285323161e+00 -2.599777902806025054e+00 0.000000000000000000e+00
-2.978573119084483078e+00 -3.678231816586783776e+00 0.000000000000000000e+00
-2.957021878304356921e+00 -3.784815762322057964e+00 0.000000000000000000e+00
-2.816666647000004797e+00 -3.876809415588412744e+00 0.000000000000000000e+00
-2.747430932302338924e+00 -3.923738384089884956e+00 0.000000000000000000e+00
2.006994923030045452e+00 -3.090500923348324047e+00 0.000000000000000000e+00
1.573795245057864056e+00 -1.747876573920793097e+00 0.000000000000000000e+00
1.647729698438600954e+00 -1.706273935026365596e+00 0.000000000000000000e+00
3.776534075367653731e+00 -3.646956316928814612e+00 0.000000000000000000e+00
3.952044182451866838e+00 -3.558436324550059648e+00 0.000000000000000000e+00
1.526726641234823267e+00 -1.281075674808831444e+00 0.000000000000000000e+00
4.291399987105460667e+00 -3.475106953620574313e+00 0.000000000000000000e+00
4.421528500848302734e+00 -3.454476429377206781e+00 0.000000000000000000e+00
4.607328414485157175e+00 -3.471870748929656081e+00 0.000000000000000000e+00
1.564120650128043577e+00 -1.015751754817622032e+00 0.000000000000000000e+00
3.586388068456392020e+00 -2.154919198048774298e+00 0.000000000000000000e+00
3.347819416921177460e+00 -1.285107351723765223e+00 0.000000000000000000e+00
3.356582103977010068e+00 -1.221695858234220555e+00 0.000000000000000000e+00
6.780101330851145747e+00 5.931821902719086603e-01 0.000000000000000000e+00
6.723962670958534282e+00 7.067171389120118219e-01 0.000000000000000000e+00
6.697701552955053650e+00 8.223745277568657031e-01 0.000000000000000000e+00
6.662523703780173889e+00 9.363568250307576779e-01 0.000000000000000000e+00
6.594571320834784700e+00 1.281854993008469501e+00 0.000000000000000000e+00
7.133614362739718828e+00 1.778610019474420101e+00 0.000000000000000000e+00
7.013587527062782101e+00 1.879285308703230406e+00 0.000000000000000000e+00
3.833511534395135811e+00 1.099241850680232835e+00 0.000000000000000000e+00
3.747758223510923248e+00 1.145804780695964364e+00 0.000000000000000000e+00
2.748055048212385554e+00 1.523271873400499299e+00 0.000000000000000000e+00
2.680348612530012886e+00 1.547500078321727868e+00 0.000000000000000000e+00
2.599267424892380163e+00 1.624202636574252123e+00 0.000000000000000000e+00
2.573879938579854976e+00 1.671497262007353601e+00 0.000000000000000000e+00
3.258586718294988582e+00 2.281687096762336608e+00 0.000000000000000000e+00
3.286226812497323735e+00 2.387583651795657680e+00 0.000000000000000000e+00
3.271211147986684331e+00 2.465034526946363158e+00 0.000000000000000000e+00
3.205727032167961177e+00 2.595946685744450644e+00 0.000000000000000000e+00
3.153804991594082896e+00 2.646356726345132415e+00 0.000000000000000000e+00
3.123437689902510250e+00 2.812356054003598338e+00 0.000000000000000000e+00
3.048282327267537450e+00 2.842569383080878698e+00 0.000000000000000000e+00
3.052158729972661799e+00 2.947435554176518480e+00 0.000000000000000000e+00
2.303423140498439992e+00 2.649785323361125489e+00 0.000000000000000000e+00
2.070418810342480320e+00 2.467429161531454529e+00 0.000000000000000000e+00
2.225276853324529736e+00 2.747988176917700809e+00 0.000000000000000000e+00
2.114181459081393655e+00 2.706028984115623537e+00 0.000000000000000000e+00
2.014876671811261843e+00 2.673831769100768252e+00 0.000000000000000000e+00
1.897370696778134525e+00 2.611506836821951616e+00 0.000000000000000000e+00
1.767049569602915815e+00 2.619758836422946047e+00 0.000000000000000000e+00
1.682934519015255814e+00 2.591492017019007221e+00 0.000000000000000000e+00
1.595056928985334466e+00 2.552624793400839476e+00 0.000000000000000000e+00
1.515241920854783819e+00 2.521786153708062361e+00 0.000000000000000000e+00
1.443499992388145969e+00 2.500215442026705315e+00 0.000000000000000000e+00
1.373950468599516528e+00 2.478672373845442145e+00 0.000000000000000000e+00
1.298088872606292243e+00 2.441350212266937714e+00 0.000000000000000000e+00
1.232584120842882047e+00 2.419082660635090143e+00 0.000000000000000000e+00
1.123741877959985258e+00 2.409872354648936454e+00 0.000000000000000000e+00
1.069717372147149570e+00 2.402624678489305055e+00 0.000000000000000000e+00
1.011212138653015957e+00 2.382266634255353122e+00 0.000000000000000000e+00
9.679834339153026157e-01 2.395843200917342930e+00 0.000000000000000000e+00
9.507501657438881537e-01 2.476788997811861570e+00 0.000000000000000000e+00
9.285846126369399212e-01 2.551265401935532307e+00 0.000000000000000000e+00
9.112652238599504573e-01 2.646506533260189364e+00 0.000000000000000000e+00
8.426151942859687605e-01 2.756070292727510029e+00 0.000000000000000000e+00
8.153352322639950689e-01 2.843412058038135015e+00 0.000000000000000000e+00
7.917274103238877148e-01 2.954767131449635098e+00 0.000000000000000000e+00
7.666504111521537101e-01 3.074867083128600687e+00 0.000000000000000000e+00
7.405388271152777424e-01 3.207626320149567167e+00 0.000000000000000000e+00
7.106420974921917599e-01 3.343308494878117543e+00 0.000000000000000000e+00
6.775627049859633821e-01 3.485758256199574578e+00 0.000000000000000000e+00
5.733322469086186146e-01 3.619877740343920181e+00 0.000000000000000000e+00
5.469502304749360722e-01 3.891753585479818422e+00 0.000000000000000000e+00
4.966174835127513676e-01 4.044625386927738653e+00 0.000000000000000000e+00
-2.279012577036947195e-08 1.445000052452087180e+00 0.000000000000000000e+00
-3.657760972430439406e-01 6.979421656590917955e+00 0.000000000000000000e+00
-4.850866238083202386e-01 6.937060394313101064e+00 0.000000000000000000e+00
-7.214555509814859491e-01 6.864190061719075864e+00 0.000000000000000000e+00
-1.877366083816557785e+00 6.547153260812359044e+00 0.000000000000000000e+00
-1.997191159478640010e+00 6.532517618802190285e+00 0.000000000000000000e+00
-2.669865952154552247e+00 6.289809798383830142e+00 0.000000000000000000e+00
-7.504104984479972318e-01 1.248892763147082086e+00 0.000000000000000000e+00
-7.652034346007032806e-01 1.224581446944447150e+00 0.000000000000000000e+00
-8.421445500438500265e-01 1.248530609644790790e+00 0.000000000000000000e+00
-3.279730158970562748e+00 3.517079929586184761e+00 0.000000000000000000e+00
-3.244054676040080132e+00 3.359316890596649952e+00 0.000000000000000000e+00
-3.139554179344400175e+00 3.139554118514090941e+00 0.000000000000000000e+00
-3.108267377282021737e+00 3.001618857959203357e+00 0.000000000000000000e+00
-3.095198195633263261e+00 2.786928921229300471e+00 0.000000000000000000e+00
-3.073932110141264662e+00 2.672128366929288568e+00 0.000000000000000000e+00
-3.038132345750218288e+00 2.549295684130821638e+00 0.000000000000000000e+00
-2.964811908738281598e+00 2.400857301547880684e+00 0.000000000000000000e+00
-2.896727643228143911e+00 2.263171630781284360e+00 0.000000000000000000e+00
-2.865504275854584559e+00 2.159312313992638899e+00 0.000000000000000000e+00
-2.829941388129627367e+00 2.056072733612365422e+00 0.000000000000000000e+00
-1.585948874791988317e+00 1.069736004401166563e+00 0.000000000000000000e+00
-2.749372028709355043e+00 1.717998287421159676e+00 0.000000000000000000e+00
-2.718077526526810228e+00 1.633185716317255620e+00 0.000000000000000000e+00
-2.692472964192069274e+00 1.554499963163903153e+00 0.000000000000000000e+00
-2.635229198611554580e+00 1.460731371521539979e+00 0.000000000000000000e+00
-2.643545066356108197e+00 1.405597819747100186e+00 0.000000000000000000e+00
-2.615104107174920589e+00 1.332462071787699820e+00 0.000000000000000000e+00
-2.593919552910358028e+00 1.265139075213880693e+00 0.000000000000000000e+00
-2.612885265188881423e+00 1.218408386822389611e+00 0.000000000000000000e+00
-2.709045863415016964e+00 1.149921723512868699e+00 0.000000000000000000e+00
-2.799168113893554466e+00 1.130937307115470469e+00 0.000000000000000000e+00
-2.899700762013312172e+00 1.113090813466191431e+00 0.000000000000000000e+00
-2.992920950304712058e+00 1.089334118043137067e+00 0.000000000000000000e+00
-3.112647209788070857e+00 1.071770363268205184e+00 0.000000000000000000e+00
-3.247857973239186791e+00 1.055293004393956124e+00 0.000000000000000000e+00
-3.364415941347663086e+00 9.647307259571058502e-01 0.000000000000000000e+00
-3.442559545074767691e+00 9.224310292192610117e-01 0.000000000000000000e+00
-3.605619001511968680e+00 8.989817636099609599e-01 0.000000000000000000e+00
-3.709426765031784701e+00 8.563886264081208566e-01 0.000000000000000000e+00
-3.726742306965601159e+00 7.921435106423705408e-01 0.000000000000000000e+00
-3.740981306542445317e+00 7.271730830794249645e-01 0.000000000000000000e+00
-3.776737773669484266e+00 6.659407492602833489e-01 0.000000000000000000e+00
-3.788772443506084997e+00 6.000825842596274606e-01 0.000000000000000000e+00
-3.858026976883037751e+00 4.737061304889064184e-01 0.000000000000000000e+00
-3.874657215101548591e+00 4.072428662145092249e-01 0.000000000000000000e+00
-3.902094688989052873e+00 3.413890324634569762e-01 0.000000000000000000e+00
-4.017190382090290335e+00 2.809092996588616331e-01 0.000000000000000000e+00
-4.082397359889435862e+00 2.139493633700524089e-01 0.000000000000000000e+00
-4.115491456720402397e+00 1.437161125419262053e-01 0.000000000000000000e+00
-4.184000015258788174e+00 -1.507808391815349071e-08 0.000000000000000000e+00
