-7.311543261943986849e+00 -2.553250975812940693e-01 0.000000000000000000e+00
-4.620658699988810625e+00 -2.421587016231608047e-01 0.000000000000000000e+00
-3.970304924697944937e+00 -2.776309722350803200e-01 0.000000000000000000e+00
-3.081213765368882473e+00 -9.420217525901943834e-01 0.000000000000000000e+00
-3.020555559304331172e+00 -9.814381612283994416e-01 0.000000000000000000e+00
-2.988784178939149161e+00 -1.029121089148815615e+00 0.000000000000000000e+00
-2.976006528311417654e+00 -1.083177960356039415e+00 0.000000000000000000e+00
-3.790638935499090145e+00 -1.609030985413610892e+00 0.000000000000000000e+00
-3.780251031657174909e+00 -1.683076419051186212e+00 0.000000000000000000e+00
-3.812836572606169039e+00 -1.777955120068795747e+00 0.000000000000000000e+00
-3.801000013690672752e+00 -1.853871805243431314e+00 0.000000000000000000e+00
-3.813450349778190862e+00 -2.027647755342132818e+00 0.000000000000000000e+00
-3.767861674101995906e+00 -2.088560068751730725e+00 0.000000000000000000e+00
-3.798108399135836422e+00 -2.282134012403860268e+00 0.000000000000000000e+00
-3.587243355435932646e+00 -2.241558669819383898e+00 0.000000000000000000e+00
-3.489707936105538533e+00 -2.266243068974143071e+00 0.000000000000000000e+00
-3.382473123994458319e+00 -2.281507164769942086e+00 0.000000000000000000e+00
-3.088203088537887719e+00 -2.162383300927698038e+00 0.000000000000000000e+00
-2.730432261967794982e+00 -1.983775355932579254e+00 0.000000000000000000e+00
-2.696992095995490502e+00 -2.032329516925654112e+00 0.000000000000000000e+00
-2.823442382603086553e+00 -2.205915165129171740e+00 0.000000000000000000e+00
-2.680389456585007046e+00 -2.249114018505445678e+00 0.000000000000000000e+00
-2.581861371935871396e+00 -2.244378061335830843e+00 0.000000000000000000e+00
-2.479874099195216175e+00 -2.232888877503898417e+00 0.000000000000000000e+00
-2.367391821200678592e+00 -2.207628793711271964e+00 0.000000000000000000e+00
-2.284623188733661880e+00 -2.206235172564366298e+00 0.000000000000000000e+00
-2.200516193314917324e+00 -2.200516396605760150e+00 0.000000000000000000e+00
-2.123570482890891675e+00 -2.199021811186019359e+00 0.000000000000000000e+00
-2.043267021249440596e+00 -2.191135821543916506e+00 0.000000000000000000e+00
-1.965236515191677524e+00 -2.182616469338766851e+00 0.000000000000000000e+00
-1.856370523434969666e+00 -2.212336444988160178e+00 0.000000000000000000e+00
-1.787269756407646293e+00 -2.207094544941890391e+00 0.000000000000000000e+00
-1.727545996196599098e+00 -2.211158248274641025e+00 0.000000000000000000e+00
-1.661009358727240315e+00 -2.204234075042326158e+00 0.000000000000000000e+00
-1.612294865170881497e+00 -2.219133712772405786e+00 0.000000000000000000e+00
-1.610602580459034927e+00 -2.300179084453104039e+00 0.000000000000000000e+00
-1.597054796600255511e+00 -2.367731334337240146e+00 0.000000000000000000e+00
2.193547201784373790e+00 -3.650675304493508300e+00 0.000000000000000000e+00
2.227029258998669548e+00 -3.429324061701219506e+00 0.000000000000000000e+00
2.257461970418142005e+00 -3.346824748879086542e+00 0.000000000000000000e+00
2.160088987027513507e+00 -3.084926548938726754e+00 0.000000000000000000e+00
2.151254924270534552e+00 -2.389210476059080435e+00 0.000000000000000000e+00
2.122378966761984120e+00 -2.275972638284192495e+00 0.000000000000000000e+00
2.140242577362887921e+00 -2.216285916220634977e+00 0.000000000000000000e+00
2.119199080483296527e+00 -2.119198936277485679e+00 0.000000000000000000e+00
2.109823766552193280e+00 -2.037432990005524136e+00 0.000000000000000000e+00
2.113612340928301858e+00 -1.970975260783789595e+00 0.000000000000000000e+00
2.200451869332029631e+00 -1.981295628480879589e+00 0.000000000000000000e+00
2.338733729829115315e+00 -1.962430477217423919e+00 0.000000000000000000e+00
2.413815379700651409e+00 -1.954669020822709991e+00 0.000000000000000000e+00
2.513754414058203768e+00 -1.963960058369168982e+00 0.000000000000000000e+00
2.629906786160064680e+00 -1.981776774274301989e+00 0.000000000000000000e+00
2.753893949983762468e+00 -2.000820934242519833e+00 0.000000000000000000e+00
2.858021615090659662e+00 -2.001208140094920207e+00 0.000000000000000000e+00
2.967125534128863151e+00 -2.001351302848879410e+00 0.000000000000000000e+00
3.102159991816091811e+00 -1.938444564427606709e+00 0.000000000000000000e+00
3.261521699361121573e+00 -1.959719804619744599e+00 0.000000000000000000e+00
3.316011329042690026e+00 -1.914499891994663194e+00 0.000000000000000000e+00
3.346295036926056898e+00 -1.854881488426855185e+00 0.000000000000000000e+00
3.417007140958917333e+00 -1.816854785849180365e+00 0.000000000000000000e+00
3.466906470310886057e+00 -1.766476939687379843e+00 0.000000000000000000e+00
3.561789715575119697e+00 -1.660889685299693275e+00 0.000000000000000000e+00
3.603023340194931201e+00 -1.604169210259957401e+00 0.000000000000000000e+00
3.651642808796032647e+00 -1.550030276317154954e+00 0.000000000000000000e+00
3.724497774234248215e+00 -1.504794644920898872e+00 0.000000000000000000e+00
3.809008113885099522e+00 -1.462141089566559637e+00 0.000000000000000000e+00
3.876232103974972532e+00 -1.410832972436409483e+00 0.000000000000000000e+00
3.954158876182837012e+00 -1.361525953466139471e+00 0.000000000000000000e+00
4.023920109364454767e+00 -1.307450764477502858e+00 0.000000000000000000e+00
4.093052237629107637e+00 -1.173663709466387095e+00 0.000000000000000000e+00
4.146719819269801377e+00 -1.111110093621931361e+00 0.000000000000000000e+00
4.209142717928102684e+00 -1.049457014167864743e+00 0.000000000000000000e+00
1.043683527324603011e+00 -2.218417497923425297e-01 0.000000000000000000e+00
1.036598306033164052e+00 -2.014942675219670021e-01 0.000000000000000000e+00
1.037002542980677733e+00 -1.828514960708314541e-01 0.000000000000000000e+00
1.039781429199916563e+00 -1.461317191959963513e-01 0.000000000000000000e+00
1.041180941375279279e+00 -1.278409141781847724e-01 0.000000000000000000e+00
1.040269909492541167e+00 -1.093367430680400182e-01 0.000000000000000000e+00
1.037038691860189488e+00 -9.072909927281350151e-02 0.000000000000000000e+00
1.038464186950789792e+00 -7.261646019040508826e-02 0.000000000000000000e+00
1.039573355795116782e+00 -5.448170143111392277e-02 0.000000000000000000e+00
1.042364616452087667e+00 -3.640014505643344306e-02 0.000000000000000000e+00
1.047000050544738325e+00 2.925284348087586419e-08 0.000000000000000000e+00
1.047840362084182075e+00 1.829015069811706917e-02 0.000000000000000000e+00
1.051359194756712467e+00 3.671430121895308263e-02 0.000000000000000000e+00
5.153415763411996586e+00 3.603620768430703669e-01 0.000000000000000000e+00
5.146341687861323066e+00 4.502466977009008109e-01 0.000000000000000000e+00
5.117809567921430158e+00 5.379036012438708214e-01 0.000000000000000000e+00
5.115724714259229700e+00 7.189683615620499069e-01 0.000000000000000000e+00
5.105361157869430677e+00 8.086099094961662903e-01 0.000000000000000000e+00
3.469344883098552490e+00 1.692112665355846479e+00 0.000000000000000000e+00
3.779582246419101565e+00 2.549360543682116731e+00 0.000000000000000000e+00
3.723096337044302651e+00 2.704987955968883195e+00 0.000000000000000000e+00
5.176553065431193090e+00 4.499909130926522671e+00 0.000000000000000000e+00
4.704067028931383732e+00 4.386613665272546925e+00 0.000000000000000000e+00
4.006084837176950408e+00 4.449208147559447823e+00 0.000000000000000000e+00
3.861563452561980192e+00 4.442220789538595227e+00 0.000000000000000000e+00
3.738452633766541133e+00 4.455314548670361141e+00 0.000000000000000000e+00
3.549996104019570886e+00 4.383880283199522943e+00 0.000000000000000000e+00
3.309380764698674149e+00 4.391696796383967261e+00 0.000000000000000000e+00
3.149353175723785370e+00 4.334712960380095126e+00 0.000000000000000000e+00
2.972846632880102646e+00 4.245665178374991022e+00 0.000000000000000000e+00
2.487999830632309894e+00 4.309342313203194941e+00 0.000000000000000000e+00
2.393989917745316109e+00 4.318872337827684760e+00 0.000000000000000000e+00
2.279284362443466438e+00 4.286710624747631648e+00 0.000000000000000000e+00
2.184602109686660132e+00 4.287523256681224026e+00 0.000000000000000000e+00
1.998139128767443484e+00 4.285023404040511075e+00 0.000000000000000000e+00
1.907594797822414590e+00 4.284528284893071692e+00 0.000000000000000000e+00
1.822760618418005629e+00 4.294155140657257341e+00 0.000000000000000000e+00
1.725437869210263431e+00 4.270608816962901066e+00 0.000000000000000000e+00
1.641683443957629107e+00 4.276731825445153845e+00 0.000000000000000000e+00
1.042135300328213887e+00 2.863243370265275978e+00 0.000000000000000000e+00
9.653094986048119663e-01 2.803462513201728346e+00 0.000000000000000000e+00
1.365546067604555658e+00 4.202718911860182871e+00 0.000000000000000000e+00
1.221349111373922325e+00 4.259350820289738770e+00 0.000000000000000000e+00
1.138803747483932538e+00 4.250073748060139600e+00 0.000000000000000000e+00
9.004654283123761926e-01 4.236357128918764481e+00 0.000000000000000000e+00
8.229591625665552135e-01 4.233758254877510119e+00 0.000000000000000000e+00
2.143151948633409687e-01 1.353133034965899428e+00 0.000000000000000000e+00
1.856568932226764501e-01 1.321017598330648912e+00 0.000000000000000000e+00
1.618424598460201924e-01 1.318101241917389865e+00 0.000000000000000000e+00
1.416360473746409165e-01 1.347577189541748099e+00 0.000000000000000000e+00
1.220180148295957889e-01 1.394672555584228535e+00 0.000000000000000000e+00
1.012863777784746844e-01 1.448463024510578068e+00 0.000000000000000000e+00
5.018545193894805717e-02 1.437123973840992885e+00 0.000000000000000000e+00
2.488710888312012370e-02 1.425782812735362448e+00 0.000000000000000000e+00
-2.285321180920488661e-08 1.449000000953674094e+00 0.000000000000000000e+00
-3.802882596264523657e-02 2.178668027984115962e+00 0.000000000000000000e+00
-2.938143239557975961e-01 4.201739668667983985e+00 0.000000000000000000e+00
-3.666642537219797493e-01 4.190990868926405710e+00 0.000000000000000000e+00
-4.414237683951374169e-01 4.199866006855690337e+00 0.000000000000000000e+00
-5.152636661216520864e-01 4.196485284309876107e+00 0.000000000000000000e+00
-6.639079240770483503e-01 4.191749266377589045e+00 0.000000000000000000e+00
-7.383520866491658508e-01 4.187402412404829910e+00 0.000000000000000000e+00
-8.118923568274655223e-01 4.176823766310636898e+00 0.000000000000000000e+00
-8.898621395573393933e-01 4.186471923773281034e+00 0.000000000000000000e+00
-9.582916011621097629e-01 4.150816685571101061e+00 0.000000000000000000e+00
-1.159022655679956548e+00 3.366046059728077910e+00 0.000000000000000000e+00
-1.209383274786835827e+00 3.322753103841339595e+00 0.000000000000000000e+00
-1.242580506710324606e+00 2.790881418518174950e+00 0.000000000000000000e+00
-1.171801071306089792e+00 2.203837223200928896e+00 0.000000000000000000e+00
-1.212024076528471994e+00 2.186549253484884048e+00 0.000000000000000000e+00
-1.103000067205023305e+00 1.910452105461208250e+00 0.000000000000000000e+00
-1.193378254437808206e+00 1.909804378144314585e+00 0.000000000000000000e+00
-2.945315178380757626e+00 4.206345902397522707e+00 0.000000000000000000e+00
-3.024155157222580215e+00 4.162392387651348891e+00 0.000000000000000000e+00
-3.512866329146169253e+00 4.338028548026039211e+00 0.000000000000000000e+00
-1.915926544667372555e+00 1.443754181581814455e+00 0.000000000000000000e+00
-2.925282885931328458e+00 1.899700884831100112e+00 0.000000000000000000e+00
-6.698502395081969318e+00 1.060938519757167464e+00 0.000000000000000000e+00
-6.729463120132299636e+00 8.262741432360692917e-01 0.000000000000000000e+00
-6.720978869584923743e+00 7.064033143239439871e-01 0.000000000000000000e+00
-6.756192509591014250e+00 5.910902240518649542e-01 0.000000000000000000e+00
-7.210393121000097771e+00 5.041997737810193225e-01 0.000000000000000000e+00
-7.386874783739862060e+00 1.289383513392376168e-01 0.000000000000000000e+00
-7.408999919891356534e+00 -2.670017259424045683e-08 0.000000000000000000e+00
