-4.022387037478116767e+00 -7.021123669839711423e-02 0.000000000000000000e+00
-6.921099557350991027e+00 -4.839707870017881386e-01 0.000000000000000000e+00
-6.864190035383135324e+00 -7.214558015511479683e-01 0.000000000000000000e+00
-6.848568497819035983e+00 -8.408988326494885035e-01 0.000000000000000000e+00
-6.845723215728562572e+00 -9.621040122622429580e-01 0.000000000000000000e+00
-6.861470873000363291e+00 -1.086750583150271954e+00 0.000000000000000000e+00
-6.769753426672855845e+00 -1.687889463895341446e+00 0.000000000000000000e+00
-2.687205675196314036e+00 -7.200347352852594085e-01 0.000000000000000000e+00
-6.541597895836271270e+00 -2.511084534920545508e+00 0.000000000000000000e+00
-1.440843699865502980e+00 -5.821387247059792713e-01 0.000000000000000000e+00
-4.181611373121939756e+00 -2.715570461766702692e+00 0.000000000000000000e+00
-3.957825383246210915e+00 -2.669587203732462388e+00 0.000000000000000000e+00
-3.748175522509907154e+00 -2.723209191026096043e+00 0.000000000000000000e+00
-3.510801503985601091e+00 -2.645578952645490478e+00 0.000000000000000000e+00
-3.352985723292642994e+00 -2.619639806020655382e+00 0.000000000000000000e+00
-3.215829875001318339e+00 -2.604127936519307962e+00 0.000000000000000000e+00
-3.109374284027702551e+00 -2.609075063254804761e+00 0.000000000000000000e+00
-2.950159568785134301e+00 -2.564534829636000435e+00 0.000000000000000000e+00
-2.825436541938573853e+00 -2.544034727664245654e+00 0.000000000000000000e+00
-2.675291719032004689e+00 -2.494750120204853427e+00 0.000000000000000000e+00
-2.529320770687181863e+00 -2.529321004354060598e+00 0.000000000000000000e+00
-2.236903459916900871e+00 -2.484333205797016664e+00 0.000000000000000000e+00
-2.142032685987909524e+00 -2.464126956385099376e+00 0.000000000000000000e+00
-2.063348139691143501e+00 -2.459002785548780601e+00 0.000000000000000000e+00
-1.976695257918881232e+00 -2.441015579838523131e+00 0.000000000000000000e+00
-1.857201029607855824e+00 -2.464589240365362866e+00 0.000000000000000000e+00
-1.768057868908462948e+00 -2.433523115271759352e+00 0.000000000000000000e+00
-1.695491888696889937e+00 -2.421413592376688850e+00 0.000000000000000000e+00
-1.698827987879073742e+00 -2.518616309918119356e+00 0.000000000000000000e+00
2.034360164807564875e+00 -3.255656557029899201e+00 0.000000000000000000e+00
3.173686607734351739e+00 -3.524735820650587659e+00 0.000000000000000000e+00
3.206074554250565534e+00 -3.438093797596420309e+00 0.000000000000000000e+00
4.735944931927770440e+00 -3.700125450968844376e+00 0.000000000000000000e+00
4.799089054639766871e+00 -3.486742053329252133e+00 0.000000000000000000e+00
4.781390504403570496e+00 -3.347965441500503125e+00 0.000000000000000000e+00
4.807588811653080718e+00 -3.242759371348431063e+00 0.000000000000000000e+00
4.749917339998269483e+00 -2.968077556763853320e+00 0.000000000000000000e+00
1.792095833264669702e+00 -9.933748668088495659e-01 0.000000000000000000e+00
1.692610612901149780e+00 -8.999769581299631449e-01 0.000000000000000000e+00
4.577776494686797371e+00 -2.038157239311976010e+00 0.000000000000000000e+00
4.595160383806181414e+00 -1.950529690986154696e+00 0.000000000000000000e+00
4.531147631674714127e+00 -1.830702313385591307e+00 0.000000000000000000e+00
4.537201051029412291e+00 -1.741668142987527146e+00 0.000000000000000000e+00
4.528088538574085220e+00 -1.559145764727767558e+00 0.000000000000000000e+00
4.491840017955315290e+00 -1.459487143325489011e+00 0.000000000000000000e+00
4.486981872555086071e+00 -1.371807877229287875e+00 0.000000000000000000e+00
4.465301195021195824e+00 -1.113324487555945153e+00 0.000000000000000000e+00
4.448973731444530344e+00 -1.027126378579223953e+00 0.000000000000000000e+00
4.455462181428716306e+00 -9.470375842717910775e-01 0.000000000000000000e+00
4.423756550811224209e+00 -7.800275023858310730e-01 0.000000000000000000e+00
4.398176268799799615e+00 -6.966025553303401008e-01 0.000000000000000000e+00
4.416595642376983655e+00 -6.207119074156920435e-01 0.000000000000000000e+00
1.455980045940588274e+00 -1.530296269675390786e-01 0.000000000000000000e+00
1.415592673332553897e+00 -1.238482702687548481e-01 0.000000000000000000e+00
1.427514153056664847e+00 -9.982147287241151246e-02 0.000000000000000000e+00
1.445016965602744952e+00 -7.573008912165576922e-02 0.000000000000000000e+00
1.512078334206586661e+00 -5.280289625443162355e-02 0.000000000000000000e+00
1.539765413154239759e+00 -2.687666201893580686e-02 0.000000000000000000e+00
1.514000058174132635e+00 4.230067296440153561e-08 0.000000000000000000e+00
1.551054607783438399e+00 5.416406339641488543e-02 0.000000000000000000e+00
2.208968421024433582e+00 1.157671904412183178e-01 0.000000000000000000e+00
2.206611568395711487e+00 1.543013729298929604e-01 0.000000000000000000e+00
4.260887611396152685e+00 6.748584163362523203e-01 0.000000000000000000e+00
4.255354378491444045e+00 7.503339060616078804e-01 0.000000000000000000e+00
4.250445607581054830e+00 8.262030478577024883e-01 0.000000000000000000e+00
4.239291786074863566e+00 9.010894025712912203e-01 0.000000000000000000e+00
4.213994248926521635e+00 1.050666886662172006e+00 0.000000000000000000e+00
4.198879655636563513e+00 1.125086529454819351e+00 0.000000000000000000e+00
4.213209883149700019e+00 1.208118610757870304e+00 0.000000000000000000e+00
2.190178253961603705e+00 1.264500074244045980e+00 0.000000000000000000e+00
1.871966723966968615e+00 1.262657562138966849e+00 0.000000000000000000e+00
4.042692720516223304e+00 3.046387618249759122e+00 0.000000000000000000e+00
3.985204248220909573e+00 3.227154918797757954e+00 0.000000000000000000e+00
4.022601926691666385e+00 3.496794664558250609e+00 0.000000000000000000e+00
4.084323740048168006e+00 3.677541778396612671e+00 0.000000000000000000e+00
1.547856633312017394e+00 1.547856700970983823e+00 0.000000000000000000e+00
1.131499818187273743e+00 1.256657912813563760e+00 0.000000000000000000e+00
2.693280053386171602e+00 3.209726317544789431e+00 0.000000000000000000e+00
1.732499897586127657e+00 3.000777984133013554e+00 0.000000000000000000e+00
1.662412080681031856e+00 2.999070921771395781e+00 0.000000000000000000e+00
8.453302730972080958e-01 1.659054154260071634e+00 0.000000000000000000e+00
5.873424263257481792e-01 6.713355924293283650e+00 0.000000000000000000e+00
3.514881778222440079e-01 6.706796041096708905e+00 0.000000000000000000e+00
2.340010152308132363e-01 6.700915422669440069e+00 0.000000000000000000e+00
1.168262981654112076e-01 6.692980240574138762e+00 0.000000000000000000e+00
-2.365488893932559400e-01 6.773870899872664886e+00 0.000000000000000000e+00
-5.045486706509106911e-01 7.215380569963519619e+00 0.000000000000000000e+00
-7.525005018135103585e-01 7.159562995890605741e+00 0.000000000000000000e+00
-5.372082112580213176e-01 3.822434633567556084e+00 0.000000000000000000e+00
-6.083736809006344837e-01 3.841119887435950897e+00 0.000000000000000000e+00
-1.110940646841799273e+00 2.894099218740894930e+00 0.000000000000000000e+00
-1.148169266622597329e+00 2.841818552607597859e+00 0.000000000000000000e+00
-1.239733362541304063e+00 2.784486628229537963e+00 0.000000000000000000e+00
-1.286872673441171511e+00 2.759707264725826725e+00 0.000000000000000000e+00
-1.766477091230679086e+00 3.466906393095720240e+00 0.000000000000000000e+00
-1.904176810829111721e+00 3.581235619270952686e+00 0.000000000000000000e+00
-1.978992804890374435e+00 3.570197427578374327e+00 0.000000000000000000e+00
-2.126077102216358483e+00 3.538386406296706532e+00 0.000000000000000000e+00
-2.200754679982880102e+00 3.521943614627788044e+00 0.000000000000000000e+00
-1.701452414494579513e+00 2.620006895804075864e+00 0.000000000000000000e+00
-2.312262822149071084e+00 3.428070526427373199e+00 0.000000000000000000e+00
-2.509396948599889932e+00 3.583790166061283422e+00 0.000000000000000000e+00
-2.494560623505150065e+00 3.433468062977569790e+00 0.000000000000000000e+00
-2.465034487142381714e+00 3.271211177981136142e+00 0.000000000000000000e+00
-2.450948333751586272e+00 3.137070741960348297e+00 0.000000000000000000e+00
-2.463804902804403341e+00 2.936248282568537427e+00 0.000000000000000000e+00
-2.304079391984452219e+00 2.650540085512781641e+00 0.000000000000000000e+00
-2.159953571764645197e+00 2.398871419559891915e+00 0.000000000000000000e+00
-2.421094171556001484e+00 2.596305581764823511e+00 0.000000000000000000e+00
-2.383372889313482457e+00 2.468054827434111420e+00 0.000000000000000000e+00
-2.368100616950878479e+00 2.368100571067837112e+00 0.000000000000000000e+00
-2.324906337091126041e+00 2.245135909287125475e+00 0.000000000000000000e+00
-2.319853911690436643e+00 2.163298729442301394e+00 0.000000000000000000e+00
-2.346392079098078565e+00 2.039687478396531972e+00 0.000000000000000000e+00
-2.334137383233571672e+00 1.958573781543540893e+00 0.000000000000000000e+00
-2.319003540457870827e+00 1.877892005902335848e+00 0.000000000000000000e+00
-2.306507527631387333e+00 1.802041146298996477e+00 0.000000000000000000e+00
-2.295278528645731342e+00 1.729616400404613064e+00 0.000000000000000000e+00
-2.287090978476913339e+00 1.661668831680343184e+00 0.000000000000000000e+00
-2.260040554944088509e+00 1.582497405155775638e+00 0.000000000000000000e+00
-2.245862888187511341e+00 1.514853618946373492e+00 0.000000000000000000e+00
-2.265984465927758595e+00 1.415944219674891036e+00 0.000000000000000000e+00
-2.268921919347131055e+00 1.363305804912741781e+00 0.000000000000000000e+00
-2.262058354777694902e+00 1.305999976951183195e+00 0.000000000000000000e+00
-2.328237618401615805e+00 1.290563162911109396e+00 0.000000000000000000e+00
-2.427223006301078900e+00 1.290577342189790144e+00 0.000000000000000000e+00
-2.524221443071249293e+00 1.286155042339459653e+00 0.000000000000000000e+00
-2.647325058012545362e+00 1.234467925668518040e+00 0.000000000000000000e+00
-2.741549860531797389e+00 1.220616617614899813e+00 0.000000000000000000e+00
-2.859088033810397889e+00 1.213610845026362961e+00 0.000000000000000000e+00
-2.988313617190953231e+00 1.207357049499080182e+00 0.000000000000000000e+00
-3.135896630088563786e+00 1.203757910698215250e+00 0.000000000000000000e+00
-3.317114932104966218e+00 1.207331075230836159e+00 0.000000000000000000e+00
-3.412376515932147747e+00 1.174975437816321744e+00 0.000000000000000000e+00
-3.595705879789309112e+00 1.099317585746851123e+00 0.000000000000000000e+00
-3.906567663428761161e+00 1.120190227261420146e+00 0.000000000000000000e+00
-1.488819228293767560e+00 1.828040083333770938e-01 0.000000000000000000e+00
-6.971974993264894671e+00 4.875279551919227683e-01 0.000000000000000000e+00
-7.080684048511962203e+00 2.472629080369151688e-01 0.000000000000000000e+00
-6.945000171661376065e+00 -2.502803418212312331e-08 0.000000000000000000e+00
