-7.360878713599754875e+00 -1.284849997907633878e-01 0.000000000000000000e+00
-3.975544113718295414e+00 -2.083496452196205717e-01 0.000000000000000000e+00
-3.987263473534260694e+00 -2.788168303720294783e-01 0.000000000000000000e+00
-3.977242109835495754e+00 -9.916380449105269834e-01 0.000000000000000000e+00
-3.049655716200321720e+00 -9.323734869877797760e-01 0.000000000000000000e+00
-3.011044776615841911e+00 -9.783479200822363664e-01 0.000000000000000000e+00
-2.984056477936055440e+00 -1.027493210883212438e+00 0.000000000000000000e+00
-2.956649206247947692e+00 -1.134951462198549033e+00 0.000000000000000000e+00
-3.812579923425128747e+00 -1.540382495804021978e+00 0.000000000000000000e+00
-3.798923317480691342e+00 -1.612547497413359787e+00 0.000000000000000000e+00
-3.791213653577358844e+00 -1.687957293440299544e+00 0.000000000000000000e+00
-3.830056468569302375e+00 -1.785984890454096474e+00 0.000000000000000000e+00
-3.825267407791468344e+00 -1.865707805650733020e+00 0.000000000000000000e+00
-2.944776548964500584e+00 -1.500438775136737624e+00 0.000000000000000000e+00
-3.772234872612758139e+00 -2.090984172546485720e+00 0.000000000000000000e+00
-3.731249292755759672e+00 -2.241961003981137068e+00 0.000000000000000000e+00
-3.582155031425935832e+00 -2.238379131753705842e+00 0.000000000000000000e+00
-3.442742590512462453e+00 -2.235743413736213991e+00 0.000000000000000000e+00
-3.302885555957757013e+00 -2.227824666773353002e+00 0.000000000000000000e+00
-2.980075047289903356e+00 -2.086671223692724730e+00 0.000000000000000000e+00
-2.684213902394232409e+00 -2.022700456437346972e+00 0.000000000000000000e+00
-2.870722980987890693e+00 -2.242854820648992664e+00 0.000000000000000000e+00
-2.768970927114759562e+00 -2.242268660653685242e+00 0.000000000000000000e+00
-2.666600560717623747e+00 -2.237543759967510759e+00 0.000000000000000000e+00
-2.536578842146885560e+00 -2.205014555020236688e+00 0.000000000000000000e+00
-2.446432703933894448e+00 -2.202778107142028041e+00 0.000000000000000000e+00
-2.357152914459914150e+00 -2.198080857820552847e+00 0.000000000000000000e+00
-2.230921771363163497e+00 -2.230921977462972272e+00 0.000000000000000000e+00
-2.149967573906900853e+00 -2.226356801648423644e+00 0.000000000000000000e+00
-2.062362891139071230e+00 -2.211613636789584003e+00 0.000000000000000000e+00
-1.981964683780111702e+00 -2.201194984433898050e+00 0.000000000000000000e+00
-1.907163539665525764e+00 -2.193940885713996369e+00 0.000000000000000000e+00
-1.833230162159326104e+00 -2.184758833754832263e+00 0.000000000000000000e+00
-1.767760888996050772e+00 -2.183003097812683091e+00 0.000000000000000000e+00
-1.718311010016064788e+00 -2.199338003887083115e+00 0.000000000000000000e+00
-1.616409343744449778e+00 -2.224796807228839324e+00 0.000000000000000000e+00
-1.587085874775910677e+00 -2.266593744901403529e+00 0.000000000000000000e+00
-1.603765157926497542e+00 -2.377679855083485450e+00 0.000000000000000000e+00
2.280588718270939896e+00 -3.795536702709459309e+00 0.000000000000000000e+00
2.193865808798697969e+00 -3.510918926361698666e+00 0.000000000000000000e+00
2.203065059114922342e+00 -3.392422432794151455e+00 0.000000000000000000e+00
2.190917901544467750e+00 -3.248169117237914350e+00 0.000000000000000000e+00
2.099289912334918462e+00 -2.998096478142339372e+00 0.000000000000000000e+00
2.152529693385770493e+00 -2.476201982016697833e+00 0.000000000000000000e+00
2.110438042507949419e+00 -2.343878739495920627e+00 0.000000000000000000e+00
2.102600983674220547e+00 -2.254763349531734740e+00 0.000000000000000000e+00
2.143947879358332198e+00 -2.143947733468432038e+00 0.000000000000000000e+00
2.130684481497453930e+00 -2.057577946896417043e+00 0.000000000000000000e+00
2.128239401471613057e+00 -1.984615214483242296e+00 0.000000000000000000e+00
2.192277336954095990e+00 -1.973935246965153878e+00 0.000000000000000000e+00
2.288279562781386112e+00 -1.989170941826404304e+00 0.000000000000000000e+00
2.370141650770476005e+00 -1.988784850310536090e+00 0.000000000000000000e+00
2.463552823367185951e+00 -1.994945605820666934e+00 0.000000000000000000e+00
2.557094871355600763e+00 -1.997821332393199922e+00 0.000000000000000000e+00
2.718297081022751360e+00 -1.974958296862783458e+00 0.000000000000000000e+00
2.818702236382445658e+00 -1.973676416640177900e+00 0.000000000000000000e+00
2.952202950789936775e+00 -1.991285893999907630e+00 0.000000000000000000e+00
3.045212931478084251e+00 -1.977584260324778631e+00 0.000000000000000000e+00
3.150498667953157916e+00 -1.968649919488828282e+00 0.000000000000000000e+00
3.259807284615691803e+00 -1.958689680389508858e+00 0.000000000000000000e+00
3.350652312797732790e+00 -1.934499871812815464e+00 0.000000000000000000e+00
3.417890235082405859e+00 -1.817324335287747061e+00 0.000000000000000000e+00
3.489181506314626979e+00 -1.777826636533336835e+00 0.000000000000000000e+00
3.525070241950130079e+00 -1.719291496725589230e+00 0.000000000000000000e+00
3.561789715575119697e+00 -1.660889685299693275e+00 0.000000000000000000e+00
3.592974414946677353e+00 -1.599695140858402809e+00 0.000000000000000000e+00
3.661768286821341700e+00 -1.554328286369947465e+00 0.000000000000000000e+00
3.769797906452634351e+00 -1.447089702511634268e+00 0.000000000000000000e+00
3.856498644749802640e+00 -1.403650581344155324e+00 0.000000000000000000e+00
3.907828216617939443e+00 -1.345573029617083805e+00 0.000000000000000000e+00
3.979220517961316261e+00 -1.292926988318066295e+00 0.000000000000000000e+00
4.050907042077071196e+00 -1.238486436558853487e+00 0.000000000000000000e+00
4.113238645411921190e+00 -1.179452068095521611e+00 0.000000000000000000e+00
4.166038317527133827e+00 -1.116286469008469950e+00 0.000000000000000000e+00
4.233637756087349047e+00 -9.774121581999920538e-01 0.000000000000000000e+00
1.047596067379074070e+00 -2.226733857328286326e-01 0.000000000000000000e+00
1.036598306033164052e+00 -2.014942675219670021e-01 0.000000000000000000e+00
1.034048099044292623e+00 -1.823305479810875263e-01 0.000000000000000000e+00
1.042011152333490953e+00 -1.650383220307586885e-01 0.000000000000000000e+00
1.038791232901021377e+00 -1.459925562109347374e-01 0.000000000000000000e+00
1.039195874622231841e+00 -1.275971786867541591e-01 0.000000000000000000e+00
1.039031055610137866e+00 -9.090340845710476181e-02 0.000000000000000000e+00
1.040459289368800055e+00 -7.275597128489802445e-02 0.000000000000000000e+00
1.041570589153674842e+00 -5.458637193937833365e-02 0.000000000000000000e+00
1.040365860529601338e+00 -3.633034701804784689e-02 0.000000000000000000e+00
1.041841354168198563e+00 -1.818537922342860005e-02 0.000000000000000000e+00
1.047000050544738325e+00 2.925284348087586419e-08 0.000000000000000000e+00
1.047840362084182075e+00 1.829015069811706917e-02 0.000000000000000000e+00
5.283099203859456416e+00 3.694304299659824098e-01 0.000000000000000000e+00
5.177223860235027786e+00 4.529485385370596862e-01 0.000000000000000000e+00
5.175491924945717415e+00 5.439662628493515673e-01 0.000000000000000000e+00
5.162232729607758586e+00 6.338426204298662769e-01 0.000000000000000000e+00
5.160286852735850971e+00 7.252311629201713128e-01 0.000000000000000000e+00
8.525432456313694729e+00 1.657176430430778113e+00 0.000000000000000000e+00
8.466845718917168639e+00 1.799683847095217448e+00 0.000000000000000000e+00
5.405529656692880103e+00 1.861273278658523100e+00 0.000000000000000000e+00
3.804453547143159753e+00 2.566136448690147454e+00 0.000000000000000000e+00
3.705668595939504595e+00 2.792421712072532092e+00 0.000000000000000000e+00
3.605937312602034428e+00 2.817267124832607994e+00 0.000000000000000000e+00
5.450901626173098258e+00 4.414053307967894746e+00 0.000000000000000000e+00
4.598739336458607774e+00 4.440951150921838675e+00 0.000000000000000000e+00
4.426488515327700490e+00 4.426488708815670137e+00 0.000000000000000000e+00
4.104266121706410253e+00 4.401286757002435657e+00 0.000000000000000000e+00
3.981326885362532320e+00 4.421711655246714834e+00 0.000000000000000000e+00
3.835977128534727498e+00 4.412787089453639844e+00 0.000000000000000000e+00
3.712098413543763353e+00 4.423906810688910340e+00 0.000000000000000000e+00
3.539927107660450378e+00 4.371446107691449257e+00 0.000000000000000000e+00
3.424924820050258223e+00 4.383704053246159305e+00 0.000000000000000000e+00
3.219887617006375269e+00 4.431795294345558744e+00 0.000000000000000000e+00
3.063471702793814977e+00 4.375091196981166775e+00 0.000000000000000000e+00
1.034269521759086929e+00 1.592635470245793439e+00 0.000000000000000000e+00
9.745214885054763743e-01 1.559560457095034547e+00 0.000000000000000000e+00
2.578795539679417992e+00 4.291836699937046085e+00 0.000000000000000000e+00
2.478499804255684502e+00 4.292887784092180858e+00 0.000000000000000000e+00
2.291021195853707226e+00 4.308784399003089405e+00 0.000000000000000000e+00
2.190958165210892261e+00 4.299997718625605536e+00 0.000000000000000000e+00
2.130483747675903761e+00 4.368139226106335649e+00 0.000000000000000000e+00
1.994335437207300776e+00 4.276866360758437402e+00 0.000000000000000000e+00
1.820025512564410253e+00 4.287711634723026854e+00 0.000000000000000000e+00
1.723190214034936885e+00 4.265045674887183225e+00 0.000000000000000000e+00
1.552087368157162972e+00 4.264325242172361641e+00 0.000000000000000000e+00
1.387177161694305383e+00 4.269292578155228668e+00 0.000000000000000000e+00
1.300761602855791343e+00 4.254599769696039147e+00 0.000000000000000000e+00
1.212804316025011486e+00 4.229551575553195164e+00 0.000000000000000000e+00
1.138286023531601021e+00 4.248141575828175753e+00 0.000000000000000000e+00
1.060101664028288537e+00 4.251835861656515725e+00 0.000000000000000000e+00
9.783120559116863513e-01 4.237535406598561316e+00 0.000000000000000000e+00
8.233407528640421802e-01 4.235721366955791822e+00 0.000000000000000000e+00
2.458857971880048232e-01 1.394487790928436333e+00 0.000000000000000000e+00
2.127508518726073383e-01 1.343256160952702283e+00 0.000000000000000000e+00
1.834301193616670600e-01 1.305173277083885530e+00 0.000000000000000000e+00
1.402771763703251351e-01 1.334648393498026664e+00 0.000000000000000000e+00
1.189675673160432573e-01 1.359805774352429886e+00 0.000000000000000000e+00
9.940294857042746013e-02 1.421528725674200633e+00 0.000000000000000000e+00
7.646280667146782006e-02 1.458997717228170954e+00 0.000000000000000000e+00
4.969686133966105118e-02 1.423132563252862859e+00 0.000000000000000000e+00
2.591680019085730591e-02 1.484773842022433676e+00 0.000000000000000000e+00
-3.750525379982058011e-02 2.148672625743482723e+00 0.000000000000000000e+00
-2.937445725227574855e-01 4.200742176921478332e+00 0.000000000000000000e+00
-4.405875513360692497e-01 4.191909934137853178e+00 0.000000000000000000e+00
-5.147761659093316178e-01 4.192514914183647079e+00 0.000000000000000000e+00
-5.889806073067382908e-01 4.190814333602226327e+00 0.000000000000000000e+00
-6.634386546535607776e-01 4.188786416123358336e+00 0.000000000000000000e+00
-7.367892833934606145e-01 4.178539315460453984e+00 0.000000000000000000e+00
-8.120831520071706278e-01 4.177805322343759009e+00 0.000000000000000000e+00
-8.904858294634608873e-01 4.189406153880449679e+00 0.000000000000000000e+00
-1.037119267541691814e+00 4.159657938116174236e+00 0.000000000000000000e+00
-1.157069233016928100e+00 3.360372908624734478e+00 0.000000000000000000e+00
-1.020528085470988167e+00 2.092392588991624169e+00 0.000000000000000000e+00
-1.129074394516786928e+00 2.215933201773834682e+00 0.000000000000000000e+00
-1.171331521828921973e+00 2.202954129097965286e+00 0.000000000000000000e+00
-1.086458351684989720e+00 1.960022695773095291e+00 0.000000000000000000e+00
-1.139779312196250283e+00 1.896911273936955133e+00 0.000000000000000000e+00
-2.838463344500269159e+00 4.208194863671305797e+00 0.000000000000000000e+00
-2.108973551632995047e+00 2.902753000655354132e+00 0.000000000000000000e+00
-1.518810362777427203e+00 1.628724676986435860e+00 0.000000000000000000e+00
-2.935200293325177956e+00 2.935200236454319267e+00 0.000000000000000000e+00
-2.921089637046053955e+00 1.896977757212918503e+00 0.000000000000000000e+00
-2.820648483879011792e+00 1.563510957835315018e+00 0.000000000000000000e+00
-6.703440949820675954e+00 1.061720709961065934e+00 0.000000000000000000e+00
-6.746696556990261051e+00 9.481863333681961326e-01 0.000000000000000000e+00
-6.720529905647753210e+00 8.251772824593929245e-01 0.000000000000000000e+00
-6.706061173930476293e+00 7.048354013968455289e-01 0.000000000000000000e+00
-6.681926940732964226e+00 2.333380045396964697e-01 0.000000000000000000e+00
-7.364999771118163174e+00 -2.654160712263579004e-08 0.000000000000000000e+00
