-5.968990876636381948e+00 -1.378050444147784104e+00 0.000000000000000000e+00
-4.716448267896390156e+00 -1.810475130671933774e+00 0.000000000000000000e+00
-4.670225148662270342e+00 -1.886893708447230145e+00 0.000000000000000000e+00
-5.339965539245651982e+00 -2.490067143109466752e+00 0.000000000000000000e+00
-5.306515098357053262e+00 -2.821524457109728434e+00 0.000000000000000000e+00
-5.341302298233102874e+00 -2.960732548091818295e+00 0.000000000000000000e+00
-5.219534920351866170e+00 -3.013500226888450761e+00 0.000000000000000000e+00
-5.142146550471732525e+00 -3.089713695972116980e+00 0.000000000000000000e+00
-4.221867440760187939e+00 -2.741713060499806343e+00 0.000000000000000000e+00
-1.970765418371278166e+00 -1.431845031918691058e+00 0.000000000000000000e+00
-3.142778264129620247e+00 -2.544971902750995163e+00 0.000000000000000000e+00
-2.963059812834940132e+00 -2.486302632755425179e+00 0.000000000000000000e+00
-2.932046592856895728e+00 -2.548789458393097007e+00 0.000000000000000000e+00
-2.907925659463584278e+00 -2.618308269654334275e+00 0.000000000000000000e+00
-1.273950749301099750e+00 -1.230240052312834731e+00 0.000000000000000000e+00
-2.793915718790158653e+00 -2.893184687645092623e+00 0.000000000000000000e+00
-1.132799229385352380e+00 -1.214778560173596977e+00 0.000000000000000000e+00
-2.737078080161999605e+00 -3.148648441817488042e+00 0.000000000000000000e+00
-2.717063230788702377e+00 -3.238070165910871268e+00 0.000000000000000000e+00
-2.692232405216723023e+00 -3.324630450421129257e+00 0.000000000000000000e+00
-2.598035246619054828e+00 -3.447709544000895132e+00 0.000000000000000000e+00
-2.576262540780687615e+00 -3.545921518886178792e+00 0.000000000000000000e+00
-2.566136189807277201e+00 -3.804453721761856144e+00 0.000000000000000000e+00
6.265000496111424733e-01 -1.085129826525475627e+00 0.000000000000000000e+00
6.309216917576333516e-01 -1.050029941136079170e+00 0.000000000000000000e+00
6.523306233240718788e-01 -1.043947137736698449e+00 0.000000000000000000e+00
6.731738525452545252e-01 -1.036596749195619394e+00 0.000000000000000000e+00
6.928400230779785396e-01 -1.027177496957713876e+00 0.000000000000000000e+00
7.153346912212105169e-01 -9.845736631179009546e-01 0.000000000000000000e+00
8.381950905667076013e-01 -9.989219400837606733e-01 0.000000000000000000e+00
8.541889197417782409e-01 -9.826318784733357736e-01 0.000000000000000000e+00
8.934178455138356290e-01 -9.580732766337956008e-01 0.000000000000000000e+00
9.190330248268421265e-01 -9.516864915261536995e-01 0.000000000000000000e+00
9.454018073789861587e-01 -9.454017430469300320e-01 0.000000000000000000e+00
9.718280670744645633e-01 -9.384833917699793027e-01 0.000000000000000000e+00
9.975664532059181910e-01 -9.302457040883599371e-01 0.000000000000000000e+00
1.025539886658138000e+00 -9.234001991078992777e-01 0.000000000000000000e+00
1.053574625529216657e+00 -9.158583873383885354e-01 0.000000000000000000e+00
1.103547261597227713e+00 -8.936348916317470303e-01 0.000000000000000000e+00
1.131583463155963143e+00 -8.840898346794168194e-01 0.000000000000000000e+00
1.164410558378828453e+00 -8.774462321093403627e-01 0.000000000000000000e+00
1.194918127630286708e+00 -8.681587773133563335e-01 0.000000000000000000e+00
1.222994055100367738e+00 -8.563495970190257989e-01 0.000000000000000000e+00
1.257649991959999936e+00 -8.482955712475476195e-01 0.000000000000000000e+00
1.290714060020199172e+00 -8.381994517660570354e-01 0.000000000000000000e+00
1.346609838234270162e+00 -8.091247621012063185e-01 0.000000000000000000e+00
1.383908663759191082e+00 -7.989999805164539337e-01 0.000000000000000000e+00
1.423880926719699236e+00 -7.892700265672381033e-01 0.000000000000000000e+00
1.464810115786110645e+00 -7.788532945469441859e-01 0.000000000000000000e+00
1.504019004748825994e+00 -7.663358995958499120e-01 0.000000000000000000e+00
1.550419775080845275e+00 -7.561901898944937139e-01 0.000000000000000000e+00
1.579520092928939023e+00 -7.032475953726310403e-01 0.000000000000000000e+00
1.596155407075969368e+00 -6.775277145715155047e-01 0.000000000000000000e+00
1.609591137693769936e+00 -6.503169746185990530e-01 0.000000000000000000e+00
1.620695585237266645e+00 -6.221266896797197354e-01 0.000000000000000000e+00
1.638823909497983067e+00 -5.964830653886522560e-01 0.000000000000000000e+00
1.650875499031408511e+00 -5.684419640827539366e-01 0.000000000000000000e+00
1.667202109472770255e+00 -5.417067469843377392e-01 0.000000000000000000e+00
1.693743088944437369e+00 -4.856729602368973775e-01 0.000000000000000000e+00
1.703893227447758063e+00 -4.565567595557083469e-01 0.000000000000000000e+00
1.717423429775907451e+00 -4.282016993621322598e-01 0.000000000000000000e+00
1.732429984278261781e+00 -3.999629225313574010e-01 0.000000000000000000e+00
1.751862372317777528e+00 -3.723697882504450329e-01 0.000000000000000000e+00
1.767910566565546127e+00 -3.436469484671081931e-01 0.000000000000000000e+00
1.783486839585616490e+00 -3.144767956918553264e-01 0.000000000000000000e+00
1.794629754232631047e+00 -2.842413755762129846e-01 0.000000000000000000e+00
1.819337047510486416e+00 -2.233864471671575536e-01 0.000000000000000000e+00
1.822958584708631369e+00 -1.916006149761602939e-01 0.000000000000000000e+00
1.823036344823989241e+00 -1.594949608011171915e-01 0.000000000000000000e+00
1.865444782457751138e+00 -1.304445531053844420e-01 0.000000000000000000e+00
1.889407042562963657e+00 -9.901957355960436247e-02 0.000000000000000000e+00
1.904838936283660189e+00 -6.651838761168717140e-02 0.000000000000000000e+00
1.925706660861370434e+00 -3.361328071758680480e-02 0.000000000000000000e+00
1.945703593805920173e+00 3.396243667670363620e-02 0.000000000000000000e+00
1.966801199999514527e+00 6.868226582760812715e-02 0.000000000000000000e+00
1.983278195066304983e+00 1.039392606616249548e-01 0.000000000000000000e+00
2.012086645562324083e+00 1.406988598767707488e-01 0.000000000000000000e+00
2.020282958816679297e+00 1.767519115130169460e-01 0.000000000000000000e+00
2.053687764986765529e+00 2.158513383422978049e-01 0.000000000000000000e+00
2.077582449486099936e+00 2.919852285158360816e-01 0.000000000000000000e+00
2.097850098131853525e+00 3.322668711443010348e-01 0.000000000000000000e+00
2.104534240969123005e+00 3.710862262020508395e-01 0.000000000000000000e+00
2.133075954151403053e+00 4.146280219392875499e-01 0.000000000000000000e+00
2.165618762850686885e+00 4.603165376877984549e-01 0.000000000000000000e+00
2.207922585051189657e+00 5.097391542452307522e-01 0.000000000000000000e+00
2.235561242585679231e+00 5.573880816967076157e-01 0.000000000000000000e+00
2.256402681382594810e+00 6.046013389408334548e-01 0.000000000000000000e+00
2.271223777607342065e+00 6.943828569535939188e-01 0.000000000000000000e+00
2.313920568413486922e+00 7.518384334458452223e-01 0.000000000000000000e+00
2.336376338416597864e+00 8.044789546572138628e-01 0.000000000000000000e+00
2.362387169602869985e+00 8.598386790619374498e-01 0.000000000000000000e+00
2.414238927608210794e+00 9.267395658191289742e-01 0.000000000000000000e+00
2.455182823896793209e+00 9.919583213741820504e-01 0.000000000000000000e+00
2.472967542330605006e+00 1.101036160857941981e+00 0.000000000000000000e+00
2.505941097532840889e+00 1.168539599592583578e+00 0.000000000000000000e+00
2.553473927118542264e+00 1.245412525512378688e+00 0.000000000000000000e+00
2.591937875408787395e+00 1.320658390330104570e+00 0.000000000000000000e+00
2.643545022018736201e+00 1.405597903133566584e+00 0.000000000000000000e+00
2.694703360225120914e+00 1.493698548163690187e+00 0.000000000000000000e+00
2.710362915462043443e+00 1.628550426779544535e+00 0.000000000000000000e+00
2.773965203956076042e+00 1.733365930293700563e+00 0.000000000000000000e+00
2.823803845598534146e+00 1.833799753289210077e+00 0.000000000000000000e+00
2.844427861907099953e+00 1.918590915005573772e+00 0.000000000000000000e+00
2.928468549805157473e+00 2.050535855268239338e+00 0.000000000000000000e+00
2.621121750461859801e+00 1.975157005134073440e+00 0.000000000000000000e+00
2.602799451752110027e+00 2.033529895909987673e+00 0.000000000000000000e+00
2.557822336987423117e+00 2.146267877793282430e+00 0.000000000000000000e+00
2.533560096412189822e+00 2.202390290892660030e+00 0.000000000000000000e+00
2.512572635760261353e+00 2.262330664110255629e+00 0.000000000000000000e+00
2.499766888002322940e+00 2.331070438296420466e+00 0.000000000000000000e+00
2.490354259052569130e+00 2.404907259096648264e+00 0.000000000000000000e+00
2.428911699829261472e+00 2.428911806000370266e+00 0.000000000000000000e+00
4.951990084454431340e+00 5.310359448732580923e+00 0.000000000000000000e+00
1.336129850346021941e+00 3.000996932174697207e+00 0.000000000000000000e+00
1.269094612364081609e+00 2.989799701945226929e+00 0.000000000000000000e+00
1.628489276214288406e+00 6.077605151131150407e+00 0.000000000000000000e+00
5.338679464845491607e-01 3.798668286691949447e+00 0.000000000000000000e+00
4.760215782066050116e-01 3.876885175933213024e+00 0.000000000000000000e+00
4.142462407521851353e-01 3.941290337017774981e+00 0.000000000000000000e+00
4.939114853378007153e-01 5.645435179800938563e+00 0.000000000000000000e+00
3.934961622265010783e-01 5.627258608442716969e+00 0.000000000000000000e+00
2.936569630269931785e-01 5.603310385210004796e+00 0.000000000000000000e+00
1.357938804192111715e-01 3.888629742514897458e+00 0.000000000000000000e+00
-9.539494044044505294e-02 5.465167580329633346e+00 0.000000000000000000e+00
-1.909352380050914622e-01 5.467667406092774129e+00 0.000000000000000000e+00
-2.805208146992809737e-01 5.352654435305430169e+00 0.000000000000000000e+00
-3.723601254440178088e-01 5.324996715761529664e+00 0.000000000000000000e+00
-4.634071565009101890e-01 5.296767115354181321e+00 0.000000000000000000e+00
-5.529556454060235993e-01 5.261020780287664955e+00 0.000000000000000000e+00
-6.450545394928272058e-01 5.253546990677639528e+00 0.000000000000000000e+00
-8.245661266794787059e-01 5.206105140849912161e+00 0.000000000000000000e+00
-9.007131361091230692e-01 5.108197602778893121e+00 0.000000000000000000e+00
-1.479985575416927768e+00 4.840814461399872037e+00 0.000000000000000000e+00
-1.561771923033555387e+00 4.806639518196796246e+00 0.000000000000000000e+00
-1.644770394288062931e+00 4.776759865494383028e+00 0.000000000000000000e+00
-8.482570020625778140e-01 2.209784954704596238e+00 0.000000000000000000e+00
-2.252789353204702749e+00 4.618902521462019628e+00 0.000000000000000000e+00
-2.333965121165562984e+00 4.580664329019964676e+00 0.000000000000000000e+00
-2.426698632589197491e+00 4.563956209760016591e+00 0.000000000000000000e+00
-2.707555196267772857e+00 4.506128442277423929e+00 0.000000000000000000e+00
-2.826059584949890180e+00 4.522640619739292767e+00 0.000000000000000000e+00
-3.069781271407353351e+00 4.384101900883796255e+00 0.000000000000000000e+00
-3.146414599161075465e+00 4.330668069283592381e+00 0.000000000000000000e+00
-3.292530155802502634e+00 4.369334995384591913e+00 0.000000000000000000e+00
-3.483288313595346963e+00 4.301502741510478067e+00 0.000000000000000000e+00
-1.615968031478155709e+00 1.925835666498014964e+00 0.000000000000000000e+00
-4.100512112771140139e+00 4.100512033321828120e+00 0.000000000000000000e+00
-4.212453871225176449e+00 4.067919340069533263e+00 0.000000000000000000e+00
-2.822594128584122952e+00 2.285691616032825557e+00 0.000000000000000000e+00
-2.844718757282592492e+00 2.222537836473532646e+00 0.000000000000000000e+00
-2.328030129707065132e+00 1.630104217079872742e+00 0.000000000000000000e+00
-2.317160091358867025e+00 1.562944188861817851e+00 0.000000000000000000e+00
-9.023231876780967164e-01 5.638340955476590644e-01 0.000000000000000000e+00
-8.897396516690798673e-01 5.346095084358509775e-01 0.000000000000000000e+00
-8.781498137011846117e-01 5.070000223606704326e-01 0.000000000000000000e+00
-8.693720079535329770e-01 4.819007645367212045e-01 0.000000000000000000e+00
-8.591080023856876302e-01 4.567958195413417410e-01 0.000000000000000000e+00
-8.482382337063477662e-01 4.321989595568704323e-01 0.000000000000000000e+00
-8.421700033061083612e-01 4.107537483034585102e-01 0.000000000000000000e+00
-8.356157741579696152e-01 3.896540276603211450e-01 0.000000000000000000e+00
-8.294992710989637086e-01 3.693168631288143433e-01 0.000000000000000000e+00
-8.247723765016867770e-01 3.500950963956895867e-01 0.000000000000000000e+00
-8.252851021807929843e-01 3.167972632769651686e-01 0.000000000000000000e+00
-8.335073794027900718e-01 3.033718701898036052e-01 0.000000000000000000e+00
-8.642039560390394337e-01 2.975692796116283789e-01 0.000000000000000000e+00
-8.949441690773369817e-01 2.907849815885171774e-01 0.000000000000000000e+00
-9.266592928722440226e-01 2.833081711093372590e-01 0.000000000000000000e+00
-9.689518066925469908e-01 2.778424535444069532e-01 0.000000000000000000e+00
-1.009107519696115229e+00 2.515987566484638727e-01 0.000000000000000000e+00
