-5.991401622031455432e+00 -1.383224373591410261e+00 0.000000000000000000e+00
-4.711780259012687821e+00 -1.808683249681480421e+00 0.000000000000000000e+00
-4.742545109426887784e+00 -1.916112873394983040e+00 0.000000000000000000e+00
-5.412470091409653961e+00 -2.523876575350663121e+00 0.000000000000000000e+00
-5.353166972923943057e+00 -2.727575135974524390e+00 0.000000000000000000e+00
-5.267834148046725673e+00 -2.920008482805930949e+00 0.000000000000000000e+00
-5.232525185420122682e+00 -3.021000160757634223e+00 0.000000000000000000e+00
-1.998271930423332510e+00 -1.451829684713996649e+00 0.000000000000000000e+00
-3.158321167944280639e+00 -2.557558299299218518e+00 0.000000000000000000e+00
-2.969954260768631560e+00 -2.492087762024392639e+00 0.000000000000000000e+00
-2.929027793524985768e+00 -2.546165255922058002e+00 0.000000000000000000e+00
-2.908668750395306368e+00 -2.618977351797235897e+00 0.000000000000000000e+00
-2.861786988561487277e+00 -2.668659788734256466e+00 0.000000000000000000e+00
-1.264599324082864129e+00 -1.221209485113911697e+00 0.000000000000000000e+00
-2.872412383849170414e+00 -2.974470371337183838e+00 0.000000000000000000e+00
-1.145075203814783560e+00 -1.227942932248782482e+00 0.000000000000000000e+00
-2.752823606148221192e+00 -3.166761599137128069e+00 0.000000000000000000e+00
-2.704207185047510897e+00 -3.222748925796023567e+00 0.000000000000000000e+00
-2.675240786819258698e+00 -3.303647547230199599e+00 0.000000000000000000e+00
-2.650422392102377955e+00 -3.392386278924893084e+00 0.000000000000000000e+00
-2.615488051130603342e+00 -3.470870200024462893e+00 0.000000000000000000e+00
6.315000451549870331e-01 -1.093790072123999924e+00 0.000000000000000000e+00
6.319517547072037722e-01 -1.051744253629109282e+00 0.000000000000000000e+00
6.507409174934929430e-01 -1.041403076807564831e+00 0.000000000000000000e+00
6.726292529553740129e-01 -1.035758139433298863e+00 0.000000000000000000e+00
6.928400230779785396e-01 -1.027177496957713876e+00 0.000000000000000000e+00
7.037783218647785111e-01 -1.005099531883565600e+00 0.000000000000000000e+00
8.459085195205516827e-01 -1.008114446102929440e+00 0.000000000000000000e+00
8.515646390991380432e-01 -9.796129891411043955e-01 0.000000000000000000e+00
8.785684954944574798e-01 -9.757490986720684933e-01 0.000000000000000000e+00
8.988738436518580732e-01 -9.639241179166857520e-01 0.000000000000000000e+00
9.252849941056590088e-01 -9.581605947926903344e-01 0.000000000000000000e+00
9.689507448238057208e-01 -9.357047941594550666e-01 0.000000000000000000e+00
9.931783873534194562e-01 -9.261537667588464195e-01 0.000000000000000000e+00
1.024053616097583719e+00 -9.220619551747293308e-01 0.000000000000000000e+00
1.051310480888210552e+00 -9.138901965625608748e-01 0.000000000000000000e+00
1.080122669452269646e+00 -9.063304721831045851e-01 0.000000000000000000e+00
1.110541624353966750e+00 -8.992988145298973501e-01 0.000000000000000000e+00
1.142615659833402519e+00 -8.927091307846338752e-01 0.000000000000000000e+00
1.189255033223918234e+00 -8.640442986708798401e-01 0.000000000000000000e+00
1.221355772066826217e+00 -8.552024589689871670e-01 0.000000000000000000e+00
1.251017677793264671e+00 -8.438220191696792494e-01 0.000000000000000000e+00
1.285682001314626399e+00 -8.349315948650485320e-01 0.000000000000000000e+00
1.322107021504474567e+00 -8.261440983663025373e-01 0.000000000000000000e+00
1.362038855666992454e+00 -8.183954503920897183e-01 0.000000000000000000e+00
1.413385520910459103e+00 -7.834523285656385116e-01 0.000000000000000000e+00
1.456863531741399154e+00 -7.746280211842625496e-01 0.000000000000000000e+00
1.500455024480129129e+00 -7.645199610892683406e-01 0.000000000000000000e+00
1.543229408028474969e+00 -7.526832138392770544e-01 0.000000000000000000e+00
1.572444046438340681e+00 -7.332426409172920767e-01 0.000000000000000000e+00
1.587742059662717420e+00 -7.069082505049387732e-01 0.000000000000000000e+00
1.612372708745303918e+00 -6.514408021724161779e-01 0.000000000000000000e+00
1.627230731100804961e+00 -6.246352969096592433e-01 0.000000000000000000e+00
1.636944548431789492e+00 -5.957990339663388202e-01 0.000000000000000000e+00
1.649929936261753882e+00 -5.681163807433311508e-01 0.000000000000000000e+00
1.663397818973175291e+00 -5.404706581985750935e-01 0.000000000000000000e+00
1.683096376934639871e+00 -5.145741466301562150e-01 0.000000000000000000e+00
1.693743088944437369e+00 -4.856729602368973775e-01 0.000000000000000000e+00
1.707756881040291441e+00 -4.575920222915636493e-01 0.000000000000000000e+00
1.729506853620767171e+00 -3.992880647354739021e-01 0.000000000000000000e+00
1.745993445631790042e+00 -3.711223095547143691e-01 0.000000000000000000e+00
1.759075977096988597e+00 -3.419296785049023013e-01 0.000000000000000000e+00
1.776593215332873621e+00 -3.132612639494344320e-01 0.000000000000000000e+00
1.791666668474636293e+00 -2.837720689853597267e-01 0.000000000000000000e+00
1.811200301338053764e+00 -2.545475485617161859e-01 0.000000000000000000e+00
1.827277432843397831e+00 -2.243614036608344298e-01 0.000000000000000000e+00
1.799127623557620570e+00 -1.574032194203097423e-01 0.000000000000000000e+00
1.822549545335472754e+00 -1.274450271535130241e-01 0.000000000000000000e+00
1.881417990082814518e+00 -9.860088528761794258e-02 0.000000000000000000e+00
1.901840742831595321e+00 -6.641368847393835928e-02 0.000000000000000000e+00
1.916708087858768117e+00 -3.345621029427588156e-02 0.000000000000000000e+00
1.945000052452086514e+00 5.434267369430755727e-08 0.000000000000000000e+00
1.965801762471886205e+00 6.864736467239698769e-02 0.000000000000000000e+00
1.981280961713596023e+00 1.038345900417564360e-01 0.000000000000000000e+00
2.003108506338007189e+00 1.400710469764354926e-01 0.000000000000000000e+00
2.028252413777511975e+00 1.774491486955100117e-01 0.000000000000000000e+00
2.043742555545939421e+00 2.148060544366839630e-01 0.000000000000000000e+00
2.080376683403071247e+00 2.554381945870910497e-01 0.000000000000000000e+00
2.100358616869970163e+00 2.951862107150933778e-01 0.000000000000000000e+00
2.102564533432118576e+00 3.707389135651739109e-01 0.000000000000000000e+00
2.123259691728926590e+00 4.127199335455539742e-01 0.000000000000000000e+00
2.161706222842687541e+00 4.594849015286821547e-01 0.000000000000000000e+00
2.188435202457912343e+00 5.052401369387341523e-01 0.000000000000000000e+00
2.231680109674470280e+00 5.564204064718112352e-01 0.000000000000000000e+00
2.251573172037905746e+00 6.033072756779599422e-01 0.000000000000000000e+00
2.279151513727340372e+00 6.535362435855032182e-01 0.000000000000000000e+00
2.292046266905983565e+00 7.447310414278904833e-01 0.000000000000000000e+00
2.328812287263294145e+00 8.018744427621364856e-01 0.000000000000000000e+00
2.357688823042988435e+00 8.581286206296004915e-01 0.000000000000000000e+00
2.406770380424014810e+00 9.238726589460638516e-01 0.000000000000000000e+00
2.435712048033502164e+00 9.840916167226123612e-01 0.000000000000000000e+00
2.484442464427873976e+00 1.054583331275321223e+00 0.000000000000000000e+00
2.516817812680255173e+00 1.120559560373675545e+00 0.000000000000000000e+00
2.542688323261638850e+00 1.240152034697906247e+00 0.000000000000000000e+00
2.580354780540930815e+00 1.314756508356636377e+00 0.000000000000000000e+00
2.614407758564955664e+00 1.390105344439631851e+00 0.000000000000000000e+00
2.675461661864252605e+00 1.483032699992768766e+00 0.000000000000000000e+00
2.734908180831661539e+00 1.579000061504999719e+00 0.000000000000000000e+00
2.773793397808639760e+00 1.666663307717768161e+00 0.000000000000000000e+00
2.818771787075567303e+00 1.830531896107013390e+00 0.000000000000000000e+00
2.828676104001182523e+00 1.907966219607815095e+00 0.000000000000000000e+00
2.918638656687452038e+00 2.043652889667447514e+00 0.000000000000000000e+00
2.629906675419654061e+00 1.981776921231792832e+00 0.000000000000000000e+00
2.600435403000281642e+00 2.031682898513013757e+00 0.000000000000000000e+00
2.595667396919086656e+00 2.101930110927169526e+00 0.000000000000000000e+00
2.535824061006432650e+00 2.204358325378340755e+00 0.000000000000000000e+00
2.528178608745537126e+00 2.276382345930464179e+00 0.000000000000000000e+00
2.504886341488884227e+00 2.335844406117193017e+00 0.000000000000000000e+00
2.491073718204394272e+00 2.405602032754074138e+00 0.000000000000000000e+00
2.462852893368064233e+00 2.462853001022789368e+00 0.000000000000000000e+00
5.038356896570266308e+00 5.217371524880222822e+00 0.000000000000000000e+00
1.354026225414908247e+00 3.041192850756163413e+00 0.000000000000000000e+00
1.277300023082424074e+00 3.009130439213379749e+00 0.000000000000000000e+00
1.616324799674242474e+00 6.032206703403902637e+00 0.000000000000000000e+00
5.334504243117693667e-01 3.795697461702037145e+00 0.000000000000000000e+00
4.763871887439602437e-01 3.879862835218696571e+00 0.000000000000000000e+00
4.150824575602915512e-01 3.949246409761989263e+00 0.000000000000000000e+00
4.926913104882885697e-01 5.631488514810484070e+00 0.000000000000000000e+00
3.930776538170464574e-01 5.621273657950484726e+00 0.000000000000000000e+00
2.931335916473691294e-01 5.593323861285830922e+00 0.000000000000000000e+00
1.301750635653568522e-01 3.727727805931378313e+00 0.000000000000000000e+00
-9.562182212710057527e-02 5.478165611805467350e+00 0.000000000000000000e+00
-1.905862348952833130e-01 5.457673269085585588e+00 0.000000000000000000e+00
-2.806778112342293574e-01 5.355650106767527951e+00 0.000000000000000000e+00
-3.718020807172112696e-01 5.317016306113881541e+00 0.000000000000000000e+00
-4.621869812114725029e-01 5.282820450402215151e+00 0.000000000000000000e+00
-5.531646872100249857e-01 5.263009679910875427e+00 0.000000000000000000e+00
-7.349732421061381249e-01 5.229605796220014646e+00 0.000000000000000000e+00
-8.239404341148286459e-01 5.202154673844271215e+00 0.000000000000000000e+00
-8.974138939917354341e-01 5.089486672517756993e+00 0.000000000000000000e+00
-1.479985575416927768e+00 4.840814461399872037e+00 0.000000000000000000e+00
-1.563008048823306684e+00 4.810443922017131335e+00 0.000000000000000000e+00
-1.646398272381086603e+00 4.781487566556900326e+00 0.000000000000000000e+00
-2.246213844366489187e+00 4.605420730850076971e+00 0.000000000000000000e+00
-2.335327210462054381e+00 4.583337579702590148e+00 0.000000000000000000e+00
-2.419186960261966224e+00 4.549828809223687820e+00 0.000000000000000000e+00
-2.507920150724840980e+00 4.524407591863774947e+00 0.000000000000000000e+00
-2.601500087122512017e+00 4.505930204877221179e+00 0.000000000000000000e+00
-2.889310037581645396e+00 4.449147186304670321e+00 0.000000000000000000e+00
-2.997274086920875380e+00 4.443641466089164993e+00 0.000000000000000000e+00
-3.061750962677599386e+00 4.372633431747343202e+00 0.000000000000000000e+00
-3.152292306027735691e+00 4.338758038563178765e+00 0.000000000000000000e+00
-3.295539012865762007e+00 4.373327883479919187e+00 0.000000000000000000e+00
-1.613033016851453283e+00 2.064588067115738834e+00 0.000000000000000000e+00
-2.855046024374738867e+00 2.956486647389163558e+00 0.000000000000000000e+00
-4.114654235044884700e+00 4.114654155321562534e+00 0.000000000000000000e+00
-4.228998859661594167e+00 4.083896649376460353e+00 0.000000000000000000e+00
-2.775188325390094857e+00 2.247303154222255017e+00 0.000000000000000000e+00
-2.854174952522948505e+00 2.229925825763147795e+00 0.000000000000000000e+00
-2.319838617028405992e+00 1.624368458254695780e+00 0.000000000000000000e+00
-2.313843786086462906e+00 1.560707312750699849e+00 0.000000000000000000e+00
-8.963868768559596356e-01 5.601246769169548889e-01 0.000000000000000000e+00
-8.837395066947324462e-01 5.310042576759660404e-01 0.000000000000000000e+00
-8.755517193084054739e-01 5.055000118901536998e-01 0.000000000000000000e+00
-8.641242529883051970e-01 4.789918865113088065e-01 0.000000000000000000e+00
-8.538103323855418259e-01 4.539789984866476336e-01 0.000000000000000000e+00
-8.473471855420940946e-01 4.317449478485997916e-01 0.000000000000000000e+00
-8.367772548669897281e-01 4.081235291952858280e-01 0.000000000000000000e+00
-8.386347169909967869e-01 3.733842256180650021e-01 0.000000000000000000e+00
-8.321363754075775665e-01 3.532209284194907650e-01 0.000000000000000000e+00
-8.261207914140268338e-01 3.337744591175381692e-01 0.000000000000000000e+00
-8.234179653621359618e-01 3.160805366175947206e-01 0.000000000000000000e+00
-8.400851990862500118e-01 3.057660007139656466e-01 0.000000000000000000e+00
-8.698771071802312571e-01 2.995227021647370313e-01 0.000000000000000000e+00
-9.035036809152776627e-01 2.935661355176704679e-01 0.000000000000000000e+00
-9.419602000033742151e-01 2.879861277747240433e-01 0.000000000000000000e+00
-9.862102968435316752e-01 2.642542466536346168e-01 0.000000000000000000e+00
-1.000374912743084543e+00 2.494214732482332442e-01 0.000000000000000000e+00
