-7.256894461859337397e+00 -1.266699425016891978e-01 0.000000000000000000e+00
-3.973546999414050873e+00 -2.082449807900858540e-01 0.000000000000000000e+00
-4.002227038882658405e+00 -2.798631855700738358e-01 0.000000000000000000e+00
-3.085039163086928049e+00 -9.431912942504356856e-01 0.000000000000000000e+00
-3.023408522011430399e+00 -9.823651451617635422e-01 0.000000000000000000e+00
-2.986893053452073232e+00 -1.028469922318272722e+00 0.000000000000000000e+00
-2.971307957752976403e+00 -1.081467820265396229e+00 0.000000000000000000e+00
-3.764366321504913238e+00 -1.520902933421276471e+00 0.000000000000000000e+00
-3.777510593983334442e+00 -1.681856297427491098e+00 0.000000000000000000e+00
-3.783835097469543829e+00 -1.764431508388406789e+00 0.000000000000000000e+00
-3.800101284809663582e+00 -1.853433465825631066e+00 0.000000000000000000e+00
-3.749355524039583720e+00 -1.910392288345383660e+00 0.000000000000000000e+00
-3.856715013117069102e+00 -2.050651987588085756e+00 0.000000000000000000e+00
-3.781855408875037128e+00 -2.096316923484632166e+00 0.000000000000000000e+00
-3.895382283314215766e+00 -2.249000260313096078e+00 0.000000000000000000e+00
-3.485514887327069822e+00 -2.263520070973719989e+00 0.000000000000000000e+00
-3.384960451683991955e+00 -2.283184888653258859e+00 0.000000000000000000e+00
-3.234831218339063952e+00 -2.265053433117235393e+00 0.000000000000000000e+00
-2.761983951437038343e+00 -2.006699002447806635e+00 0.000000000000000000e+00
-2.696193327988855248e+00 -2.031727601999959276e+00 0.000000000000000000e+00
-2.828958433627007274e+00 -2.210224776927969703e+00 0.000000000000000000e+00
-2.725450759376504717e+00 -2.207026720310323764e+00 0.000000000000000000e+00
-2.626000227284584820e+00 -2.203476031915564182e+00 0.000000000000000000e+00
-2.482846817281155527e+00 -2.235565525141858245e+00 0.000000000000000000e+00
-2.390063711036414684e+00 -2.228770674983733269e+00 0.000000000000000000e+00
-2.288219798392386650e+00 -2.209708378461160638e+00 0.000000000000000000e+00
-2.204758863477442432e+00 -2.204759067160236619e+00 0.000000000000000000e+00
-2.127738462063888392e+00 -2.203337880364712564e+00 0.000000000000000000e+00
-2.049405049114423782e+00 -2.197718051173588538e+00 0.000000000000000000e+00
-1.971258732459430840e+00 -2.189304819819193781e+00 0.000000000000000000e+00
-1.898634765228540244e+00 -2.184129652144789269e+00 0.000000000000000000e+00
-1.789787155463442136e+00 -2.210203274166211429e+00 0.000000000000000000e+00
-1.726314615777486017e+00 -2.209582153064162835e+00 0.000000000000000000e+00
-1.662213044947170149e+00 -2.205831420757260020e+00 0.000000000000000000e+00
-1.611707122557205052e+00 -2.218324754388540931e+00 0.000000000000000000e+00
-1.608881839226061539e+00 -2.297721611056585900e+00 0.000000000000000000e+00
-1.626132851251346434e+00 -2.410841327360348618e+00 0.000000000000000000e+00
2.210543455342928176e+00 -3.678961818266565320e+00 0.000000000000000000e+00
2.167369995680953121e+00 -3.468516765130437385e+00 0.000000000000000000e+00
2.219995959653639162e+00 -3.291279107928517966e+00 0.000000000000000000e+00
2.192782800696849943e+00 -3.131618150247884369e+00 0.000000000000000000e+00
2.117758580985375616e+00 -2.436202395619655459e+00 0.000000000000000000e+00
2.146930917732813970e+00 -2.302301380465122005e+00 0.000000000000000000e+00
2.143715783215919046e+00 -2.219882525921621497e+00 0.000000000000000000e+00
2.128391477043675817e+00 -2.128391332212346665e+00 0.000000000000000000e+00
2.122771802432147581e+00 -2.049936762062611439e+00 0.000000000000000000e+00
2.120194396114970736e+00 -1.977113126127791443e+00 0.000000000000000000e+00
2.197479328210921068e+00 -1.978619140614539473e+00 0.000000000000000000e+00
2.299600106049625836e+00 -1.999011739288887313e+00 0.000000000000000000e+00
2.414592654642094161e+00 -1.955298445616949321e+00 0.000000000000000000e+00
2.505086172297597003e+00 -1.957187686136260485e+00 0.000000000000000000e+00
2.621121860832353878e+00 -1.975156858667478588e+00 0.000000000000000000e+00
2.755511866737189841e+00 -2.001996419489559642e+00 0.000000000000000000e+00
2.854744853722505304e+00 -1.998913727243570637e+00 0.000000000000000000e+00
2.983706270131210037e+00 -2.012535149713057692e+00 0.000000000000000000e+00
3.073727664203464105e+00 -1.996101942961082454e+00 0.000000000000000000e+00
3.274379094675698987e+00 -1.967445306565274388e+00 0.000000000000000000e+00
3.313413234613406644e+00 -1.912999881587373441e+00 0.000000000000000000e+00
3.361163537177713323e+00 -1.863123232078605307e+00 0.000000000000000000e+00
3.394933577071759689e+00 -1.805118064638268516e+00 0.000000000000000000e+00
3.409881936281681458e+00 -1.737421490623022979e+00 0.000000000000000000e+00
3.522373840912416121e+00 -1.717976374172644149e+00 0.000000000000000000e+00
3.591147238625989058e+00 -1.598881629615590327e+00 0.000000000000000000e+00
3.599174103442396078e+00 -1.527758634178061126e+00 0.000000000000000000e+00
3.707808347925045211e+00 -1.498051679597995900e+00 0.000000000000000000e+00
3.801539566540702797e+00 -1.459274183110832013e+00 0.000000000000000000e+00
3.844282629789407491e+00 -1.399204315941155352e+00 0.000000000000000000e+00
3.889863312996693079e+00 -1.339387217843264200e+00 0.000000000000000000e+00
3.984926897023322034e+00 -1.294781103077863760e+00 0.000000000000000000e+00
4.046911811501917811e+00 -1.160433156680633848e+00 0.000000000000000000e+00
4.131264744310337633e+00 -1.106968919263986217e+00 0.000000000000000000e+00
4.190707047172350208e+00 -1.044860485781429649e+00 0.000000000000000000e+00
1.043683527324603011e+00 -2.218417497923425297e-01 0.000000000000000000e+00
1.035616632972622186e+00 -2.013034496389657646e-01 0.000000000000000000e+00
1.033063362664319751e+00 -1.821569124181545152e-01 0.000000000000000000e+00
1.042752254194909245e+00 -1.465492413326272836e-01 0.000000000000000000e+00
1.039195874622231841e+00 -1.275971786867541591e-01 0.000000000000000000e+00
1.041264477864964233e+00 -1.094412763873323924e-01 0.000000000000000000e+00
1.039031055610137866e+00 -9.090340845710476181e-02 0.000000000000000000e+00
1.040459289368800055e+00 -7.275597128489802445e-02 0.000000000000000000e+00
1.039573355795116782e+00 -5.448170143111392277e-02 0.000000000000000000e+00
1.040365860529601338e+00 -3.633034701804784689e-02 0.000000000000000000e+00
1.049999952316283736e+00 2.933665976811994038e-08 0.000000000000000000e+00
1.046840586857719968e+00 1.827269952881885318e-02 0.000000000000000000e+00
1.049360319701456046e+00 3.664449890853078984e-02 0.000000000000000000e+00
5.163391632219773264e+00 3.610596578198290163e-01 0.000000000000000000e+00
5.168258282781922119e+00 4.521641519016437183e-01 0.000000000000000000e+00
5.167535852238055227e+00 5.431300456934741172e-01 0.000000000000000000e+00
5.146351722409453266e+00 6.318926774991832085e-01 0.000000000000000000e+00
5.224871261956748114e+00 8.275384537189323098e-01 0.000000000000000000e+00
8.641687616494461821e+00 1.523762922548226983e+00 0.000000000000000000e+00
3.795950367808647918e+00 2.657953193497049948e+00 0.000000000000000000e+00
3.761120079591739440e+00 2.732613823343921666e+00 0.000000000000000000e+00
3.692890592513454529e+00 2.782792795379081419e+00 0.000000000000000000e+00
3.605148983224090387e+00 2.816651214391719282e+00 0.000000000000000000e+00
4.110403987130502479e+00 4.407868812114419832e+00 0.000000000000000000e+00
3.925120160810333658e+00 4.359287760848737037e+00 0.000000000000000000e+00
3.744880656823565079e+00 4.462975168571353457e+00 0.000000000000000000e+00
3.618592154497349611e+00 4.468589354529036939e+00 0.000000000000000000e+00
3.322620596126109938e+00 4.409266646878286622e+00 0.000000000000000000e+00
3.202253936616267449e+00 4.407524614411850727e+00 0.000000000000000000e+00
3.050279307298755516e+00 4.356250502828551419e+00 0.000000000000000000e+00
1.033180192820987164e+00 1.590958050705641114e+00 0.000000000000000000e+00
9.750514325158138318e-01 1.560408544831164424e+00 0.000000000000000000e+00
2.497999820752140998e+00 4.326662804959036990e+00 0.000000000000000000e+00
2.393989917745316109e+00 4.318872337827684760e+00 0.000000000000000000e+00
2.279284362443466438e+00 4.286710624747631648e+00 0.000000000000000000e+00
2.156000833985507459e+00 4.231390089824110134e+00 0.000000000000000000e+00
2.100674372076011931e+00 4.307020945807004786e+00 0.000000000000000000e+00
1.995180813954045229e+00 4.278679277132916958e+00 0.000000000000000000e+00
1.742295193712044110e+00 4.312332161472930636e+00 0.000000000000000000e+00
1.645625547261176935e+00 4.287001356224384274e+00 0.000000000000000000e+00
1.378833718638148076e+00 4.243614099227269953e+00 0.000000000000000000e+00
1.293159932290437020e+00 4.229735824015558698e+00 0.000000000000000000e+00
1.216663221941519657e+00 4.243009180694783389e+00 0.000000000000000000e+00
1.043892919397227947e+00 4.186826132841546588e+00 0.000000000000000000e+00
8.994259452897663820e-01 4.231466745374027560e+00 0.000000000000000000e+00
8.210510291094986757e-01 4.223941758333469743e+00 0.000000000000000000e+00
2.429337854097067817e-01 1.377746098522485640e+00 0.000000000000000000e+00
1.898320817690256901e-01 1.350725612131465025e+00 0.000000000000000000e+00
1.611112532992656776e-01 1.312146041667145102e+00 0.000000000000000000e+00
1.401726430389308997e-01 1.333653825126875470e+00 0.000000000000000000e+00
1.190547271151965042e-01 1.360802015604174908e+00 0.000000000000000000e+00
1.003097833158543145e-01 1.434497069758585708e+00 0.000000000000000000e+00
7.588711562288599777e-02 1.448012874240148795e+00 0.000000000000000000e+00
4.976665940236744273e-02 1.425131319174499867e+00 0.000000000000000000e+00
-2.318441821342748919e-08 1.470000028610229270e+00 0.000000000000000000e+00
-3.790665954075098792e-02 2.171669124632861436e+00 0.000000000000000000e+00
-2.933260306620311120e-01 4.194756750766840625e+00 0.000000000000000000e+00
-3.670128930442921877e-01 4.194975833922387487e+00 0.000000000000000000e+00
-4.414237683951374169e-01 4.199866006855690337e+00 0.000000000000000000e+00
-5.145324448590905542e-01 4.190529965761975006e+00 0.000000000000000000e+00
-5.888414442783937996e-01 4.189824137309414276e+00 0.000000000000000000e+00
-6.645336912354710135e-01 4.195700204349729567e+00 0.000000000000000000e+00
-7.369629189994377771e-01 4.179524051832837372e+00 0.000000000000000000e+00
-8.859118060651566262e-01 4.167887067176515359e+00 0.000000000000000000e+00
-9.630155529951992532e-01 4.171278367659145836e+00 0.000000000000000000e+00
-1.032764642724156134e+00 4.142192492957956773e+00 0.000000000000000000e+00
-1.159022655679956548e+00 3.366046059728077910e+00 0.000000000000000000e+00
-1.457482468461356540e+00 3.796871493804683251e+00 0.000000000000000000e+00
-1.131344399024576397e+00 2.220388336334865542e+00 0.000000000000000000e+00
-1.183068355935445348e+00 2.225027902983203187e+00 0.000000000000000000e+00
-1.069974863081643912e+00 1.930285695990297867e+00 0.000000000000000000e+00
-1.188079066752118385e+00 1.901323905331018027e+00 0.000000000000000000e+00
-2.865304525384945844e+00 4.247988549840487238e+00 0.000000000000000000e+00
-2.989480372130312258e+00 4.269420334336301970e+00 0.000000000000000000e+00
-1.980248520030031933e+00 2.725578198507820904e+00 0.000000000000000000e+00
-1.451974488956551790e+00 1.557051978624708788e+00 0.000000000000000000e+00
-2.929476334771249135e+00 1.902424142301344823e+00 0.000000000000000000e+00
-2.963928013702454844e+00 1.852067744346252987e+00 0.000000000000000000e+00
-1.710756128442910029e+00 9.482875899963225663e-01 0.000000000000000000e+00
-6.700477628590851609e+00 1.061251366001221497e+00 0.000000000000000000e+00
-6.701144222020580798e+00 9.417843704065582688e-01 0.000000000000000000e+00
-6.723507801570230313e+00 8.255429220888947928e-01 0.000000000000000000e+00
-6.711033897223623867e+00 7.053580556535627988e-01 0.000000000000000000e+00
-7.373000144958495206e+00 -2.657043845812842660e-08 0.000000000000000000e+00
