-3.060134742992621337e+00 -1.068624193107434450e-01 0.000000000000000000e+00
-4.485843960778930217e+00 -2.350933535145007525e-01 0.000000000000000000e+00
-4.449135686117442035e+00 -3.111141057349770533e-01 0.000000000000000000e+00
-4.433066196486652899e+00 -3.878432673479194071e-01 0.000000000000000000e+00
-4.382858033675136156e+00 -4.606571699604015135e-01 0.000000000000000000e+00
-4.371173031179926838e+00 -5.367127890154969050e-01 0.000000000000000000e+00
-4.356693012836725387e+00 -6.900326125317614023e-01 0.000000000000000000e+00
-4.350880831631592116e+00 -7.671779089151418152e-01 0.000000000000000000e+00
-1.482871778463217272e+00 -3.151942051334619133e-01 0.000000000000000000e+00
-1.436221436441220689e+00 -3.315779215091871901e-01 0.000000000000000000e+00
-1.389463502362881853e+00 -3.464322344245346907e-01 0.000000000000000000e+00
-1.412183550996571668e+00 -3.783935181075151477e-01 0.000000000000000000e+00
-1.432279915534248493e+00 -4.106997345710139968e-01 0.000000000000000000e+00
-1.501398494081424895e+00 -4.590236667859157182e-01 0.000000000000000000e+00
-1.481745998460546998e+00 -4.814485413642206613e-01 0.000000000000000000e+00
-1.447126574053953618e+00 -5.267110794108975647e-01 0.000000000000000000e+00
-2.149102143749261451e+00 -8.249631425019695596e-01 0.000000000000000000e+00
-4.007878132563298834e+00 -1.701243566266200657e+00 0.000000000000000000e+00
-3.971182129198548072e+00 -1.768084431811273616e+00 0.000000000000000000e+00
-3.946970339838548725e+00 -1.840502730931098174e+00 0.000000000000000000e+00
-3.947503535754844695e+00 -1.925326356136713990e+00 0.000000000000000000e+00
-3.929338538361439870e+00 -2.002098225642889417e+00 0.000000000000000000e+00
-3.896447721134863595e+00 -2.071778245657928341e+00 0.000000000000000000e+00
-3.862320426447935162e+00 -2.140919416136970455e+00 0.000000000000000000e+00
-3.839956546691801531e+00 -2.217000192790634649e+00 0.000000000000000000e+00
-3.778054090477888316e+00 -2.360790462884041485e+00 0.000000000000000000e+00
-3.735438590441327644e+00 -2.425822438485632393e+00 0.000000000000000000e+00
-3.717404526562402278e+00 -2.507421271594479251e+00 0.000000000000000000e+00
-3.694375784245117256e+00 -2.586830034868446759e+00 0.000000000000000000e+00
-3.648666704124771343e+00 -2.650911795349949251e+00 0.000000000000000000e+00
-2.939777203190780508e+00 -2.215281235751815458e+00 0.000000000000000000e+00
-2.881755270912129241e+00 -2.251474191031732186e+00 0.000000000000000000e+00
-1.531119983603839163e+00 -1.824717909821470974e+00 0.000000000000000000e+00
-1.513515437652205309e+00 -1.869036083753668809e+00 0.000000000000000000e+00
-3.221515724800124492e+00 -4.275096161607590872e+00 0.000000000000000000e+00
1.803397155307825406e+00 -2.673646028386652329e+00 0.000000000000000000e+00
1.819958180283715254e+00 -2.599169451829594468e+00 0.000000000000000000e+00
1.799798551118680034e+00 -2.477210002668841060e+00 0.000000000000000000e+00
2.819716633614631984e+00 -3.131612364738468379e+00 0.000000000000000000e+00
2.877351093262559001e+00 -3.085581068019088935e+00 0.000000000000000000e+00
2.291678062431112384e+00 -2.373101940872516913e+00 0.000000000000000000e+00
3.038437893584196470e+00 -3.038437686826651163e+00 0.000000000000000000e+00
3.095319242945271387e+00 -2.989114844640085700e+00 0.000000000000000000e+00
3.221613310478200543e+00 -3.004202810424305703e+00 0.000000000000000000e+00
2.680220795599769890e+00 -2.019691097265883695e+00 0.000000000000000000e+00
2.838031600587262560e+00 -2.061950511395067132e+00 0.000000000000000000e+00
2.818702236382445658e+00 -1.973676416640177900e+00 0.000000000000000000e+00
2.799660021441973790e+00 -1.888394396191890978e+00 0.000000000000000000e+00
2.776477573457142967e+00 -1.602999955987445935e+00 0.000000000000000000e+00
2.718318132828517086e+00 -1.506788232537454642e+00 0.000000000000000000e+00
2.697405000628639193e+00 -1.434235570075613309e+00 0.000000000000000000e+00
2.670346577280221290e+00 -1.360609433837896454e+00 0.000000000000000000e+00
2.642454588088341882e+00 -1.288811113525629048e+00 0.000000000000000000e+00
2.604728683672858924e+00 -1.214604833294588682e+00 0.000000000000000000e+00
2.547878348104608559e+00 -1.134388432048371698e+00 0.000000000000000000e+00
2.540593420234202426e+00 -1.078417832020527323e+00 0.000000000000000000e+00
2.539338816784373787e+00 -9.747607548582298831e-01 0.000000000000000000e+00
2.512738119307227791e+00 -9.145617947338942066e-01 0.000000000000000000e+00
2.561409952805071555e+00 -8.819640882961143902e-01 0.000000000000000000e+00
2.629671393277792202e+00 -8.544319419921834191e-01 0.000000000000000000e+00
2.724512253037922438e+00 -8.329668976792266033e-01 0.000000000000000000e+00
2.821303046928220315e+00 -8.089955386214755517e-01 0.000000000000000000e+00
2.921560373968030699e+00 -7.284267206517686111e-01 0.000000000000000000e+00
3.013726567855553373e+00 -6.957735069980739429e-01 0.000000000000000000e+00
3.109531145257093954e+00 -6.609511525643479990e-01 0.000000000000000000e+00
3.244277925382497152e+00 -6.306236469884014539e-01 0.000000000000000000e+00
3.381829856337749352e+00 -5.963077456984448022e-01 0.000000000000000000e+00
3.520121154756385540e+00 -5.575323137616847724e-01 0.000000000000000000e+00
3.636264295253868628e+00 -5.110435116400793287e-01 0.000000000000000000e+00
3.760757415983853491e+00 -4.617628377126370975e-01 0.000000000000000000e+00
4.056504847386505297e+00 -3.548980707161482617e-01 0.000000000000000000e+00
4.192761780089417023e+00 -2.931863445245058708e-01 0.000000000000000000e+00
4.426924821761073936e+00 -2.320051731344180412e-01 0.000000000000000000e+00
1.512769573479777474e+00 2.640553320110467644e-02 0.000000000000000000e+00
6.896014817996070967e+00 7.248005529712846506e-01 0.000000000000000000e+00
6.469238044949665145e+00 2.227537479410047538e+00 0.000000000000000000e+00
6.455688137964159523e+00 2.349678508419959400e+00 0.000000000000000000e+00
6.413697361398884134e+00 2.461987933351174274e+00 0.000000000000000000e+00
3.727123915704936952e+00 1.582070348328704412e+00 0.000000000000000000e+00
2.458813051659185067e+00 1.146563429478688390e+00 0.000000000000000000e+00
1.274789379270016454e+00 7.360000318771847683e-01 0.000000000000000000e+00
1.256807254298021981e+00 7.853403757333711210e-01 0.000000000000000000e+00
1.289153361540646081e+00 8.695449656587423970e-01 0.000000000000000000e+00
3.306573928007282337e+00 3.424057686076218854e+00 0.000000000000000000e+00
3.155606240103654869e+00 3.383973539490664706e+00 0.000000000000000000e+00
2.916070980311489702e+00 3.238625064567116407e+00 0.000000000000000000e+00
2.774473625634803486e+00 3.191666942995448064e+00 0.000000000000000000e+00
2.636071812897693878e+00 3.141548188484116100e+00 0.000000000000000000e+00
2.544342414131327335e+00 3.142001347660382748e+00 0.000000000000000000e+00
2.299535199759316306e+00 3.051586410871847121e+00 0.000000000000000000e+00
2.159522970151408483e+00 2.972328501963740433e+00 0.000000000000000000e+00
2.057418555680645245e+00 2.938298337554427597e+00 0.000000000000000000e+00
1.030457000327798633e+00 1.586764701809907585e+00 0.000000000000000000e+00
1.752972916195449482e+00 2.805343211722957975e+00 0.000000000000000000e+00
1.662027811533429933e+00 2.766078910909695932e+00 0.000000000000000000e+00
1.578499978215154087e+00 2.734042287207119060e+00 0.000000000000000000e+00
1.498061631729179499e+00 2.702574849492102249e+00 0.000000000000000000e+00
1.368327286347681415e+00 2.685493636096810910e+00 0.000000000000000000e+00
1.293194852792830751e+00 2.651442504382105714e+00 0.000000000000000000e+00
1.222634533442326310e+00 2.621948349322511529e+00 0.000000000000000000e+00
1.155538786206364632e+00 2.595382740319823078e+00 0.000000000000000000e+00
1.111630022283846886e+00 2.618836355397071713e+00 0.000000000000000000e+00
1.088232092663592221e+00 2.693469091389686820e+00 0.000000000000000000e+00
1.070803351250092295e+00 2.789538255953070589e+00 0.000000000000000000e+00
9.939595139211385710e-01 2.886668204286364503e+00 0.000000000000000000e+00
9.622788919112688077e-01 2.961590087263533011e+00 0.000000000000000000e+00
9.405597207322032860e-01 3.076432424225126194e+00 0.000000000000000000e+00
9.112570397578915182e-01 3.177931177615009428e+00 0.000000000000000000e+00
8.851610951962135543e-01 3.303466415358514485e+00 0.000000000000000000e+00
8.474523453206540546e-01 3.398945964472259273e+00 0.000000000000000000e+00
8.089239201323599193e-01 3.503834724402924650e+00 0.000000000000000000e+00
7.717681109521733473e-01 3.630883802870670252e+00 0.000000000000000000e+00
6.478812786835579374e-01 3.674317684988271271e+00 0.000000000000000000e+00
5.877242173421195481e-01 3.710745075458635078e+00 0.000000000000000000e+00
5.241258398764009341e-01 3.729349587823378442e+00 0.000000000000000000e+00
4.663939018533791447e-01 3.798474033578855380e+00 0.000000000000000000e+00
4.005530098383952020e-01 3.811007926765658027e+00 0.000000000000000000e+00
3.369440326317639789e-01 3.851288645661657295e+00 0.000000000000000000e+00
2.714921296844488574e-01 3.882519248083203589e+00 0.000000000000000000e+00
1.364220671439109467e-01 3.906618664946301944e+00 0.000000000000000000e+00
6.932089316570175241e-02 3.971394929933322437e+00 0.000000000000000000e+00
-6.307108048395077403e-08 3.999000072479247159e+00 0.000000000000000000e+00
-7.036816692373290549e-02 4.031385970610234182e+00 0.000000000000000000e+00
-1.427041132175185800e-01 4.086509314399016546e+00 0.000000000000000000e+00
-2.164092544951293218e-01 4.129333351452956435e+00 0.000000000000000000e+00
-2.926284830691444072e-01 4.184781357626182086e+00 0.000000000000000000e+00
-4.418419018462027559e-01 4.203844280327105665e+00 0.000000000000000000e+00
-5.201384357975032957e-01 4.236187092440627744e+00 0.000000000000000000e+00
-6.017845349952090084e-01 4.281919003293505277e+00 0.000000000000000000e+00
-6.886245706312683623e-01 4.347804016296407781e+00 0.000000000000000000e+00
-7.722135138720315206e-01 4.379440092807393548e+00 0.000000000000000000e+00
-8.660821002112214506e-01 4.455605806998877760e+00 0.000000000000000000e+00
-2.074958866021259785e-01 9.761913277829376012e-01 0.000000000000000000e+00
-2.227015594641144902e-01 9.646263703087343266e-01 0.000000000000000000e+00
-2.562308702624451762e-01 9.562665737163994484e-01 0.000000000000000000e+00
-2.715028123078963018e-01 9.468427805554520127e-01 0.000000000000000000e+00
-2.868166567851749837e-01 9.381349676633868873e-01 0.000000000000000000e+00
-3.031456858416687328e-01 9.329864443376404415e-01 0.000000000000000000e+00
-3.203590851185618149e-01 9.303902998589808071e-01 0.000000000000000000e+00
-3.365478424116358225e-01 9.246575599960011882e-01 0.000000000000000000e+00
-3.537091740166079523e-01 9.214438656944068384e-01 0.000000000000000000e+00
-3.860423569610090810e-01 9.094587679374188660e-01 0.000000000000000000e+00
-4.022625604355122841e-01 9.034964730432042401e-01 0.000000000000000000e+00
-4.179694814401730962e-01 8.963384165114627322e-01 0.000000000000000000e+00
-4.379327922912168991e-01 8.978952584569512840e-01 0.000000000000000000e+00
-4.558064492020930669e-01 8.945704988747218422e-01 0.000000000000000000e+00
-3.681836459731028022e+00 2.675010721503357836e+00 0.000000000000000000e+00
-3.883883455689852937e+00 2.522223362683730929e+00 0.000000000000000000e+00
-3.972257315020607749e+00 2.482141810253718717e+00 0.000000000000000000e+00
-5.773594362702461069e+00 3.069874522511930603e+00 0.000000000000000000e+00
-5.670767814297255960e+00 2.644322411211111667e+00 0.000000000000000000e+00
-5.488001387706603396e+00 2.217296446059363380e+00 0.000000000000000000e+00
-5.464246402939414438e+00 2.097527632266636299e+00 0.000000000000000000e+00
-5.434242431311718136e+00 1.977902451965145358e+00 0.000000000000000000e+00
-5.318541999050060198e+00 1.831320835992588991e+00 0.000000000000000000e+00
-5.305944311191080232e+00 1.724005778405229616e+00 0.000000000000000000e+00
-5.301358133524106009e+00 1.520139949956568648e+00 0.000000000000000000e+00
-5.163839663054146989e+00 1.383646636389793017e+00 0.000000000000000000e+00
-5.094052569930085816e+00 1.270089923898577888e+00 0.000000000000000000e+00
-1.940676941724180260e+00 3.772293736156123178e-01 0.000000000000000000e+00
-1.863256230881463305e+00 3.285423359566508328e-01 0.000000000000000000e+00
-4.901826754619894366e+00 6.889068002404115099e-01 0.000000000000000000e+00
-4.843625336303616358e+00 5.947223877247591606e-01 0.000000000000000000e+00
-4.814480577381671011e+00 5.060222777966724150e-01 0.000000000000000000e+00
-4.790700320117707633e+00 4.191319477003972449e-01 0.000000000000000000e+00
-4.954900646687360855e+00 3.464803850834529131e-01 0.000000000000000000e+00
-4.693558623859244605e+00 2.459789655414389153e-01 0.000000000000000000e+00
-4.669153875842175339e+00 1.630504281087354901e-01 0.000000000000000000e+00
-4.649291878133555933e+00 8.115367421429943440e-02 0.000000000000000000e+00
-3.160000085830688032e+00 -1.138784567441745225e-08 0.000000000000000000e+00
