-7.345881131680127574e+00 -1.282232152423717630e-01 0.000000000000000000e+00
-3.975544113718295414e+00 -2.083496452196205717e-01 0.000000000000000000e+00
-3.999234087975176433e+00 -2.796538978992132995e-01 0.000000000000000000e+00
-3.119294048489464455e+00 -8.944433443973216491e-01 0.000000000000000000e+00
-3.045830546483093926e+00 -9.312040150343963152e-01 0.000000000000000000e+00
-2.992566204484109260e+00 -1.030423345188393514e+00 0.000000000000000000e+00
-2.964730138203298893e+00 -1.079073689373669653e+00 0.000000000000000000e+00
-2.960383479805161144e+00 -1.136384915725958678e+00 0.000000000000000000e+00
-3.731915028718501226e+00 -1.507791758212261302e+00 0.000000000000000000e+00
-3.797082441247204176e+00 -1.611766091705669535e+00 0.000000000000000000e+00
-3.796694964537450812e+00 -1.690397730634856321e+00 0.000000000000000000e+00
-3.819181131473677659e+00 -1.780913636834006830e+00 0.000000000000000000e+00
-3.784995750134902082e+00 -1.928551892749616137e+00 0.000000000000000000e+00
-2.916375800444036326e+00 -1.550664700760668646e+00 0.000000000000000000e+00
-3.686522100237178634e+00 -2.043472801575493936e+00 0.000000000000000000e+00
-3.936085416693679839e+00 -2.272500227943510254e+00 0.000000000000000000e+00
-3.704676989487706962e+00 -2.225994751651495296e+00 0.000000000000000000e+00
-3.539752466136242504e+00 -2.211883065434797402e+00 0.000000000000000000e+00
-3.429324034602805771e+00 -2.227029300726562244e+00 0.000000000000000000e+00
-3.262682516597616544e+00 -2.284555124080171584e+00 0.000000000000000000e+00
-2.936731681012227924e+00 -2.133660672314173556e+00 0.000000000000000000e+00
-2.669838363189240837e+00 -2.011867709581541597e+00 0.000000000000000000e+00
-2.862842881257090077e+00 -2.236698211395689473e+00 0.000000000000000000e+00
-2.757313841896778861e+00 -2.232828938263358598e+00 0.000000000000000000e+00
-2.657408146111921887e+00 -2.229830407528071490e+00 0.000000000000000000e+00
-2.528276919063159767e+00 -2.197797802704041903e+00 0.000000000000000000e+00
-2.441230713052789270e+00 -2.198094213075363346e+00 0.000000000000000000e+00
-2.310519258487582661e+00 -2.231242718755801047e+00 0.000000000000000000e+00
-2.211829924219188115e+00 -2.211830128555229980e+00 0.000000000000000000e+00
-2.145104986744889253e+00 -2.221321444774608356e+00 0.000000000000000000e+00
-2.059634932954991449e+00 -2.208688259521391029e+00 0.000000000000000000e+00
-1.976611708119771160e+00 -2.195249902126545916e+00 0.000000000000000000e+00
-1.905195348917248177e+00 -2.191676741049041421e+00 0.000000000000000000e+00
-1.822945540119873309e+00 -2.172502097357882800e+00 0.000000000000000000e+00
-1.779718009365253595e+00 -2.197768913127056578e+00 0.000000000000000000e+00
-1.716464159565083580e+00 -2.196974142885982584e+00 0.000000000000000000e+00
-1.614058233150827304e+00 -2.221560780808689906e+00 0.000000000000000000e+00
-1.597983857000986108e+00 -2.282157677978994936e+00 0.000000000000000000e+00
-1.605442748258057994e+00 -2.380166985270046887e+00 0.000000000000000000e+00
2.186446971018320973e+00 -3.499046305041712213e+00 0.000000000000000000e+00
2.206332916358348939e+00 -3.397454491277355437e+00 0.000000000000000000e+00
2.176938024892909773e+00 -3.227443099357291345e+00 0.000000000000000000e+00
2.106746412948258484e+00 -3.008745463828768951e+00 0.000000000000000000e+00
2.165651018390637450e+00 -2.491296338709464653e+00 0.000000000000000000e+00
2.110438042507949419e+00 -2.343878739495920627e+00 0.000000000000000000e+00
2.109420961021612584e+00 -2.262076879339309343e+00 0.000000000000000000e+00
2.111066886347876981e+00 -2.186073605814098375e+00 0.000000000000000000e+00
2.131403940688102683e+00 -2.058272720513639964e+00 0.000000000000000000e+00
2.145060538533253069e+00 -2.000301177497720406e+00 0.000000000000000000e+00
2.191534068789164902e+00 -1.973266005348697005e+00 0.000000000000000000e+00
2.274694694935349482e+00 -1.977361797171438118e+00 0.000000000000000000e+00
2.371673628654931587e+00 -1.990070332301296041e+00 0.000000000000000000e+00
2.461998458770341180e+00 -1.993686906273855586e+00 0.000000000000000000e+00
2.551578819985983237e+00 -1.993511721036873352e+00 0.000000000000000000e+00
2.715870205892610745e+00 -1.973195068992223522e+00 0.000000000000000000e+00
2.818702236382445658e+00 -1.973676416640177900e+00 0.000000000000000000e+00
2.911580088286797263e+00 -1.963885429186079667e+00 0.000000000000000000e+00
3.017536808552083283e+00 -1.959611177221290079e+00 0.000000000000000000e+00
3.146258532525905149e+00 -1.966000389002625859e+00 0.000000000000000000e+00
3.270950469549452677e+00 -1.965385180899442474e+00 0.000000000000000000e+00
3.320341555250345245e+00 -1.916999949076573673e+00 0.000000000000000000e+00
3.426719702739491336e+00 -1.822019046158259048e+00 0.000000000000000000e+00
3.466906470310886057e+00 -1.766476939687379843e+00 0.000000000000000000e+00
3.526867914071673660e+00 -1.720168279932825506e+00 0.000000000000000000e+00
3.569040084630476173e+00 -1.664270587638200016e+00 0.000000000000000000e+00
3.597542029039078937e+00 -1.601728773505085579e+00 0.000000000000000000e+00
3.657165876615460220e+00 -1.552374679312334083e+00 0.000000000000000000e+00
3.805274062795822587e+00 -1.460707721780266199e+00 0.000000000000000000e+00
3.850860449531130492e+00 -1.401598446305239998e+00 0.000000000000000000e+00
3.941867123750320889e+00 -1.357293564107367123e+00 0.000000000000000000e+00
3.991584263679147426e+00 -1.296944212405832131e+00 0.000000000000000000e+00
4.046125408812656588e+00 -1.237024544720540797e+00 0.000000000000000000e+00
4.111316261346501300e+00 -1.178900833397733550e+00 0.000000000000000000e+00
4.167970029176068181e+00 -1.116804069522766563e+00 0.000000000000000000e+00
4.210113406008350267e+00 -1.049699033857538488e+00 0.000000000000000000e+00
1.047596067379074070e+00 -2.226733857328286326e-01 0.000000000000000000e+00
1.039543208195709889e+00 -2.020666984247694031e-01 0.000000000000000000e+00
1.032078508886113744e+00 -1.819832561547490291e-01 0.000000000000000000e+00
1.042998886833364391e+00 -1.651947637771891131e-01 0.000000000000000000e+00
1.040771743547965311e+00 -1.462708987717810105e-01 0.000000000000000000e+00
1.039195874622231841e+00 -1.275971786867541591e-01 0.000000000000000000e+00
1.040269909492541167e+00 -1.093367430680400182e-01 0.000000000000000000e+00
1.040459289368800055e+00 -7.275597128489802445e-02 0.000000000000000000e+00
1.041570589153674842e+00 -5.458637193937833365e-02 0.000000000000000000e+00
1.043364053981666206e+00 -3.643504615579666595e-02 0.000000000000000000e+00
1.042841129395635669e+00 -1.820283033686002222e-02 0.000000000000000000e+00
1.047000050544738325e+00 2.925284348087586419e-08 0.000000000000000000e+00
1.048840256501777368e+00 1.830760394790757056e-02 0.000000000000000000e+00
5.292077105245970969e+00 3.700582262350718410e-01 0.000000000000000000e+00
5.151322775345335891e+00 4.506824865246250589e-01 0.000000000000000000e+00
5.158584855495067067e+00 5.421892577804273694e-01 0.000000000000000000e+00
5.148336670828159711e+00 6.321363985735770630e-01 0.000000000000000000e+00
5.105822279151429832e+00 7.175766647951998811e-01 0.000000000000000000e+00
8.404349715506851837e+00 1.481913840552939066e+00 0.000000000000000000e+00
3.820204909733163401e+00 2.576760877443942110e+00 0.000000000000000000e+00
3.701675707880789368e+00 2.789412854960687582e+00 0.000000000000000000e+00
3.598844978470148614e+00 2.811725985856547538e+00 0.000000000000000000e+00
4.575001129039672598e+00 4.418027429474490120e+00 0.000000000000000000e+00
4.343049895392110393e+00 4.343050085232861512e+00 0.000000000000000000e+00
4.112450159073301137e+00 4.410063062976165682e+00 0.000000000000000000e+00
3.955900170522107295e+00 4.393472426315804036e+00 0.000000000000000000e+00
3.816951231963189972e+00 4.390900298176489969e+00 0.000000000000000000e+00
3.659389666593198420e+00 4.361090969447547039e+00 0.000000000000000000e+00
3.511607642785832706e+00 4.336474479538384941e+00 0.000000000000000000e+00
3.333453342003698250e+00 4.423642186820417876e+00 0.000000000000000000e+00
3.215773138294990119e+00 4.426132199989255334e+00 0.000000000000000000e+00
3.048558702757251826e+00 4.353793224774978654e+00 0.000000000000000000e+00
1.033724857290037047e+00 1.591796760475717276e+00 0.000000000000000000e+00
9.665727073781962275e-01 1.546839747624358052e+00 0.000000000000000000e+00
2.572615039762121913e+00 4.281550620268896878e+00 0.000000000000000000e+00
2.402231545990368922e+00 4.333740629453465942e+00 0.000000000000000000e+00
2.291021195853707226e+00 4.308784399003089405e+00 0.000000000000000000e+00
2.191866080365983294e+00 4.301779602532650237e+00 0.000000000000000000e+00
2.105934862419030829e+00 4.317806549893851376e+00 0.000000000000000000e+00
1.985883080380437038e+00 4.258740222142276544e+00 0.000000000000000000e+00
1.821197620938045603e+00 4.290472949153016025e+00 0.000000000000000000e+00
1.719069661735451060e+00 4.254846949511463805e+00 0.000000000000000000e+00
1.381305822626865520e+00 4.251222453446834137e+00 0.000000000000000000e+00
1.299007360462733685e+00 4.248861901000417163e+00 0.000000000000000000e+00
1.217214456662699229e+00 4.244931564753496644e+00 0.000000000000000000e+00
1.135697897428063374e+00 4.238482557025666786e+00 0.000000000000000000e+00
1.044134823741371898e+00 4.187796358245790884e+00 0.000000000000000000e+00
9.019208036840418163e-01 4.243204132298520115e+00 0.000000000000000000e+00
8.235315480127856080e-01 4.236702922994932230e+00 0.000000000000000000e+00
2.451911927869221963e-01 1.390548493222297344e+00 0.000000000000000000e+00
2.125944101141581943e-01 1.342268426454732433e+00 0.000000000000000000e+00
1.839868211222816519e-01 1.309134416420153046e+00 0.000000000000000000e+00
1.402771763703251351e-01 1.334648393498026664e+00 0.000000000000000000e+00
1.192290363237307749e-01 1.362794379352002316e+00 0.000000000000000000e+00
9.954246800481446333e-02 1.423523947009415203e+00 0.000000000000000000e+00
7.646280667146782006e-02 1.458997717228170954e+00 0.000000000000000000e+00
4.962706327695466657e-02 1.421133807331225629e+00 0.000000000000000000e+00
2.567246570812049822e-02 1.470775916121084492e+00 0.000000000000000000e+00
-3.752270911793523928e-02 2.149672639352424142e+00 0.000000000000000000e+00
-2.941631143834839146e-01 4.206727603076116040e+00 0.000000000000000000e+00
-3.671000424850943133e-01 4.195971956415720960e+00 0.000000000000000000e+00
-4.399603760810024689e-01 4.185942761043227378e+00 0.000000000000000000e+00
-5.148980264344521496e-01 4.193507388394482227e+00 0.000000000000000000e+00
-5.881455627737586234e-01 4.184872683648742431e+00 0.000000000000000000e+00
-6.631257337774631999e-01 4.186810711654037398e+00 0.000000000000000000e+00
-7.360946581676414135e-01 4.174599900377993222e+00 0.000000000000000000e+00
-8.109382899441142101e-01 4.171915518068710860e+00 0.000000000000000000e+00
-9.600911865368542131e-01 4.158611545707139534e+00 0.000000000000000000e+00
-1.033732260223149124e+00 4.146073394544412594e+00 0.000000000000000000e+00
-1.159022655679956548e+00 3.366046059728077910e+00 0.000000000000000000e+00
-1.458916007294030814e+00 3.800605989997141165e+00 0.000000000000000000e+00
-1.126804498248769937e+00 2.211478279645311851e+00 0.000000000000000000e+00
-1.184476780505457905e+00 2.227676764269876486e+00 0.000000000000000000e+00
-1.083549473557899656e+00 1.954774940864228316e+00 0.000000000000000000e+00
-1.170061727546692465e+00 1.872490136013473583e+00 0.000000000000000000e+00
-2.863067649209573240e+00 4.244672244611423118e+00 0.000000000000000000e+00
-2.980876802030115513e+00 4.257133163135545573e+00 0.000000000000000000e+00
-2.026683553415848493e+00 2.789490537470934672e+00 0.000000000000000000e+00
-1.488120384214537628e+00 1.595813704921328569e+00 0.000000000000000000e+00
-2.966377764771179315e+00 1.926388210720007210e+00 0.000000000000000000e+00
-2.965624189161818247e+00 1.853127632387566948e+00 0.000000000000000000e+00
-1.729123166558413027e+00 9.584686052914562771e-01 0.000000000000000000e+00
-6.705416183329558244e+00 1.062033556205119966e+00 0.000000000000000000e+00
-6.728871607081270412e+00 9.456812001146238655e-01 0.000000000000000000e+00
-6.688768364411012968e+00 8.212774557117388241e-01 0.000000000000000000e+00
-6.738880388905258201e+00 7.082848397422941700e-01 0.000000000000000000e+00
-6.416089186578085801e+00 2.240547466358006889e-01 0.000000000000000000e+00
-7.382999897003172940e+00 -2.660647504989241048e-08 0.000000000000000000e+00
