-7.365878066494475185e+00 -1.285722640808875106e-01 0.000000000000000000e+00
-3.974545556566173143e+00 -2.082973130048532129e-01 0.000000000000000000e+00
-3.991253678347899125e+00 -2.790958528810907890e-01 0.000000000000000000e+00
-3.121216661693311689e+00 -8.949946449663925829e-01 0.000000000000000000e+00
-3.046787009913014099e+00 -9.314964353028856170e-01 0.000000000000000000e+00
-2.992566204484109260e+00 -1.030423345188393514e+00 0.000000000000000000e+00
-2.966609611234710453e+00 -1.079757761718720621e+00 0.000000000000000000e+00
-2.962250727875225476e+00 -1.137101685210457624e+00 0.000000000000000000e+00
-3.730987912083989944e+00 -1.507417178724341555e+00 0.000000000000000000e+00
-3.809969452743432239e+00 -1.617236304289786819e+00 0.000000000000000000e+00
-3.794867570475813245e+00 -1.689584122271893252e+00 0.000000000000000000e+00
-3.792011867723806162e+00 -1.849487993002081998e+00 0.000000000000000000e+00
-3.787668575902797485e+00 -1.929913765664131420e+00 0.000000000000000000e+00
-2.913726939208776567e+00 -1.549256276093962326e+00 0.000000000000000000e+00
-3.723255966804785100e+00 -2.063834718630806808e+00 0.000000000000000000e+00
-3.930889228075761022e+00 -2.269500206712117052e+00 0.000000000000000000e+00
-3.715820173884386346e+00 -2.232690253055282792e+00 0.000000000000000000e+00
-3.566042072791085982e+00 -2.228310636659929234e+00 0.000000000000000000e+00
-3.434355693136968757e+00 -2.230296898327070121e+00 0.000000000000000000e+00
-3.258586662768012676e+00 -2.281687176063070588e+00 0.000000000000000000e+00
-2.940776665544741597e+00 -2.136599525895161555e+00 0.000000000000000000e+00
-2.672234286390072988e+00 -2.013673167390842789e+00 0.000000000000000000e+00
-2.861266974036768218e+00 -2.235466977616114459e+00 0.000000000000000000e+00
-2.736330754989561242e+00 -2.215837167885743586e+00 0.000000000000000000e+00
-2.655875985691361407e+00 -2.228544772161906273e+00 0.000000000000000000e+00
-2.529786408697503930e+00 -2.199109982147896325e+00 0.000000000000000000e+00
-2.439001263078097725e+00 -2.196086807113482031e+00 0.000000000000000000e+00
-2.314116039650272683e+00 -2.234716090272065081e+00 0.000000000000000000e+00
-2.211829924219188115e+00 -2.211830128555229980e+00 0.000000000000000000e+00
-2.147883584320402495e+00 -2.224198767059077042e+00 0.000000000000000000e+00
-2.058952984059239544e+00 -2.207956958796422509e+00 0.000000000000000000e+00
-1.977280790194023696e+00 -2.195992993120079895e+00 0.000000000000000000e+00
-1.902571146725095641e+00 -2.188657941474699165e+00 0.000000000000000000e+00
-1.823588281105932740e+00 -2.173268086307931224e+00 0.000000000000000000e+00
-1.782864533122501038e+00 -2.201654546728393669e+00 0.000000000000000000e+00
-1.680869248710900488e+00 -2.230589041676661388e+00 0.000000000000000000e+00
-1.612882607784558164e+00 -2.219942671156271086e+00 0.000000000000000000e+00
-1.599704598233959496e+00 -2.284615151375513076e+00 0.000000000000000000e+00
-1.604324310263028242e+00 -2.378508832593017264e+00 0.000000000000000000e+00
2.197575227688886912e+00 -3.516855237021692115e+00 0.000000000000000000e+00
2.208511314717870544e+00 -3.400808930326637114e+00 0.000000000000000000e+00
2.171905386621694856e+00 -3.219981906859267884e+00 0.000000000000000000e+00
2.115349983347474705e+00 -3.021032634820149720e+00 0.000000000000000000e+00
2.155810063741153915e+00 -2.479975616174084241e+00 0.000000000000000000e+00
2.115791018645176269e+00 -2.349823821373882460e+00 0.000000000000000000e+00
2.108739012067199159e+00 -2.261345578669043288e+00 0.000000000000000000e+00
2.111066886347876981e+00 -2.186073605814098375e+00 0.000000000000000000e+00
2.090207779692808909e+00 -2.090207637459778223e+00 0.000000000000000000e+00
2.121657171916628393e+00 -1.978477186538166510e+00 0.000000000000000000e+00
2.187075345697270912e+00 -1.969251353315768283e+00 0.000000000000000000e+00
2.272430550294343377e+00 -1.975393606395610346e+00 0.000000000000000000e+00
2.367843501304560228e+00 -1.986856474071893475e+00 0.000000000000000000e+00
2.467438456930235890e+00 -1.998092129625194557e+00 0.000000000000000000e+00
2.552366961521935096e+00 -1.994127484648583026e+00 0.000000000000000000e+00
2.713443137877783240e+00 -1.971431700982745339e+00 0.000000000000000000e+00
2.813787289631285216e+00 -1.970234934114425851e+00 0.000000000000000000e+00
2.938938322456466246e+00 -1.982338789844170890e+00 0.000000000000000000e+00
3.018375418351462169e+00 -1.960155776754105350e+00 0.000000000000000000e+00
3.156434978865566787e+00 -1.972359337975066795e+00 0.000000000000000000e+00
3.292379734226566601e+00 -1.978261181201511398e+00 0.000000000000000000e+00
3.308217045754840324e+00 -1.909999860772793934e+00 0.000000000000000000e+00
3.394050693459385482e+00 -1.804648627130438276e+00 0.000000000000000000e+00
3.465124373960280835e+00 -1.765568916314207648e+00 0.000000000000000000e+00
3.526867914071673660e+00 -1.720168279932825506e+00 0.000000000000000000e+00
3.571759027046389257e+00 -1.665538451205149650e+00 0.000000000000000000e+00
3.590233759368750999e+00 -1.598474922480967120e+00 0.000000000000000000e+00
3.674655518221826345e+00 -1.559798591077883101e+00 0.000000000000000000e+00
3.811809097367900190e+00 -1.463216286289420465e+00 0.000000000000000000e+00
3.861197215445423048e+00 -1.405360721057901552e+00 0.000000000000000000e+00
3.948485724994106771e+00 -1.359572531051092215e+00 0.000000000000000000e+00
4.003948009396978591e+00 -1.300961436493597967e+00 0.000000000000000000e+00
4.072901825490741423e+00 -1.245210915953204989e+00 0.000000000000000000e+00
4.129580285063894962e+00 -1.184137957329080004e+00 0.000000000000000000e+00
4.160242721991001424e+00 -1.114733544051055958e+00 0.000000000000000000e+00
4.220970934007514330e+00 -9.744877922953314453e-01 0.000000000000000000e+00
1.047596067379074070e+00 -2.226733857328286326e-01 0.000000000000000000e+00
1.036598306033164052e+00 -2.014942675219670021e-01 0.000000000000000000e+00
1.033063362664319751e+00 -1.821569124181545152e-01 0.000000000000000000e+00
1.042998886833364391e+00 -1.651947637771891131e-01 0.000000000000000000e+00
1.038791232901021377e+00 -1.459925562109347374e-01 0.000000000000000000e+00
1.039195874622231841e+00 -1.275971786867541591e-01 0.000000000000000000e+00
1.042019660612891752e+00 -9.116487742842703523e-02 0.000000000000000000e+00
1.038464186950789792e+00 -7.261646019040508826e-02 0.000000000000000000e+00
1.039573355795116782e+00 -5.448170143111392277e-02 0.000000000000000000e+00
1.040365860529601338e+00 -3.633034701804784689e-02 0.000000000000000000e+00
1.041841354168198563e+00 -1.818537922342860005e-02 0.000000000000000000e+00
1.046000003814696822e+00 2.922490249801512288e-08 0.000000000000000000e+00
1.047840362084182075e+00 1.829015069811706917e-02 0.000000000000000000e+00
5.191323303800578159e+00 3.630128313347664726e-01 0.000000000000000000e+00
5.146341687861323066e+00 4.502466977009008109e-01 0.000000000000000000e+00
5.145656059510743674e+00 5.408303862109758997e-01 0.000000000000000000e+00
5.146351722409453266e+00 6.318926774991832085e-01 0.000000000000000000e+00
5.211780837446915449e+00 7.324681719239631850e-01 0.000000000000000000e+00
8.507947646366210037e+00 1.347526759340430758e+00 0.000000000000000000e+00
5.189915155988020778e+00 1.686305802307738189e+00 0.000000000000000000e+00
3.839272972840926723e+00 2.589622449057426223e+00 0.000000000000000000e+00
3.718446980184634931e+00 2.802050915733757197e+00 0.000000000000000000e+00
3.606725266227176707e+00 2.817882741703219729e+00 0.000000000000000000e+00
4.582194348526169136e+00 4.424973841093025051e+00 0.000000000000000000e+00
4.147913778992908362e+00 4.448093140967950276e+00 0.000000000000000000e+00
3.955900170522107295e+00 4.393472426315804036e+00 0.000000000000000000e+00
3.835977128534727498e+00 4.412787089453639844e+00 0.000000000000000000e+00
3.661960937117009873e+00 4.364155290463636483e+00 0.000000000000000000e+00
3.513495767155254690e+00 4.338806119053697508e+00 0.000000000000000000e+00
3.331045969486092773e+00 4.420447495449135289e+00 0.000000000000000000e+00
3.172276820092004623e+00 4.366264651409230702e+00 0.000000000000000000e+00
3.065192307335318223e+00 4.377548475034739539e+00 0.000000000000000000e+00
1.031546329265898398e+00 1.588442121350060132e+00 0.000000000000000000e+00
9.660427633678587700e-01 1.545991659888227954e+00 0.000000000000000000e+00
2.573130040490349213e+00 4.282407725453039049e+00 0.000000000000000000e+00
2.397868344635648796e+00 4.325869205478122481e+00 0.000000000000000000e+00
2.288673784399363420e+00 4.304369559947552659e+00 0.000000000000000000e+00
2.194590042310788025e+00 4.307125679118806616e+00 0.000000000000000000e+00
2.101551259820944484e+00 4.308818832207081506e+00 0.000000000000000000e+00
1.986305667993767843e+00 4.259646464248898923e+00 0.000000000000000000e+00
1.802833285545301534e+00 4.247209283900061472e+00 0.000000000000000000e+00
1.641325101999696834e+00 4.275798312677195234e+00 0.000000000000000000e+00
1.380069844307895366e+00 4.247418503086596964e+00 0.000000000000000000e+00
1.299592200869542635e+00 4.250774827900054120e+00 0.000000000000000000e+00
1.216111987220339863e+00 4.241086796636070133e+00 0.000000000000000000e+00
1.133886172131227887e+00 4.231721105687111795e+00 0.000000000000000000e+00
1.043651015053083997e+00 4.185855907437302292e+00 0.000000000000000000e+00
9.012971138704758411e-01 4.240269902171678318e+00 0.000000000000000000e+00
8.229591625665552135e-01 4.233758254877510119e+00 0.000000000000000000e+00
2.451911927869221963e-01 1.390548493222297344e+00 0.000000000000000000e+00
2.136894651264232836e-01 1.349182332457270928e+00 0.000000000000000000e+00
1.611112532992656776e-01 1.312146041667145102e+00 0.000000000000000000e+00
1.402771763703251351e-01 1.334648393498026664e+00 0.000000000000000000e+00
1.199262835476400807e-01 1.370763953098974364e+00 0.000000000000000000e+00
9.954246800481446333e-02 1.423523947009415203e+00 0.000000000000000000e+00
7.646280667146782006e-02 1.458997717228170954e+00 0.000000000000000000e+00
4.962706327695466657e-02 1.421133807331225629e+00 0.000000000000000000e+00
2.567246570812049822e-02 1.470775916121084492e+00 0.000000000000000000e+00
-2.206484604075676370e-01 4.210222195133631828e+00 0.000000000000000000e+00
-3.681459188929277482e-01 4.207926376381020184e+00 0.000000000000000000e+00
-4.407965931400706361e-01 4.193898833761064537e+00 0.000000000000000000e+00
-5.148980264344521496e-01 4.193507388394482227e+00 0.000000000000000000e+00
-5.884239551933604373e-01 4.186853548430977234e+00 0.000000000000000000e+00
-6.639079240770483503e-01 4.191749266377589045e+00 0.000000000000000000e+00
-7.364420121815061782e-01 4.176569842715688097e+00 0.000000000000000000e+00
-8.118923568274655223e-01 4.176823766310636898e+00 0.000000000000000000e+00
-9.634654225226283453e-01 4.173226966539192340e+00 0.000000000000000000e+00
-1.036635343434839651e+00 4.157717024649890902e+00 0.000000000000000000e+00
-1.156743688446923324e+00 3.359427458583908788e+00 0.000000000000000000e+00
-1.456765784486599768e+00 3.795004468291371946e+00 0.000000000000000000e+00
-9.915955957448601144e-01 2.033072196004999554e+00 0.000000000000000000e+00
-1.125442517192050795e+00 2.208805241395194852e+00 0.000000000000000000e+00
-1.171801071306089792e+00 2.203837223200928896e+00 0.000000000000000000e+00
-1.082095150081977986e+00 1.952151271935381294e+00 0.000000000000000000e+00
-1.171121615620870582e+00 1.874186311452301190e+00 0.000000000000000000e+00
-2.834548744532376929e+00 4.202391230691464585e+00 0.000000000000000000e+00
-2.976861784416519718e+00 4.251399123868383256e+00 0.000000000000000000e+00
-2.034912511195885010e+00 2.800816725923972239e+00 0.000000000000000000e+00
-1.498350431269194649e+00 1.606784087065800559e+00 0.000000000000000000e+00
-2.971592772795932369e+00 2.869633729128911348e+00 0.000000000000000000e+00
-2.915218968633881857e+00 1.893165300636226567e+00 0.000000000000000000e+00
-2.811027738793153485e+00 1.558178091847138402e+00 0.000000000000000000e+00
-6.707391416838439646e+00 1.062346402449173777e+00 0.000000000000000000e+00
-6.733823060755425693e+00 9.463770815233223388e-01 0.000000000000000000e+00
-6.707626794310417750e+00 8.235929796591531238e-01 0.000000000000000000e+00
-6.723962693250809863e+00 7.067169268151957118e-01 0.000000000000000000e+00
-6.674931235441871280e+00 2.330937091549294959e-01 0.000000000000000000e+00
-7.364999771118163174e+00 -2.654160712263579004e-08 0.000000000000000000e+00
