-8.517807766847722561e+00 -2.974488451116492072e-01 0.000000000000000000e+00
-8.149796838969841417e+00 -1.000669650950071654e+00 0.000000000000000000e+00
-7.121892738591875549e+00 -1.513805410143168606e+00 0.000000000000000000e+00
-6.971617936659331605e+00 -1.609525193219239592e+00 0.000000000000000000e+00
-6.914327188259725254e+00 -1.723935758872162438e+00 0.000000000000000000e+00
-6.820151432999446151e+00 -1.955647323464835274e+00 0.000000000000000000e+00
-6.011606813212130085e+00 -2.069962560275339314e+00 0.000000000000000000e+00
-4.133987372106258107e+00 -1.754773769860981325e+00 0.000000000000000000e+00
-4.205049799583632897e+00 -1.872209040972750094e+00 0.000000000000000000e+00
-3.035148655958710862e+00 -1.971048789988077754e+00 0.000000000000000000e+00
-2.914542948424715174e+00 -2.040785149429417356e+00 0.000000000000000000e+00
-2.840458503060687256e+00 -2.063714107252736074e+00 0.000000000000000000e+00
-2.804807878394779408e+00 -2.113574544408624689e+00 0.000000000000000000e+00
-3.397406927790766584e+00 -2.850763171407586505e+00 0.000000000000000000e+00
-3.316655083711924412e+00 -2.986329930757560369e+00 0.000000000000000000e+00
-3.341554747736512176e+00 -3.116050503682298967e+00 0.000000000000000000e+00
-2.578113808653727634e+00 -2.489655796008302779e+00 0.000000000000000000e+00
-3.277439941253262212e+00 -3.277440244033823280e+00 0.000000000000000000e+00
-3.212100202156580764e+00 -3.326227436840984542e+00 0.000000000000000000e+00
-3.239492050769740228e+00 -3.473930231452506234e+00 0.000000000000000000e+00
-2.916182343338693972e+00 -3.354684346770842485e+00 0.000000000000000000e+00
-2.668947739304764255e+00 -3.295876280027526306e+00 0.000000000000000000e+00
-2.197911298528963275e+00 -2.813198437215602254e+00 0.000000000000000000e+00
-2.453599787453434988e+00 -3.256037197867219124e+00 0.000000000000000000e+00
-2.280018822233528919e+00 -3.138176982060786102e+00 0.000000000000000000e+00
-2.110187517315557759e+00 -3.013660384313983531e+00 0.000000000000000000e+00
-2.010298370739334040e+00 -2.980390186923572493e+00 0.000000000000000000e+00
3.684483201401179020e+00 -5.673606148838906904e+00 0.000000000000000000e+00
3.124180938040538535e+00 -2.813024961551206182e+00 0.000000000000000000e+00
3.070913195690788022e+00 -2.669503933476753854e+00 0.000000000000000000e+00
2.894116076214624744e+00 -2.428451567670967925e+00 0.000000000000000000e+00
2.842022907881923466e+00 -2.301424616490014508e+00 0.000000000000000000e+00
2.764341713928072153e+00 -2.159740300594376716e+00 0.000000000000000000e+00
1.267434595808669684e+00 -9.550804074515529818e-01 0.000000000000000000e+00
2.640484679098293874e+00 -1.781029279645020669e+00 0.000000000000000000e+00
2.599878735354632653e+00 -1.688380872366400665e+00 0.000000000000000000e+00
2.549232664029548179e+00 -1.592937248267606076e+00 0.000000000000000000e+00
2.508928776830894325e+00 -1.507516388224249493e+00 0.000000000000000000e+00
2.462976381406835280e+00 -1.421999971740171009e+00 0.000000000000000000e+00
2.434066681283060696e+00 -1.349225091896254503e+00 0.000000000000000000e+00
2.391022072956645150e+00 -1.271328890200448702e+00 0.000000000000000000e+00
2.380006672827529535e+00 -1.160806722670810975e+00 0.000000000000000000e+00
2.331929928614725700e+00 -1.087396695077621711e+00 0.000000000000000000e+00
2.287517810651328976e+00 -1.018468461980487128e+00 0.000000000000000000e+00
2.258918936632560825e+00 -9.588541176843774494e-01 0.000000000000000000e+00
2.263255803118102261e+00 -9.144146188457538127e-01 0.000000000000000000e+00
2.326482546474006874e+00 -8.930528955711487527e-01 0.000000000000000000e+00
2.390577969703274519e+00 -8.700991407038932701e-01 0.000000000000000000e+00
2.488915025663006375e+00 -8.086974305105192329e-01 0.000000000000000000e+00
2.550464860627902564e+00 -7.797552755463913465e-01 0.000000000000000000e+00
2.642508494615723791e+00 -7.577270315718273030e-01 0.000000000000000000e+00
2.712319826747560558e+00 -7.267638200742446708e-01 0.000000000000000000e+00
2.803184314839484159e+00 -6.989122579957829373e-01 0.000000000000000000e+00
2.886084047607355707e+00 -6.663049132303404676e-01 0.000000000000000000e+00
2.991999767750299632e+00 -5.815857484234151498e-01 0.000000000000000000e+00
3.068660912249136619e+00 -5.410876207940911176e-01 0.000000000000000000e+00
3.179368882902753324e+00 -5.035624660791966356e-01 0.000000000000000000e+00
3.260952746667274305e+00 -4.582969244354276883e-01 0.000000000000000000e+00
3.275402264705150834e+00 -4.021687328122899863e-01 0.000000000000000000e+00
3.314741432268967891e+00 -3.483932669875786092e-01 0.000000000000000000e+00
3.334263546955030133e+00 -2.917101654237895247e-01 0.000000000000000000e+00
3.352812840487036539e+00 -2.344514170218980065e-01 0.000000000000000000e+00
3.377941113023415376e+00 -1.179602075564067237e-01 0.000000000000000000e+00
3.412480292036299989e+00 -5.956496922960283907e-02 0.000000000000000000e+00
3.430999994277952769e+00 9.586103244529907483e-08 0.000000000000000000e+00
3.475470657238019623e+00 6.066466264129314473e-02 0.000000000000000000e+00
3.472883025226408016e+00 1.212758438050815513e-01 0.000000000000000000e+00
3.537145862233904037e+00 1.853740572994232172e-01 0.000000000000000000e+00
3.554320668114625548e+00 2.485424108067714188e-01 0.000000000000000000e+00
3.578289818651602339e+00 3.760935130942574811e-01 0.000000000000000000e+00
3.615845506750366312e+00 4.439701019140904759e-01 0.000000000000000000e+00
3.638244895377624744e+00 5.113220740944256493e-01 0.000000000000000000e+00
3.684077513665706238e+00 5.835006560329762948e-01 0.000000000000000000e+00
3.739314953035592914e+00 6.593422180975746505e-01 0.000000000000000000e+00
3.762576920511467637e+00 7.313709682535541878e-01 0.000000000000000000e+00
3.804994248181470695e+00 8.087765992289950301e-01 0.000000000000000000e+00
3.808410654633333170e+00 9.495435278901871445e-01 0.000000000000000000e+00
3.848248433897127896e+00 1.031135167010848841e+00 0.000000000000000000e+00
3.871961965279246520e+00 1.110267335389298893e+00 0.000000000000000000e+00
3.931368879312960640e+00 1.201940196765469704e+00 0.000000000000000000e+00
3.995388595012029587e+00 1.298180561289025148e+00 0.000000000000000000e+00
4.001434457953576107e+00 1.377804490198469622e+00 0.000000000000000000e+00
4.016262998829488673e+00 1.541699036158816538e+00 0.000000000000000000e+00
4.068482723412556901e+00 1.643773837766889567e+00 0.000000000000000000e+00
4.110054267804108541e+00 1.744614650378448983e+00 0.000000000000000000e+00
4.174902852344632542e+00 1.858786631776132570e+00 0.000000000000000000e+00
5.446691911403777064e-01 2.656529309748583145e-01 0.000000000000000000e+00
5.315344423905109528e-01 2.826218927403902348e-01 0.000000000000000000e+00
5.238971775829333044e-01 2.904009640145723270e-01 0.000000000000000000e+00
5.170171614077470057e-01 2.985000137787886532e-01 0.000000000000000000e+00
5.125860299221863814e-01 3.079927758119812564e-01 0.000000000000000000e+00
5.096769075703756480e-01 3.184814956510643169e-01 0.000000000000000000e+00
5.057183323632908900e-01 3.284173419365340463e-01 0.000000000000000000e+00
5.032257930832079174e-01 3.394301004204726691e-01 0.000000000000000000e+00
4.935003698691797780e-01 3.585490236930271579e-01 0.000000000000000000e+00
4.903622125918744024e-01 3.695144489504238461e-01 0.000000000000000000e+00
4.862026135380779768e-01 3.798631313809789356e-01 0.000000000000000000e+00
4.826076269066516544e-01 3.908079686797475416e-01 0.000000000000000000e+00
4.795438024635458318e-01 4.023850461930719713e-01 0.000000000000000000e+00
4.754670226847549919e-01 4.133171957844805067e-01 0.000000000000000000e+00
4.658723161046743333e-01 4.344329822530565433e-01 0.000000000000000000e+00
4.632548171211416932e-01 4.473599964568762410e-01 0.000000000000000000e+00
4.574980878811757412e-01 4.574981078790534839e-01 0.000000000000000000e+00
4.563905427699473938e-01 4.726062625086100422e-01 0.000000000000000000e+00
4.535289135776450764e-01 4.863502370594522395e-01 0.000000000000000000e+00
4.496557506988576036e-01 4.993933256331459236e-01 0.000000000000000000e+00
4.415950616896142100e-01 5.262725238769434544e-01 0.000000000000000000e+00
1.886749297691968641e+00 3.868409522516857546e+00 0.000000000000000000e+00
1.838811910376938474e+00 3.943345064492090657e+00 0.000000000000000000e+00
1.786387340771165677e+00 4.012291865151910386e+00 0.000000000000000000e+00
1.719216926142367541e+00 4.050221475437978391e+00 0.000000000000000000e+00
2.522975339609933254e+00 6.244583431595672529e+00 0.000000000000000000e+00
2.280248117177467115e+00 6.264930572845986312e+00 0.000000000000000000e+00
2.057590682459761844e+00 5.975677597833956689e+00 0.000000000000000000e+00
6.507822237700037205e-01 5.300196612095032123e+00 0.000000000000000000e+00
-2.536724606756997624e-01 4.840357472960480578e+00 0.000000000000000000e+00
-1.738757371985197031e-01 1.987408424818480235e+00 0.000000000000000000e+00
-1.967225926812175008e-01 1.871690173789619438e+00 0.000000000000000000e+00
-6.566187499376991976e-01 4.672084674458184317e+00 0.000000000000000000e+00
-7.352420234174653624e-01 4.642135001709161379e+00 0.000000000000000000e+00
-7.993026556503239899e-01 4.533070237129444457e+00 0.000000000000000000e+00
-8.906964980896945328e-01 4.582235896797937968e+00 0.000000000000000000e+00
-6.669807370422369264e-01 3.137897439612340911e+00 0.000000000000000000e+00
-7.063463771145442882e-01 3.059522095742305936e+00 0.000000000000000000e+00
-1.181767816604379462e+00 4.410417291855144306e+00 0.000000000000000000e+00
-1.360113215810303533e+00 4.448729658990631108e+00 0.000000000000000000e+00
-1.409735523732139839e+00 4.338719616251657030e+00 0.000000000000000000e+00
-1.484265278050714842e+00 4.310619180988118693e+00 0.000000000000000000e+00
-1.537722555671006797e+00 4.224857827311415015e+00 0.000000000000000000e+00
-1.621973402489301552e+00 4.225385010718090584e+00 0.000000000000000000e+00
-1.699964814779213018e+00 4.207560409303005677e+00 0.000000000000000000e+00
-1.846177688829172547e+00 4.146582840476935594e+00 0.000000000000000000e+00
-1.912347725499668138e+00 4.101042799075804268e+00 0.000000000000000000e+00
-1.980560946148103518e+00 4.060751590049543225e+00 0.000000000000000000e+00
-8.225000071536157087e-01 1.424611763071094384e+00 0.000000000000000000e+00
-8.379669507671657636e-01 1.394611166466861674e+00 0.000000000000000000e+00
-8.457511379602299373e-01 1.353484714582721349e+00 0.000000000000000000e+00
-8.888509040037456677e-01 1.368710331239721967e+00 0.000000000000000000e+00
-9.763508544331724881e-01 1.447499633464573554e+00 0.000000000000000000e+00
-1.019219623713511380e+00 1.402835430899734392e+00 0.000000000000000000e+00
-1.040538173256487120e+00 1.380840763578366159e+00 0.000000000000000000e+00
-2.872060798000373172e+00 3.676070104973272468e+00 0.000000000000000000e+00
-2.943331535908667362e+00 3.634711666407345998e+00 0.000000000000000000e+00
-3.090694099417168328e+00 3.555436774905328612e+00 0.000000000000000000e+00
-3.152274298920099138e+00 3.500955215493209316e+00 0.000000000000000000e+00
-2.908290998753174428e+00 2.808503917679046946e+00 0.000000000000000000e+00
-2.951743401052917548e+00 2.752545199919278929e+00 0.000000000000000000e+00
-3.775811895774818350e+00 3.282263144850417369e+00 0.000000000000000000e+00
-2.434519794529632186e+00 1.704669081807174136e+00 0.000000000000000000e+00
-2.461412650337780672e+00 1.660243766748265237e+00 0.000000000000000000e+00
-2.362517247551146227e+00 1.363999944710442058e+00 0.000000000000000000e+00
-5.092910535877904543e+00 2.823046358179804205e+00 0.000000000000000000e+00
-2.167888197350004376e+00 1.010902850016101251e+00 0.000000000000000000e+00
-5.933976773421554718e+00 2.397482194552578161e+00 0.000000000000000000e+00
-4.381786801154527566e+00 1.594839937220112303e+00 0.000000000000000000e+00
-4.425026780900629397e+00 1.523658879658357446e+00 0.000000000000000000e+00
-2.919212767888372806e+00 6.739533547479406028e-01 0.000000000000000000e+00
-4.034757487832504097e+00 7.114365851034744059e-01 0.000000000000000000e+00
