-4.226356440054802377e+00 -7.377154650203078534e-02 0.000000000000000000e+00
-4.271396554666921475e+00 -1.491606768991159127e-01 0.000000000000000000e+00
-4.304488918380073414e+00 -3.009994108893052633e-01 0.000000000000000000e+00
-4.372298449383546171e+00 -3.825267752087946338e-01 0.000000000000000000e+00
-4.430594944023999560e+00 -4.656745239004563830e-01 0.000000000000000000e+00
-4.467450128442774115e+00 -5.485341351442523106e-01 0.000000000000000000e+00
-4.540379100288481240e+00 -6.381089056511434210e-01 0.000000000000000000e+00
-4.627319781751463523e+00 -7.328956960276710175e-01 0.000000000000000000e+00
-4.641398721703511754e+00 -8.184040665675070825e-01 0.000000000000000000e+00
-1.053293998942085086e+00 -2.431721363056052188e-01 0.000000000000000000e+00
-1.041127256799049494e+00 -2.595822353590568343e-01 0.000000000000000000e+00
-1.037404324388224941e+00 -2.779717068140268310e-01 0.000000000000000000e+00
-1.033356354121403697e+00 -2.963102224306677912e-01 0.000000000000000000e+00
-1.028027642552608478e+00 -3.142996478962680751e-01 0.000000000000000000e+00
-1.023336771379048660e+00 -3.325023292903679928e-01 0.000000000000000000e+00
-1.021160084746923324e+00 -3.516136715442131355e-01 0.000000000000000000e+00
-1.010134018326767302e+00 -3.877541774972129707e-01 0.000000000000000000e+00
-1.006921614170342760e+00 -4.068227972310431428e-01 0.000000000000000000e+00
-1.002429752199196500e+00 -4.255062429934727830e-01 0.000000000000000000e+00
-9.994186922904959580e-01 -4.449699291572480897e-01 0.000000000000000000e+00
-9.987511568138153217e-01 -4.657253724667240746e-01 0.000000000000000000e+00
-1.000357781455219586e+00 -4.879071506224479937e-01 0.000000000000000000e+00
-2.955917727915640558e+00 -3.650254735856239385e+00 0.000000000000000000e+00
-2.850797587126637112e+00 -3.783136530553928623e+00 0.000000000000000000e+00
-2.783750818411458550e+00 -3.831504659936946666e+00 0.000000000000000000e+00
2.000459338395264020e+00 -3.080437006336556927e+00 0.000000000000000000e+00
2.037139791665264710e+00 -3.020183711182885755e+00 0.000000000000000000e+00
1.648424306485313684e+00 -1.706993222665769361e+00 0.000000000000000000e+00
3.693810160265324605e+00 -3.567070766124099013e+00 0.000000000000000000e+00
1.568286605171587134e+00 -1.363290654779550692e+00 0.000000000000000000e+00
4.285959988945566401e+00 -3.470701730269235341e+00 0.000000000000000000e+00
4.413648212747238730e+00 -3.448319673970879684e+00 0.000000000000000000e+00
4.504304281850542324e+00 -3.394236501845505405e+00 0.000000000000000000e+00
3.700526413904905443e+00 -2.136499763343580494e+00 0.000000000000000000e+00
2.255074353333323511e+00 -1.099873163952910016e+00 0.000000000000000000e+00
6.350968238650869679e+00 -2.827633002019755093e+00 0.000000000000000000e+00
3.356582103977010068e+00 -1.221695858234220555e+00 0.000000000000000000e+00
3.166395967580029946e+00 -9.079493300339696038e-01 0.000000000000000000e+00
7.199120416132001488e+00 3.772901125662573851e-01 0.000000000000000000e+00
6.761488997933684075e+00 4.728095557797046267e-01 0.000000000000000000e+00
6.763165823414559519e+00 5.917005248948900009e-01 0.000000000000000000e+00
6.714574561079827753e+00 8.244462731129015287e-01 0.000000000000000000e+00
6.690251088717944050e+00 9.402536556134398760e-01 0.000000000000000000e+00
6.694551423651804001e+00 1.060312963844380896e+00 0.000000000000000000e+00
7.195723107959229203e+00 1.661263776215669230e+00 0.000000000000000000e+00
6.996200740714713540e+00 1.874626532859426264e+00 0.000000000000000000e+00
3.743933053765235108e+00 1.144635308835669996e+00 0.000000000000000000e+00
2.753302803085857509e+00 1.526180751591443618e+00 0.000000000000000000e+00
2.682080537775959783e+00 1.548500005883844510e+00 0.000000000000000000e+00
2.642646702942688997e+00 1.587862419218206922e+00 0.000000000000000000e+00
2.584782665394736334e+00 1.678577575951423206e+00 0.000000000000000000e+00
2.557580902688519675e+00 1.725110188240102094e+00 0.000000000000000000e+00
3.291889906673777677e+00 2.391698130754584373e+00 0.000000000000000000e+00
3.261627455007606535e+00 2.457812695942387826e+00 0.000000000000000000e+00
3.238724244836711730e+00 2.530368819637820010e+00 0.000000000000000000e+00
3.169891854461974301e+00 2.659855207662050969e+00 0.000000000000000000e+00
2.398466979099355356e+00 2.084955630330416643e+00 0.000000000000000000e+00
3.101886280615078206e+00 2.792951077052157949e+00 0.000000000000000000e+00
3.078267747508340868e+00 2.870531241060000127e+00 0.000000000000000000e+00
3.053597305268373585e+00 2.948824770252439276e+00 0.000000000000000000e+00
2.074918303880393111e+00 2.472791449350764115e+00 0.000000000000000000e+00
2.135729662983752331e+00 2.733609428577921996e+00 0.000000000000000000e+00
2.024505731430047195e+00 2.686609963357257769e+00 0.000000000000000000e+00
1.925584445263386124e+00 2.650339731831200307e+00 0.000000000000000000e+00
1.821105104738137026e+00 2.600807738896727450e+00 0.000000000000000000e+00
1.736293923510616066e+00 2.574161713961743647e+00 0.000000000000000000e+00
1.604065534961992556e+00 2.567041577248563744e+00 0.000000000000000000e+00
1.526057795710052067e+00 2.539786793127322362e+00 0.000000000000000000e+00
1.450999925373376742e+00 2.513205707605312256e+00 0.000000000000000000e+00
1.379283334470628120e+00 2.488293118996190767e+00 0.000000000000000000e+00
1.311234018572252857e+00 2.466072637342382468e+00 0.000000000000000000e+00
1.245749864749594593e+00 2.444921889179841212e+00 0.000000000000000000e+00
1.171766071673329357e+00 2.402476595787404801e+00 0.000000000000000000e+00
1.121206251519959229e+00 2.404434685928581672e+00 0.000000000000000000e+00
1.062802768828183364e+00 2.387094224363122574e+00 0.000000000000000000e+00
9.646119511523129075e-01 2.387498487803765279e+00 0.000000000000000000e+00
9.403574799896934344e-01 2.449715124294768120e+00 0.000000000000000000e+00
9.162718835357679392e-01 2.517436454813503310e+00 0.000000000000000000e+00
9.050794118675346001e-01 2.628541629714211680e+00 0.000000000000000000e+00
8.791533085786608082e-01 2.705755832074912437e+00 0.000000000000000000e+00
8.586956566132060154e-01 2.808667118436282362e+00 0.000000000000000000e+00
7.860333724572159397e-01 2.933516691317988201e+00 0.000000000000000000e+00
7.528608829985450335e-01 3.019560302365665194e+00 0.000000000000000000e+00
7.268167893857608863e-01 3.148189640024715352e+00 0.000000000000000000e+00
6.998306809369554404e-01 3.292444774675860941e+00 0.000000000000000000e+00
6.727924623281329453e-01 3.461217482915790455e+00 0.000000000000000000e+00
6.265225711339150738e-01 3.553186423042243636e+00 0.000000000000000000e+00
5.878806404521292883e-01 3.711732692214979590e+00 0.000000000000000000e+00
4.957644019442264960e-01 4.037677594142092374e+00 0.000000000000000000e+00
4.410055025913995896e-01 4.195887747295102166e+00 0.000000000000000000e+00
-2.266395181256397172e-08 1.437000036239623801e+00 0.000000000000000000e+00
-2.504422467384513976e-02 1.434781384946073324e+00 0.000000000000000000e+00
-3.651480861475143724e-01 6.967438494558857442e+00 0.000000000000000000e+00
-4.857144199681668884e-01 6.946038295707254839e+00 0.000000000000000000e+00
-6.063425876332849684e-01 6.930526285060589764e+00 0.000000000000000000e+00
-7.125706263516128347e-01 6.779655662807696714e+00 0.000000000000000000e+00
-3.189321227520854896e-01 2.597493376346173832e+00 0.000000000000000000e+00
-1.771875324008467700e+00 6.612728370343252671e+00 0.000000000000000000e+00
-1.995729406845014431e+00 6.527736441603317452e+00 0.000000000000000000e+00
-2.222328377086512319e+00 6.454109969684272308e+00 0.000000000000000000e+00
-1.799026096766128680e+00 4.942783376903280512e+00 0.000000000000000000e+00
-1.454973903666546997e+00 3.790336459342258824e+00 0.000000000000000000e+00
-7.720923912263601974e-01 1.235606081820774582e+00 0.000000000000000000e+00
-8.656306166484369902e-01 1.283350134457314162e+00 0.000000000000000000e+00
-1.903294113721087033e+00 2.268257550050022164e+00 0.000000000000000000e+00
-3.295459313829677939e+00 3.412547950250795381e+00 0.000000000000000000e+00
-3.244205816735151071e+00 3.244205753877168252e+00 0.000000000000000000e+00
-3.140637723477141208e+00 3.032878537318866918e+00 0.000000000000000000e+00
-3.087044143928874718e+00 2.878715181434570169e+00 0.000000000000000000e+00
-3.050609548255050374e+00 2.746781123549606907e+00 0.000000000000000000e+00
-3.046007720138523833e+00 2.647854065486733077e+00 0.000000000000000000e+00
-2.990457719721552721e+00 2.421624869423546045e+00 0.000000000000000000e+00
-2.935340002081317401e+00 2.293338911215237808e+00 0.000000000000000000e+00
-2.878282469993908244e+00 2.168941373766909209e+00 0.000000000000000000e+00
-2.849357931904941577e+00 2.070179678160711578e+00 0.000000000000000000e+00
-2.819521281028741555e+00 1.974250020093049063e+00 0.000000000000000000e+00
-2.796966390740375008e+00 1.816371179992973595e+00 0.000000000000000000e+00
-2.725626583230383648e+00 1.703160486555746589e+00 0.000000000000000000e+00
-2.674361892621406334e+00 1.606918713931459131e+00 0.000000000000000000e+00
-2.695577963660496845e+00 1.494183237638543549e+00 0.000000000000000000e+00
-2.660321117840829253e+00 1.414517804388554456e+00 0.000000000000000000e+00
-2.631142336833955930e+00 1.340633957817266575e+00 0.000000000000000000e+00
-2.604705156933195376e+00 1.270399565688138388e+00 0.000000000000000000e+00
-2.582977115033853632e+00 1.204461987618138608e+00 0.000000000000000000e+00
-2.675774562986674709e+00 1.191331568902866733e+00 0.000000000000000000e+00
-2.756911938602853773e+00 1.170239666601661011e+00 0.000000000000000000e+00
-2.850221024215873200e+00 1.094097322028542152e+00 0.000000000000000000e+00
-2.967549296085600918e+00 1.080099591294524819e+00 0.000000000000000000e+00
-3.061589074946539757e+00 1.054189637911723043e+00 0.000000000000000000e+00
-3.190794636569429521e+00 1.036752002758064339e+00 0.000000000000000000e+00
-3.323158941767746732e+00 1.015991626415017057e+00 0.000000000000000000e+00
-3.433626809238128352e+00 9.845766225371062053e-01 0.000000000000000000e+00
-3.547845659273744179e+00 9.506423578575718958e-01 0.000000000000000000e+00
-3.652193059485818960e+00 9.105939801969733516e-01 0.000000000000000000e+00
-3.726742306965601159e+00 7.921435106423705408e-01 0.000000000000000000e+00
-3.745889320764698383e+00 7.281271043752682859e-01 0.000000000000000000e+00
-3.775753037293736902e+00 6.657671136733858130e-01 0.000000000000000000e+00
-3.778895569511922847e+00 5.985182411487123266e-01 0.000000000000000000e+00
-3.849172068839698646e+00 5.409658370769462321e-01 0.000000000000000000e+00
-3.861004636164072412e+00 4.740717410624936679e-01 0.000000000000000000e+00
-3.953224441078299733e+00 4.155006140670393644e-01 0.000000000000000000e+00
-3.988260980862215810e+00 2.788863589800332221e-01 0.000000000000000000e+00
-4.030468578357654152e+00 2.112278914578698819e-01 0.000000000000000000e+00
-4.095503659239183136e+00 1.430181233509669192e-01 0.000000000000000000e+00
-4.157366709103366809e+00 7.256709028889604673e-02 0.000000000000000000e+00
-4.190999984741210049e+00 -1.510331004790864261e-08 0.000000000000000000e+00
