-4.535235671522839240e+00 -1.583741556194878386e-01 0.000000000000000000e+00
-4.464872832033356609e+00 -2.339943021371262144e-01 0.000000000000000000e+00
-4.446016738903925791e+00 -3.889762936693001993e-01 0.000000000000000000e+00
-4.321197403342236676e+00 -4.541763733548792592e-01 0.000000000000000000e+00
-4.361140350703905710e+00 -6.129185328163232471e-01 0.000000000000000000e+00
-4.354717779345325113e+00 -6.897197661773326605e-01 0.000000000000000000e+00
-4.346941416574487072e+00 -7.664832835455186455e-01 0.000000000000000000e+00
-4.327994130456810140e+00 -8.412770651416802137e-01 0.000000000000000000e+00
-1.447658452156251219e+00 -3.077093797044339607e-01 0.000000000000000000e+00
-1.406990362715536902e+00 -3.248293948380768237e-01 0.000000000000000000e+00
-1.410251724241826876e+00 -3.778758865846255088e-01 0.000000000000000000e+00
-1.414015892236952343e+00 -4.054626091746137972e-01 0.000000000000000000e+00
-1.473665614630092380e+00 -4.505448731368845716e-01 0.000000000000000000e+00
-1.485550288860988610e+00 -4.826846304551454803e-01 0.000000000000000000e+00
-1.457044108176061892e+00 -5.017006012378729674e-01 0.000000000000000000e+00
-1.491292173930547360e+00 -5.427860456238828846e-01 0.000000000000000000e+00
-4.023977990143326799e+00 -1.625792870972493809e+00 0.000000000000000000e+00
-4.034572593672498542e+00 -1.712574694288280686e+00 0.000000000000000000e+00
-3.979403877832480951e+00 -1.771744990629525507e+00 0.000000000000000000e+00
-3.914247995687182513e+00 -1.909106543488062968e+00 0.000000000000000000e+00
-3.908845599545885285e+00 -1.991656550526258007e+00 0.000000000000000000e+00
-3.889384231514906975e+00 -2.068022521167213412e+00 0.000000000000000000e+00
-3.862320426447935162e+00 -2.140919416136970455e+00 0.000000000000000000e+00
-3.844286772698914056e+00 -2.219500250219895499e+00 0.000000000000000000e+00
-3.809251174803307993e+00 -2.288829268218336210e+00 0.000000000000000000e+00
-3.760245158633316986e+00 -2.349662205996777331e+00 0.000000000000000000e+00
-3.714917198872868642e+00 -2.505743547711162922e+00 0.000000000000000000e+00
-3.681269130110807364e+00 -2.577652655914239421e+00 0.000000000000000000e+00
-2.973319937592890483e+00 -2.240557501598135381e+00 0.000000000000000000e+00
-2.876239219888208520e+00 -2.247164579232934223e+00 0.000000000000000000e+00
-1.715441055538898141e+00 -1.715441214016921734e+00 0.000000000000000000e+00
-1.797081044472031985e+00 -1.860932069409440004e+00 0.000000000000000000e+00
-1.537547853221934657e+00 -1.832378347239660199e+00 0.000000000000000000e+00
-3.254386231540675745e+00 -4.165424813455254061e+00 0.000000000000000000e+00
-1.163121119467888320e+00 -1.724398139660606066e+00 0.000000000000000000e+00
1.764085975913651128e+00 -2.716453975476923244e+00 0.000000000000000000e+00
1.782707049853986092e+00 -2.642971687956012783e+00 0.000000000000000000e+00
1.786690694970155091e+00 -2.551658562566899491e+00 0.000000000000000000e+00
2.773161780974267909e+00 -3.190157478246117506e+00 0.000000000000000000e+00
2.823731126417790449e+00 -3.136070910377648069e+00 0.000000000000000000e+00
3.040559397423022059e+00 -3.040559190521114008e+00 0.000000000000000000e+00
2.713763532029422443e+00 -2.044967360421563463e+00 0.000000000000000000e+00
2.717488122646037674e+00 -1.974370554239263553e+00 0.000000000000000000e+00
2.840819301461597668e+00 -1.989162951254788814e+00 0.000000000000000000e+00
2.812095474614751733e+00 -1.896782214679039180e+00 0.000000000000000000e+00
2.727506336460231218e+00 -1.638851026450011572e+00 0.000000000000000000e+00
2.701999210611940594e+00 -1.559999856327279000e+00 0.000000000000000000e+00
2.693873255668027600e+00 -1.432357708113555894e+00 0.000000000000000000e+00
2.661436520392221894e+00 -1.356069533451561115e+00 0.000000000000000000e+00
2.633466656059029187e+00 -1.284427406521085446e+00 0.000000000000000000e+00
2.617416937560041568e+00 -1.220521462766994913e+00 0.000000000000000000e+00
2.585333611325910663e+00 -1.151064588250719334e+00 0.000000000000000000e+00
2.540593420234202426e+00 -1.078417832020527323e+00 0.000000000000000000e+00
2.523794375776989174e+00 -1.019679025672532990e+00 0.000000000000000000e+00
2.515065704040701622e+00 -9.654431807147596523e-01 0.000000000000000000e+00
2.553845676077032056e+00 -8.793594992022214507e-01 0.000000000000000000e+00
2.627769191340608490e+00 -8.538138791804557037e-01 0.000000000000000000e+00
2.709211345792950087e+00 -8.282889413862015715e-01 0.000000000000000000e+00
2.794387836551134541e+00 -8.012777271159627901e-01 0.000000000000000000e+00
2.892947762424150415e+00 -7.751629237676533890e-01 0.000000000000000000e+00
2.997243507805415152e+00 -7.472966428621861112e-01 0.000000000000000000e+00
3.109531145257093954e+00 -6.609511525643479990e-01 0.000000000000000000e+00
3.227590302486844198e+00 -6.273799022007895410e-01 0.000000000000000000e+00
3.363118456339466267e+00 -5.930084215970481409e-01 0.000000000000000000e+00
3.505305961449663332e+00 -5.551858181042944596e-01 0.000000000000000000e+00
3.609527106397241614e+00 -5.072858455918470844e-01 0.000000000000000000e+00
3.730981059725977378e+00 -4.581067617573145734e-01 0.000000000000000000e+00
4.049531514883854655e+00 -3.542879833762434538e-01 0.000000000000000000e+00
4.195754255338079552e+00 -2.933955986928208359e-01 0.000000000000000000e+00
4.395967168996797625e+00 -2.303827521811401546e-01 0.000000000000000000e+00
1.500771436424299443e+00 2.619610460608007632e-02 0.000000000000000000e+00
6.936790105569708764e+00 7.290862095078410876e-01 0.000000000000000000e+00
6.491930649267962039e+00 2.235351170338284454e+00 0.000000000000000000e+00
6.422799039924455222e+00 2.337707854761714277e+00 0.000000000000000000e+00
6.389424249175871928e+00 2.452670357851338245e+00 0.000000000000000000e+00
3.752898377894552162e+00 1.593010959184836262e+00 0.000000000000000000e+00
2.460625535835487376e+00 1.147408604784576180e+00 0.000000000000000000e+00
1.282583559068135592e+00 7.405000039299461934e-01 0.000000000000000000e+00
1.269464708447487489e+00 7.627713915836589198e-01 0.000000000000000000e+00
1.289153361540646081e+00 8.695449656587423970e-01 0.000000000000000000e+00
3.296153814192744225e+00 3.413267341879087535e+00 0.000000000000000000e+00
3.131054453205134536e+00 3.357644970306101762e+00 0.000000000000000000e+00
2.918747627747164231e+00 3.241597782835194508e+00 0.000000000000000000e+00
2.773817614172563228e+00 3.190912288102025762e+00 0.000000000000000000e+00
2.639285824426205629e+00 3.145378498434612258e+00 0.000000000000000000e+00
2.534902392450895547e+00 3.130343891227976183e+00 0.000000000000000000e+00
2.295924284466786869e+00 3.046794564224470037e+00 0.000000000000000000e+00
2.162461823457145993e+00 2.976373486696235027e+00 0.000000000000000000e+00
2.055124279540699206e+00 2.935021771515260891e+00 0.000000000000000000e+00
1.010849988406428812e+00 1.556572549769697611e+00 0.000000000000000000e+00
1.749263497636978304e+00 2.799406900855684999e+00 0.000000000000000000e+00
1.660997687282333324e+00 2.764364496176800134e+00 0.000000000000000000e+00
1.576500004033045022e+00 2.730578230151260666e+00 0.000000000000000000e+00
1.448789173349960491e+00 2.724776269583455868e+00 0.000000000000000000e+00
1.363787385852928802e+00 2.676583579264053103e+00 0.000000000000000000e+00
1.290564607621321302e+00 2.646049702338681975e+00 0.000000000000000000e+00
1.220944082228961891e+00 2.618323164815402837e+00 0.000000000000000000e+00
1.153911763676273461e+00 2.591728387698243541e+00 0.000000000000000000e+00
1.112020725075058669e+00 2.619756793540401585e+00 0.000000000000000000e+00
1.089730499676087261e+00 2.697177779087546412e+00 0.000000000000000000e+00
1.022982175231274438e+00 2.810620588524361807e+00 0.000000000000000000e+00
9.955873918650344212e-01 2.891395905400230948e+00 0.000000000000000000e+00
9.721673815415274866e-01 2.992023730891333333e+00 0.000000000000000000e+00
9.431910843217895524e-01 3.085039227268559614e+00 0.000000000000000000e+00
9.214556049874038646e-01 3.213497803710340772e+00 0.000000000000000000e+00
8.874904210308505181e-01 3.312159578339705757e+00 0.000000000000000000e+00
8.505973325092085480e-01 3.411559820073555294e+00 0.000000000000000000e+00
8.179219530417122241e-01 3.542809489982795323e+00 0.000000000000000000e+00
7.086645433590167409e-01 3.645763358449264135e+00 0.000000000000000000e+00
6.477076431086427055e-01 3.673332948610410931e+00 0.000000000000000000e+00
5.866291809782939737e-01 3.703831287197722144e+00 0.000000000000000000e+00
5.289969097711995083e-01 3.764009055306817064e+00 0.000000000000000000e+00
4.643221281789742250e-01 3.781600788722079276e+00 0.000000000000000000e+00
4.014937724386577478e-01 3.819958686437272544e+00 0.000000000000000000e+00
2.705155435374462236e-01 3.868553412250113066e+00 0.000000000000000000e+00
2.039008177905808628e-01 3.890660579275122988e+00 0.000000000000000000e+00
1.358287773703932277e-01 3.889629060907380698e+00 0.000000000000000000e+00
6.953032331675818023e-02 3.983393186189088553e+00 0.000000000000000000e+00
-6.316571142233857685e-08 4.005000114440917081e+00 0.000000000000000000e+00
-7.052523565989313181e-02 4.040384424414837028e+00 0.000000000000000000e+00
-1.430182027032385339e-01 4.095503656468141074e+00 0.000000000000000000e+00
-2.881640587297202294e-01 4.120937129093785956e+00 0.000000000000000000e+00
-3.659670166364587529e-01 4.183021413957089152e+00 0.000000000000000000e+00
-4.433052941603377595e-01 4.217767526139569512e+00 0.000000000000000000e+00
-5.225758206354289559e-01 4.256037996506004006e+00 0.000000000000000000e+00
-6.022020904431552024e-01 4.284890064368553020e+00 0.000000000000000000e+00
-6.883117243489433879e-01 4.345828782793587308e+00 0.000000000000000000e+00
-7.715188886462123197e-01 4.375500677724932785e+00 0.000000000000000000e+00
-2.238263137314582263e-01 9.694982159707395963e-01 0.000000000000000000e+00
-2.404703818801470772e-01 9.644739656997751709e-01 0.000000000000000000e+00
-2.544191293255124164e-01 9.495050648613271305e-01 0.000000000000000000e+00
-2.704002605979225482e-01 9.429977259944928303e-01 0.000000000000000000e+00
-2.868166567851749837e-01 9.381349676633868873e-01 0.000000000000000000e+00
-3.031456858416687328e-01 9.329864443376404415e-01 0.000000000000000000e+00
-3.203590851185618149e-01 9.303902998589808071e-01 0.000000000000000000e+00
-3.529924473210608871e-01 9.195767288896367075e-01 0.000000000000000000e+00
-3.697367151256915063e-01 9.151304491150025200e-01 0.000000000000000000e+00
-3.860423569610090810e-01 9.094587679374188660e-01 0.000000000000000000e+00
-4.038894861072989118e-01 9.071506078072528734e-01 0.000000000000000000e+00
-4.209277964536868311e-01 9.026825433257419373e-01 0.000000000000000000e+00
-4.392478888330682008e-01 9.005916058648799627e-01 0.000000000000000000e+00
-4.567144726531632837e-01 8.963525951856359253e-01 0.000000000000000000e+00
-3.074859568962693412e+00 3.797135256943670267e+00 0.000000000000000000e+00
-2.688456317248247629e+00 2.507026026921796547e+00 0.000000000000000000e+00
-3.790216412304639793e+00 2.653938056257274969e+00 0.000000000000000000e+00
-3.912398187964587937e+00 2.540741046013967441e+00 0.000000000000000000e+00
-3.889148559129841587e+00 2.430209696738668157e+00 0.000000000000000000e+00
-5.497255112849504854e+00 2.333446310129675627e+00 0.000000000000000000e+00
-5.519327662484283969e+00 2.118671346403184330e+00 0.000000000000000000e+00
-5.484985739749940414e+00 1.996371505462369855e+00 0.000000000000000000e+00
-5.462260775957339831e+00 1.880807178437695404e+00 0.000000000000000000e+00
-5.165188171438829912e+00 1.678271337173519839e+00 0.000000000000000000e+00
-5.333311768606114001e+00 1.630557007027194860e+00 0.000000000000000000e+00
-5.254256515692891760e+00 1.506633778675659840e+00 0.000000000000000000e+00
-5.049860385902322335e+00 1.353105981811067116e+00 0.000000000000000000e+00
-4.856274419650213225e+00 6.825048372787736461e-01 0.000000000000000000e+00
-4.825759380617409278e+00 5.925287242832356638e-01 0.000000000000000000e+00
-4.785639161661411123e+00 5.029909229821549754e-01 0.000000000000000000e+00
-4.724951485219758496e+00 4.133796702903312359e-01 0.000000000000000000e+00
-4.712532638356139003e+00 2.469733514290230469e-01 0.000000000000000000e+00
-4.667155239058057958e+00 1.629806341820520532e-01 0.000000000000000000e+00
-4.655291006260164899e+00 8.125838936282482605e-02 0.000000000000000000e+00
