-7.407871486575243303e+00 -1.293052641451763463e-01 0.000000000000000000e+00
-7.243584845949790463e+00 -2.529519338628350988e-01 0.000000000000000000e+00
-4.641629828734384233e+00 -2.432577530005353150e-01 0.000000000000000000e+00
-3.974295129511583369e+00 -2.779099947441415752e-01 0.000000000000000000e+00
-3.987915514447216481e+00 -9.942992241370899320e-01 0.000000000000000000e+00
-3.049655716200321720e+00 -9.323734869877797760e-01 0.000000000000000000e+00
-3.012946978503447948e+00 -9.789659830465498036e-01 0.000000000000000000e+00
-2.986893053452073232e+00 -1.028469922318272722e+00 0.000000000000000000e+00
-2.971307957752976403e+00 -1.081467820265396229e+00 0.000000000000000000e+00
-3.798002879363947759e+00 -1.612156794559514772e+00 0.000000000000000000e+00
-3.788472780291107789e+00 -1.686736977869438103e+00 0.000000000000000000e+00
-3.824618583940880168e+00 -1.783449162883995687e+00 0.000000000000000000e+00
-3.806392815555114773e+00 -1.856502050781906554e+00 0.000000000000000000e+00
-2.973288602381253032e+00 -1.514966393716255633e+00 0.000000000000000000e+00
-3.723255966804785100e+00 -2.063834718630806808e+00 0.000000000000000000e+00
-3.755249871847313070e+00 -2.256382008361813352e+00 0.000000000000000000e+00
-3.599963963270507605e+00 -2.249507388640969996e+00 0.000000000000000000e+00
-3.458677375598478321e+00 -2.246091585250268086e+00 0.000000000000000000e+00
-3.358431196452440481e+00 -2.265290678213733422e+00 0.000000000000000000e+00
-3.001373018481301447e+00 -2.101584225178557475e+00 0.000000000000000000e+00
-2.723960209561902879e+00 -1.979073134147425250e+00 0.000000000000000000e+00
-2.888847229156371821e+00 -2.257015036610105163e+00 0.000000000000000000e+00
-2.773633835316363427e+00 -2.246044609626488331e+00 0.000000000000000000e+00
-2.668898710028854371e+00 -2.239472136390499912e+00 0.000000000000000000e+00
-2.561484251524505318e+00 -2.226664499135480479e+00 0.000000000000000000e+00
-2.453121053857969081e+00 -2.208800325027672873e+00 0.000000000000000000e+00
-2.357884215121881955e+00 -2.198762806783864932e+00 0.000000000000000000e+00
-2.271674982352736016e+00 -2.193731233849179230e+00 0.000000000000000000e+00
-2.150662181895915737e+00 -2.227076089343545728e+00 0.000000000000000000e+00
-2.064408900427399107e+00 -2.213807713332808014e+00 0.000000000000000000e+00
-1.982633925387524476e+00 -2.201938252606972846e+00 0.000000000000000000e+00
-1.909787741857678078e+00 -2.196959685288338626e+00 0.000000000000000000e+00
-1.845443160409457439e+00 -2.199313719641162290e+00 0.000000000000000000e+00
-1.779088584580472254e+00 -2.196991638177955064e+00 0.000000000000000000e+00
-1.720158007252171606e+00 -2.201702052764594519e+00 0.000000000000000000e+00
-1.658602129771254763e+00 -2.201039574022008338e+00 0.000000000000000000e+00
-1.584218063888468420e+00 -2.262498086107921580e+00 0.000000000000000000e+00
-1.589226130600952080e+00 -2.356124858571931213e+00 0.000000000000000000e+00
2.207113841700175882e+00 -3.532120209167747049e+00 0.000000000000000000e+00
2.220493544511816353e+00 -3.419259944734811540e+00 0.000000000000000000e+00
2.211608006998307285e+00 -3.278843457668553452e+00 0.000000000000000000e+00
2.130836519467092405e+00 -3.043149698845484252e+00 0.000000000000000000e+00
2.196485748931238824e+00 -2.526767636092354774e+00 0.000000000000000000e+00
2.127835454253698799e+00 -2.363200521368588269e+00 0.000000000000000000e+00
2.116240938369005065e+00 -2.269390409146883947e+00 0.000000000000000000e+00
2.120097453433011925e+00 -2.195425031142217431e+00 0.000000000000000000e+00
2.120613360180047202e+00 -2.120613215877998226e+00 0.000000000000000000e+00
2.110543054238863458e+00 -2.038127598003291130e+00 0.000000000000000000e+00
2.177414454169013691e+00 -1.960552648100291506e+00 0.000000000000000000e+00
2.259600517286502797e+00 -1.964240629610357169e+00 0.000000000000000000e+00
2.342564039818719301e+00 -1.965644488699328951e+00 0.000000000000000000e+00
2.441015555786164803e+00 -1.976695287621071939e+00 0.000000000000000000e+00
2.541334670906290949e+00 -1.985508115150801833e+00 0.000000000000000000e+00
2.643483558179090309e+00 -1.992007605115347690e+00 0.000000000000000000e+00
2.769265316449440739e+00 -2.011988884922909726e+00 0.000000000000000000e+00
2.858021615090659662e+00 -2.001208140094920207e+00 0.000000000000000000e+00
3.007472691140937737e+00 -1.953075463419273072e+00 0.000000000000000000e+00
3.129297586436042611e+00 -1.955402014372632502e+00 0.000000000000000000e+00
3.265807429677776152e+00 -1.962294931003374820e+00 0.000000000000000000e+00
3.327269669410733766e+00 -1.920999897356491015e+00 0.000000000000000000e+00
3.395273736386239083e+00 -1.882030822826062932e+00 0.000000000000000000e+00
3.438198031744814642e+00 -1.828122181482998210e+00 0.000000000000000000e+00
3.515183581004647007e+00 -1.714469450375337045e+00 0.000000000000000000e+00
3.558164531047441681e+00 -1.659199234130439793e+00 0.000000000000000000e+00
3.603023340194931201e+00 -1.604169210259957401e+00 0.000000000000000000e+00
3.707793486207466849e+00 -1.573864822733850310e+00 0.000000000000000000e+00
3.745822783866241679e+00 -1.513410507311555797e+00 0.000000000000000000e+00
3.822078183029254728e+00 -1.467158218584868168e+00 0.000000000000000000e+00
3.862136839968474789e+00 -1.405702716383070872e+00 0.000000000000000000e+00
3.981122493148954611e+00 -1.293544977454408107e+00 0.000000000000000000e+00
4.024130625398986361e+00 -1.230300065326189296e+00 0.000000000000000000e+00
4.082478666903995190e+00 -1.170631787194432727e+00 0.000000000000000000e+00
4.138992051495405278e+00 -1.109039444735696600e+00 0.000000000000000000e+00
4.215934758451478359e+00 -1.051150459851568852e+00 0.000000000000000000e+00
1.079602078211691518e+00 -2.492457451620276876e-01 0.000000000000000000e+00
1.041727257297367704e+00 -2.214259318220994643e-01 0.000000000000000000e+00
1.037002542980677733e+00 -1.828514960708314541e-01 0.000000000000000000e+00
1.039048184317121981e+00 -1.645690340883434466e-01 0.000000000000000000e+00
1.037800918552972629e+00 -1.458533766351500782e-01 0.000000000000000000e+00
1.041180941375279279e+00 -1.278409141781847724e-01 0.000000000000000000e+00
1.040269909492541167e+00 -1.093367430680400182e-01 0.000000000000000000e+00
1.037038691860189488e+00 -9.072909927281350151e-02 0.000000000000000000e+00
1.038464186950789792e+00 -7.261646019040508826e-02 0.000000000000000000e+00
1.040365860529601338e+00 -3.633034701804784689e-02 0.000000000000000000e+00
1.040841459749627829e+00 -1.816792602951155383e-02 0.000000000000000000e+00
1.046000003814696822e+00 2.922490249801512288e-08 0.000000000000000000e+00
1.046840586857719968e+00 1.827269952881885318e-02 0.000000000000000000e+00
1.051359194756712467e+00 3.671430121895308263e-02 0.000000000000000000e+00
5.143440370279825480e+00 3.596645291288034785e-01 0.000000000000000000e+00
5.141360600377309353e+00 4.498109088771765074e-01 0.000000000000000000e+00
5.134441085331445720e+00 6.304302348291319635e-01 0.000000000000000000e+00
5.189995102452469311e+00 7.294063859465583777e-01 0.000000000000000000e+00
3.424405224176783058e+00 1.670194127821929664e+00 0.000000000000000000e+00
3.761343556098735164e+00 2.537058391105537325e+00 0.000000000000000000e+00
3.814791061384604554e+00 2.671145589815662191e+00 0.000000000000000000e+00
3.752220766270443875e+00 2.726148093432240405e+00 0.000000000000000000e+00
5.359246679547498893e+00 4.496942117969964237e+00 0.000000000000000000e+00
5.126742245622209815e+00 4.456609243908228102e+00 0.000000000000000000e+00
4.770619924256679134e+00 4.448675246942593198e+00 0.000000000000000000e+00
4.060618139217760714e+00 4.354480024300293906e+00 0.000000000000000000e+00
3.851722342128434118e+00 4.430899886516519892e+00 0.000000000000000000e+00
3.748094361847067457e+00 4.466805113243387915e+00 0.000000000000000000e+00
3.546220455447405051e+00 4.379217745313053634e+00 0.000000000000000000e+00
3.309380764698674149e+00 4.391696796383967261e+00 0.000000000000000000e+00
3.158170156057759748e+00 4.346848493231634691e+00 0.000000000000000000e+00
2.980303132898384000e+00 4.256314164478085083e+00 0.000000000000000000e+00
2.483999882268091763e+00 4.302414199091478153e+00 0.000000000000000000e+00
2.390596265319370861e+00 4.312750026502154554e+00 0.000000000000000000e+00
2.276936950989122632e+00 4.282295785692094903e+00 0.000000000000000000e+00
2.202307754088125069e+00 4.322272542058732014e+00 0.000000000000000000e+00
2.077440713920715609e+00 4.259384884905434099e+00 0.000000000000000000e+00
1.914102500048505240e+00 4.299144824154541134e+00 0.000000000000000000e+00
1.827840127333984599e+00 4.306121714382388888e+00 0.000000000000000000e+00
1.724688710360599675e+00 4.268754583642901501e+00 0.000000000000000000e+00
1.642758640714572449e+00 4.279532808914871644e+00 0.000000000000000000e+00
1.084203825400531729e+00 2.978825699615617495e+00 0.000000000000000000e+00
9.701930548150067279e-01 2.817645391114131037e+00 0.000000000000000000e+00
1.364309941934808368e+00 4.198914508000856749e+00 0.000000000000000000e+00
1.223002815537461263e+00 4.265117972465877649e+00 0.000000000000000000e+00
1.140615472780767803e+00 4.256835199398694591e+00 0.000000000000000000e+00
9.326469799009664552e-01 4.039738215741998317e+00 0.000000000000000000e+00
9.002575317078542749e-01 4.235379052209816919e+00 0.000000000000000000e+00
8.216235055405399779e-01 4.226886894527209115e+00 0.000000000000000000e+00
2.149409246002586260e-01 1.357083737474528151e+00 0.000000000000000000e+00
1.870486227381261968e-01 1.330920269597587469e+00 0.000000000000000000e+00
1.617205993522057017e-01 1.317108767702710015e+00 0.000000000000000000e+00
1.416360473746409165e-01 1.347577189541748099e+00 0.000000000000000000e+00
1.210593089877711748e-01 1.383714495593346472e+00 0.000000000000000000e+00
7.588711562288599777e-02 1.448012874240148795e+00 0.000000000000000000e+00
5.022035305047239939e-02 1.438123411370146654e+00 0.000000000000000000e+00
2.488710888312012370e-02 1.425782812735362448e+00 0.000000000000000000e+00
-2.304247180584579820e-08 1.460999965667724387e+00 0.000000000000000000e+00
-3.801137480551224773e-02 2.177668252757441358e+00 0.000000000000000000e+00
-2.943723686826041352e-01 4.209720078315631220e+00 0.000000000000000000e+00
-3.666642537219797493e-01 4.190990868926405710e+00 0.000000000000000000e+00
-4.410056349440720780e-01 4.195887733384275009e+00 0.000000000000000000e+00
-5.153855266467726182e-01 4.197477758520712143e+00 0.000000000000000000e+00
-5.898156518397179582e-01 4.196755983555711111e+00 0.000000000000000000e+00
-7.366156477874834518e-01 4.177554579088070597e+00 0.000000000000000000e+00
-8.158993285557498698e-01 4.197437847235146791e+00 0.000000000000000000e+00
-8.859118060651566262e-01 4.167887067176515359e+00 0.000000000000000000e+00
-9.589664054532534010e-01 4.153739583891171705e+00 0.000000000000000000e+00
-1.158045944348442324e+00 3.363209484176406416e+00 0.000000000000000000e+00
-1.211435410072204455e+00 3.328391298970309720e+00 0.000000000000000000e+00
-1.242580506710324606e+00 2.790881418518174950e+00 0.000000000000000000e+00
-1.169453659712486937e+00 2.199422384219437365e+00 0.000000000000000000e+00
-1.215902503639509691e+00 2.193546121012982297e+00 0.000000000000000000e+00
-1.084499977184229635e+00 1.878409010467563034e+00 0.000000000000000000e+00
-2.943020765386176407e+00 4.203069141129660125e+00 0.000000000000000000e+00
-3.054720017707203805e+00 4.204461308059410207e+00 0.000000000000000000e+00
-3.503426607181371999e+00 4.326371462463471929e+00 0.000000000000000000e+00
-1.958254205648513047e+00 1.475650361374400754e+00 0.000000000000000000e+00
-2.947088340007765428e+00 1.913861512031420631e+00 0.000000000000000000e+00
-6.698502395081969318e+00 1.060938519757167464e+00 0.000000000000000000e+00
-6.738395861333960291e+00 8.273709459009164213e-01 0.000000000000000000e+00
-6.718989969957663178e+00 7.061942725584784419e-01 0.000000000000000000e+00
-6.765158087068861903e+00 5.918746104044758649e-01 0.000000000000000000e+00
-7.115624269819608827e+00 4.975728905411132552e-01 0.000000000000000000e+00
-7.358879170325375974e+00 1.284496861940885304e-01 0.000000000000000000e+00
