-7.269892493326889138e+00 -1.268968246628234819e-01 0.000000000000000000e+00
-7.019721323978304284e+00 -2.451344357581921873e-01 0.000000000000000000e+00
-4.200235663190540869e+00 -2.201252420378895513e-01 0.000000000000000000e+00
-3.966314719884306061e+00 -2.773519497260190092e-01 0.000000000000000000e+00
-3.086951633945132834e+00 -9.437759953736984952e-01 0.000000000000000000e+00
-3.026261711468069215e+00 -9.832922027705316426e-01 0.000000000000000000e+00
-2.986893053452073232e+00 -1.028469922318272722e+00 0.000000000000000000e+00
-2.971307957752976403e+00 -1.081467820265396229e+00 0.000000000000000000e+00
-3.785691772561488033e+00 -1.529518976148890097e+00 0.000000000000000000e+00
-3.778424073207947931e+00 -1.682263004635389469e+00 0.000000000000000000e+00
-3.772959328212699415e+00 -1.759360053248204991e+00 0.000000000000000000e+00
-3.804594929214708543e+00 -1.855625162914632975e+00 0.000000000000000000e+00
-3.796674719814122856e+00 -2.018727993624749750e+00 0.000000000000000000e+00
-3.776607654072355658e+00 -2.093408045165978670e+00 0.000000000000000000e+00
-3.805315564541063011e+00 -2.197000210193746028e+00 0.000000000000000000e+00
-3.588939328645654125e+00 -2.242618431612870999e+00 0.000000000000000000e+00
-3.482160048395016361e+00 -2.261341412869232403e+00 0.000000000000000000e+00
-3.382473123994458319e+00 -2.281507164769942086e+00 0.000000000000000000e+00
-3.219267481569323408e+00 -2.254155586205601303e+00 0.000000000000000000e+00
-2.747421544196767762e+00 -1.996118793222809273e+00 0.000000000000000000e+00
-2.696992095995490502e+00 -2.032329516925654112e+00 0.000000000000000000e+00
-2.828170480016846344e+00 -2.209609160038182196e+00 0.000000000000000000e+00
-2.722342215670778387e+00 -2.204509471009015620e+00 0.000000000000000000e+00
-2.584880171267781357e+00 -2.247002263806869404e+00 0.000000000000000000e+00
-2.484332999144599263e+00 -2.236903689427661490e+00 0.000000000000000000e+00
-2.389332410374446436e+00 -2.228088726020421184e+00 0.000000000000000000e+00
-2.288939086023338287e+00 -2.210402986516625479e+00 0.000000000000000000e+00
-2.203344583894138342e+00 -2.203344787446277042e+00 0.000000000000000000e+00
-2.124265256499360266e+00 -2.199741270385121794e+00 0.000000000000000000e+00
-2.045994979433520378e+00 -2.194061198812109037e+00 0.000000000000000000e+00
-1.969920408777765530e+00 -2.187818460652585451e+00 0.000000000000000000e+00
-1.858298899645648428e+00 -2.214634594477540741e+00 0.000000000000000000e+00
-1.788528455935544104e+00 -2.208648909554050910e+00 0.000000000000000000e+00
-1.728777376615712180e+00 -2.212734343485118771e+00 0.000000000000000000e+00
-1.673045646991041968e+00 -2.220206770553465603e+00 0.000000000000000000e+00
-1.611707122557205052e+00 -2.218324754388540931e+00 0.000000000000000000e+00
-1.609455374053295973e+00 -2.298540703755068026e+00 0.000000000000000000e+00
-1.627810441582906886e+00 -2.413328457546910055e+00 0.000000000000000000e+00
2.211573702484478599e+00 -3.680676437306503956e+00 0.000000000000000000e+00
2.170019400113080366e+00 -3.472756698186978852e+00 0.000000000000000000e+00
2.198746568474787999e+00 -3.259775592375244280e+00 0.000000000000000000e+00
2.156647504167312768e+00 -3.080011602421749650e+00 0.000000000000000000e+00
2.115790390055479087e+00 -2.433938251112579554e+00 0.000000000000000000e+00
2.144884908268487766e+00 -2.300107304086019155e+00 0.000000000000000000e+00
2.138853195649994987e+00 -2.214847169437859975e+00 0.000000000000000000e+00
2.120613360180047202e+00 -2.120613215877998226e+00 0.000000000000000000e+00
2.115578411053510965e+00 -2.042990185226572830e+00 0.000000000000000000e+00
2.123119947718285605e+00 -1.979841246948541356e+00 0.000000000000000000e+00
2.199708778346637139e+00 -1.980626546397585175e+00 0.000000000000000000e+00
2.287524727943190062e+00 -1.988514773956691295e+00 0.000000000000000000e+00
2.413815379700651409e+00 -1.954669020822709991e+00 0.000000000000000000e+00
2.503510264978511479e+00 -1.955956452483097463e+00 0.000000000000000000e+00
2.617927359841326851e+00 -1.972749629672622573e+00 0.000000000000000000e+00
2.728814311458774622e+00 -1.982599511524216762e+00 0.000000000000000000e+00
2.845734248212758111e+00 -1.992604433780540640e+00 0.000000000000000000e+00
2.968783686792283660e+00 -2.002469740864085690e+00 0.000000000000000000e+00
3.076243693556250491e+00 -1.997735871411586706e+00 0.000000000000000000e+00
3.258093074234875264e+00 -1.957659678953912685e+00 0.000000000000000000e+00
3.315145366391778925e+00 -1.913999928261994166e+00 0.000000000000000000e+00
3.359414424516101949e+00 -1.862153683171113627e+00 0.000000000000000000e+00
3.422304863655391660e+00 -1.819671634757634937e+00 0.000000000000000000e+00
3.449086356534887710e+00 -1.757397138914709167e+00 0.000000000000000000e+00
3.520576383080074923e+00 -1.717099695481226984e+00 0.000000000000000000e+00
3.603023340194931201e+00 -1.604169210259957401e+00 0.000000000000000000e+00
3.608379143319620841e+00 -1.531665941450841562e+00 0.000000000000000000e+00
3.707808347925045211e+00 -1.498051679597995900e+00 0.000000000000000000e+00
3.824879166512055395e+00 -1.468233415307728995e+00 0.000000000000000000e+00
3.918518344074830573e+00 -1.426223903684325167e+00 0.000000000000000000e+00
3.956049776292948739e+00 -1.362177042523495141e+00 0.000000000000000000e+00
4.010605376052803983e+00 -1.303124545821566338e+00 0.000000000000000000e+00
4.064214643186601528e+00 -1.165394663263086272e+00 0.000000000000000000e+00
4.133196455959271987e+00 -1.107486519778282830e+00 0.000000000000000000e+00
4.191677735252598680e+00 -1.045102505471103393e+00 0.000000000000000000e+00
1.043683527324603011e+00 -2.218417497923425297e-01 0.000000000000000000e+00
1.034635076931160080e+00 -2.011126545021658385e-01 0.000000000000000000e+00
1.034048099044292623e+00 -1.823305479810875263e-01 0.000000000000000000e+00
1.042752254194909245e+00 -1.465492413326272836e-01 0.000000000000000000e+00
1.039195874622231841e+00 -1.275971786867541591e-01 0.000000000000000000e+00
1.038280891303943854e+00 -1.091276888902157211e-01 0.000000000000000000e+00
1.039031055610137866e+00 -9.090340845710476181e-02 0.000000000000000000e+00
1.040459289368800055e+00 -7.275597128489802445e-02 0.000000000000000000e+00
1.039573355795116782e+00 -5.448170143111392277e-02 0.000000000000000000e+00
1.040841459749627829e+00 -1.816792602951155383e-02 0.000000000000000000e+00
1.047000050544738325e+00 2.925284348087586419e-08 0.000000000000000000e+00
1.046840586857719968e+00 1.827269952881885318e-02 0.000000000000000000e+00
1.049360319701456046e+00 3.664449890853078984e-02 0.000000000000000000e+00
5.156408714324571818e+00 3.605713644410946661e-01 0.000000000000000000e+00
5.160288352798441558e+00 4.514668731600410267e-01 0.000000000000000000e+00
5.160574229340727292e+00 5.423983494516978476e-01 0.000000000000000000e+00
5.162267245318089337e+00 7.255094890009575748e-01 0.000000000000000000e+00
5.213018919029667408e+00 8.256612266932180644e-01 0.000000000000000000e+00
3.808598434500574115e+00 2.568932210654849335e+00 0.000000000000000000e+00
3.782025011393670422e+00 2.648202553481400656e+00 0.000000000000000000e+00
3.716623898754619848e+00 2.700285454063374058e+00 0.000000000000000000e+00
4.753067661761303242e+00 4.432307496643729472e+00 0.000000000000000000e+00
3.989356508603226548e+00 4.430629455691875940e+00 0.000000000000000000e+00
3.861563452561980192e+00 4.442220789538595227e+00 0.000000000000000000e+00
3.733310399223927600e+00 4.449186271916644841e+00 0.000000000000000000e+00
3.612928381555761348e+00 4.461595177127255951e+00 0.000000000000000000e+00
3.306973392181068672e+00 4.388502105012684673e+00 0.000000000000000000e+00
3.152879911801806934e+00 4.339567096366836907e+00 0.000000000000000000e+00
2.934990597941527835e+00 4.191601155174996762e+00 0.000000000000000000e+00
2.486499939402692316e+00 4.306744425268712817e+00 0.000000000000000000e+00
2.374597320943185874e+00 4.283887165473138303e+00 0.000000000000000000e+00
2.280223237480612841e+00 4.288476391960956313e+00 0.000000000000000000e+00
2.186872114053919347e+00 4.291978391313858054e+00 0.000000000000000000e+00
1.995180813954045229e+00 4.278679277132916958e+00 0.000000000000000000e+00
1.911255356081198453e+00 4.292750033776095542e+00 0.000000000000000000e+00
1.827449424542772816e+00 4.305201276239059460e+00 0.000000000000000000e+00
1.726936365535925999e+00 4.274317725718619343e+00 0.000000000000000000e+00
1.641325101999696834e+00 4.275798312677195234e+00 0.000000000000000000e+00
1.033584846105480848e+00 2.839751189011760157e+00 0.000000000000000000e+00
1.283219318338900905e+00 4.197221538741462865e+00 0.000000000000000000e+00
1.222451580816281691e+00 4.263195588407164394e+00 0.000000000000000000e+00
1.141650673856370979e+00 4.260698622683967152e+00 0.000000000000000000e+00
8.992179495452327087e-01 4.230488202247956409e+00 0.000000000000000000e+00
8.221958909867703724e-01 4.229831562644630338e+00 0.000000000000000000e+00
2.143151948633409687e-01 1.353133034965899428e+00 0.000000000000000000e+00
1.845435062921717551e-01 1.313095437707267221e+00 0.000000000000000000e+00
1.617205993522057017e-01 1.317108767702710015e+00 0.000000000000000000e+00
1.416360473746409165e-01 1.347577189541748099e+00 0.000000000000000000e+00
1.222794838372833065e-01 1.397661160583800966e+00 0.000000000000000000e+00
7.641047452464960754e-02 1.457999160072487532e+00 0.000000000000000000e+00
5.015055498776601478e-02 1.436124655448509646e+00 0.000000000000000000e+00
2.486965567703639315e-02 1.424782918317003988e+00 0.000000000000000000e+00
-3.383032357666732250e-08 2.144999980926513228e+00 0.000000000000000000e+00
-2.933957820950711670e-01 4.195754242513346277e+00 0.000000000000000000e+00
-3.671000424850943133e-01 4.195971956415720960e+00 0.000000000000000000e+00
-4.405875513360692497e-01 4.191909934137853178e+00 0.000000000000000000e+00
-5.875889106603807699e-01 4.180911898477493338e+00 0.000000000000000000e+00
-6.607792374724802409e-01 4.171995518449883811e+00 0.000000000000000000e+00
-7.364420121815061782e-01 4.176569842715688097e+00 0.000000000000000000e+00
-8.092210423419425869e-01 4.163081045694296378e+00 0.000000000000000000e+00
-8.898621395573393933e-01 4.186471923773281034e+00 0.000000000000000000e+00
-9.650400731336581384e-01 4.180047527235206672e+00 0.000000000000000000e+00
-1.156418143876918325e+00 3.358482008543083097e+00 0.000000000000000000e+00
-1.229562469186362472e+00 3.378194982542583436e+00 0.000000000000000000e+00
-1.179782069248997756e+00 2.218847296818002857e+00 0.000000000000000000e+00
-1.094499967850408373e+00 1.895729501907970960e+00 0.000000000000000000e+00
-1.200267211063465123e+00 1.920829013020642018e+00 0.000000000000000000e+00
-1.185764017029585338e+00 1.517708698085475039e+00 0.000000000000000000e+00
-3.576470387838292186e+00 4.262271343804166612e+00 0.000000000000000000e+00
-2.995330980937960241e+00 2.892557449827475313e+00 0.000000000000000000e+00
-1.276943611904494569e+00 1.190769159765554752e+00 0.000000000000000000e+00
-1.881086306807682851e+00 1.268808712413333373e+00 0.000000000000000000e+00
-2.945271094601573214e+00 1.840409607604781783e+00 0.000000000000000000e+00
-4.477635222862240916e+00 1.629725909038435505e+00 0.000000000000000000e+00
-6.727145164826764834e+00 1.065475088671004045e+00 0.000000000000000000e+00
-6.715998110846434166e+00 9.438719482697499608e-01 0.000000000000000000e+00
-6.716560008794964176e+00 8.246898404358294909e-01 0.000000000000000000e+00
-6.700094000823697549e+00 7.042082262573954310e-01 0.000000000000000000e+00
-6.741249722120384646e+00 5.897828996111484923e-01 0.000000000000000000e+00
-7.382999897003172940e+00 -2.660647504989241048e-08 0.000000000000000000e+00
