-6.952761749827534921e+00 -2.427961524175146213e-01 0.000000000000000000e+00
-6.882709058240885192e+00 -6.021593748067334273e-01 0.000000000000000000e+00
-6.835349094057256991e+00 -7.184244949680705927e-01 0.000000000000000000e+00
-6.893233150086660821e+00 -8.463829646932145012e-01 0.000000000000000000e+00
-6.841761958381025188e+00 -9.615472936413508309e-01 0.000000000000000000e+00
-6.861470873000363291e+00 -1.086750583150271954e+00 0.000000000000000000e+00
-6.669687824344460836e+00 -2.296558060779173349e+00 0.000000000000000000e+00
-6.528527827094566582e+00 -2.506067404853817848e+00 0.000000000000000000e+00
-1.377075279430190813e+00 -5.845338560472915779e-01 0.000000000000000000e+00
-1.450092447804010476e+00 -6.761892997642880987e-01 0.000000000000000000e+00
-4.008396566019780671e+00 -2.703697900728196490e+00 0.000000000000000000e+00
-3.850833806996495579e+00 -2.696383132897995694e+00 0.000000000000000000e+00
-3.680218007824663573e+00 -2.673835161587308829e+00 0.000000000000000000e+00
-3.454098305581807082e+00 -2.602850023631857024e+00 0.000000000000000000e+00
-3.326981375393361251e+00 -2.599322980806239247e+00 0.000000000000000000e+00
-3.186298246581846350e+00 -2.580213693052674451e+00 0.000000000000000000e+00
-3.054219065836610181e+00 -2.562794335608099328e+00 0.000000000000000000e+00
-2.922990014924387481e+00 -2.540916694563310152e+00 0.000000000000000000e+00
-2.729411978488608170e+00 -2.545218083314959578e+00 0.000000000000000000e+00
-2.610483981598111125e+00 -2.520915311557331062e+00 0.000000000000000000e+00
-2.515885873289034791e+00 -2.515886105714753906e+00 0.000000000000000000e+00
-2.320840384353413111e+00 -2.488796838277608447e+00 0.000000000000000000e+00
-2.210807344623130444e+00 -2.455350530894708339e+00 0.000000000000000000e+00
-2.124318969253410572e+00 -2.443749654400504401e+00 0.000000000000000000e+00
-1.980471206460910016e+00 -2.445678488388961291e+00 0.000000000000000000e+00
-1.913475779160266788e+00 -2.449137540348576003e+00 0.000000000000000000e+00
-1.834332139300182352e+00 -2.434241195058017393e+00 0.000000000000000000e+00
-1.761592279741272193e+00 -2.424623994395176840e+00 0.000000000000000000e+00
-1.698359699584332194e+00 -2.425509251170170799e+00 0.000000000000000000e+00
-1.706097501541846473e+00 -2.529393808173896474e+00 0.000000000000000000e+00
3.216304438971111512e+00 -3.449064005123629872e+00 0.000000000000000000e+00
4.952477580233572318e+00 -4.155621829551538582e+00 0.000000000000000000e+00
4.787021332542610530e+00 -3.607279065825858666e+00 0.000000000000000000e+00
4.780481468897860964e+00 -3.473222851876945683e+00 0.000000000000000000e+00
4.825827897976812331e+00 -3.255061789549786422e+00 0.000000000000000000e+00
4.811453139945872870e+00 -3.124593981751147886e+00 0.000000000000000000e+00
4.785535609853577732e+00 -2.990334320366467402e+00 0.000000000000000000e+00
4.775279209419499793e+00 -2.869277012972634378e+00 0.000000000000000000e+00
4.558340224297281473e+00 -1.934900461895032509e+00 0.000000000000000000e+00
4.461608576444227481e+00 -1.802606713853326825e+00 0.000000000000000000e+00
4.513861451058059693e+00 -1.732708910790630163e+00 0.000000000000000000e+00
4.472937139907876336e+00 -1.628015823445175814e+00 0.000000000000000000e+00
4.458553184676188330e+00 -1.448671596685647156e+00 0.000000000000000000e+00
4.412390035236152919e+00 -1.349002866440855763e+00 0.000000000000000000e+00
3.023168041486961055e+00 -8.668793877810602178e-01 0.000000000000000000e+00
4.510359242943990488e+00 -1.041298338660274325e+00 0.000000000000000000e+00
4.466221958089215072e+00 -9.493246450706316342e-01 0.000000000000000000e+00
4.447752928448510445e+00 -8.645554533712928036e-01 0.000000000000000000e+00
1.474923528829697128e+00 -1.810977946056549215e-01 0.000000000000000000e+00
1.442056800064158040e+00 -1.515662352620085196e-01 0.000000000000000000e+00
1.415592673332553897e+00 -1.238482702687548481e-01 0.000000000000000000e+00
1.440482497152084207e+00 -1.007283074600400230e-01 0.000000000000000000e+00
1.473977146916628511e+00 -7.724782708881168525e-02 0.000000000000000000e+00
1.526767381668488133e+00 -2.664978090044231238e-02 0.000000000000000000e+00
1.526999950408934881e+00 4.266388575757672945e-08 0.000000000000000000e+00
1.511769679062182181e+00 2.638807995131417505e-02 0.000000000000000000e+00
1.536063640552366660e+00 5.364056686998523032e-02 0.000000000000000000e+00
2.226943878336566041e+00 1.167092447368413277e-01 0.000000000000000000e+00
2.221575133769573274e+00 1.553477277637850540e-01 0.000000000000000000e+00
4.265825695143687035e+00 6.756405321021512478e-01 0.000000000000000000e+00
4.256339114861713568e+00 7.505075416795673471e-01 0.000000000000000000e+00
4.223641159625746155e+00 8.977627587947939469e-01 0.000000000000000000e+00
4.228766204283750163e+00 9.762877208950865304e-01 0.000000000000000000e+00
4.216905387780586878e+00 1.051392715179195081e+00 0.000000000000000000e+00
4.238482507382729025e+00 1.135698082698026523e+00 0.000000000000000000e+00
4.181488254752044220e+00 1.199022579301183500e+00 0.000000000000000000e+00
2.138498981812470223e+00 1.137060144484867141e+00 0.000000000000000000e+00
2.191910179207550602e+00 1.265500001806162622e+00 0.000000000000000000e+00
1.871966723966968615e+00 1.262657562138966849e+00 0.000000000000000000e+00
4.029914717090173681e+00 3.036758701556308448e+00 0.000000000000000000e+00
3.985981708413212754e+00 3.227784493677108291e+00 0.000000000000000000e+00
4.050526315928712151e+00 3.521068966881637508e+00 0.000000000000000000e+00
4.009266238913807179e+00 3.609959697794841382e+00 0.000000000000000000e+00
1.555634918328400174e+00 1.555634986327366187e+00 0.000000000000000000e+00
1.170309371373159157e+00 1.299760290136023011e+00 0.000000000000000000e+00
1.364538272584018941e+00 1.948762699156563638e+00 0.000000000000000000e+00
1.197978509668688130e+00 1.993771144094319991e+00 0.000000000000000000e+00
1.740499913523849695e+00 3.014634418832996765e+00 0.000000000000000000e+00
1.659988092771478074e+00 2.994697931621270293e+00 0.000000000000000000e+00
6.291771766421289103e-01 7.191529399066313388e+00 0.000000000000000000e+00
4.694609601126881193e-01 6.713606084933728901e+00 0.000000000000000000e+00
3.521162134955045375e-01 6.718779679332249621e+00 0.000000000000000000e+00
2.309298671889938315e-01 6.612969209024043948e+00 0.000000000000000000e+00
1.175069419953704425e-01 6.731974335023110712e+00 0.000000000000000000e+00
-6.289159551651942737e-01 7.188541011739904896e+00 0.000000000000000000e+00
-7.504099342443085741e-01 7.139672576983516095e+00 0.000000000000000000e+00
-5.336659419871339072e-01 4.346359775652474333e+00 0.000000000000000000e+00
-5.367907221729879552e-01 3.819464044689119042e+00 0.000000000000000000e+00
-1.237304154030764325e+00 3.808030452514126640e+00 0.000000000000000000e+00
-1.111299074270758025e+00 2.895032954080468457e+00 0.000000000000000000e+00
-1.194074362046783300e+00 2.813062811763971549e+00 0.000000000000000000e+00
-1.239733362541304063e+00 2.784486628229537963e+00 0.000000000000000000e+00
-1.287295261083088116e+00 2.760613506819119767e+00 0.000000000000000000e+00
-1.832759772445178736e+00 3.596993475682213948e+00 0.000000000000000000e+00
-1.908401972608404273e+00 3.589181992619862260e+00 0.000000000000000000e+00
-1.978023255906426803e+00 3.568448314959143275e+00 0.000000000000000000e+00
-2.116291596687760457e+00 3.522100590648234775e+00 0.000000000000000000e+00
-2.188566662014133968e+00 3.502438709128584460e+00 0.000000000000000000e+00
-2.331834488768735447e+00 3.457086714746993028e+00 0.000000000000000000e+00
-2.504234861240284715e+00 3.576417941461255356e+00 0.000000000000000000e+00
-2.491621629932893267e+00 3.429422885453095926e+00 0.000000000000000000e+00
-2.478274319124031067e+00 3.288781028057826461e+00 0.000000000000000000e+00
-2.458336323224419750e+00 3.146526937057558371e+00 0.000000000000000000e+00
-2.412185055358569752e+00 2.978800401952852006e+00 0.000000000000000000e+00
-2.302767212595699942e+00 2.649030595830537571e+00 0.000000000000000000e+00
-2.160622813413591192e+00 2.399614687695569515e+00 0.000000000000000000e+00
-2.434052176958206637e+00 2.610201341025051747e+00 0.000000000000000000e+00
-2.404212620764897501e+00 2.489635000659087272e+00 0.000000000000000000e+00
-2.371636231813012419e+00 2.371636185861467183e+00 0.000000000000000000e+00
-2.348644545233153913e+00 2.268059629985689885e+00 0.000000000000000000e+00
-2.326436141096047017e+00 2.169436757547562156e+00 0.000000000000000000e+00
-2.309694166653561975e+00 2.079657929926018056e+00 0.000000000000000000e+00
-2.337201704218373699e+00 1.961145052104638964e+00 0.000000000000000000e+00
-2.322889359230384532e+00 1.881038679843095807e+00 0.000000000000000000e+00
-2.309659530086037194e+00 1.804503760467157436e+00 0.000000000000000000e+00
-2.298473029578175897e+00 1.732023629477210447e+00 0.000000000000000000e+00
-2.289518046448827615e+00 1.663432199748886564e+00 0.000000000000000000e+00
-2.279700146312656273e+00 1.596263198985945042e+00 0.000000000000000000e+00
-2.241717605425986637e+00 1.512057590468464108e+00 0.000000000000000000e+00
-2.259378526677807919e+00 1.467257545224286863e+00 0.000000000000000000e+00
-2.249871708920710756e+00 1.405875851824092582e+00 0.000000000000000000e+00
-2.268120506201997344e+00 1.309499961645959498e+00 0.000000000000000000e+00
-2.319491429634765733e+00 1.285715071397961706e+00 0.000000000000000000e+00
-2.396319764645598482e+00 1.274145797425570992e+00 0.000000000000000000e+00
-2.495709388842703103e+00 1.271627425353176966e+00 0.000000000000000000e+00
-2.591223151904648692e+00 1.263823952595316324e+00 0.000000000000000000e+00
-2.712579243092717807e+00 1.264896451343255235e+00 0.000000000000000000e+00
-2.844359926265886518e+00 1.207359134399981215e+00 0.000000000000000000e+00
-2.949371843910228108e+00 1.191623552111120476e+00 0.000000000000000000e+00
-3.119092287429190868e+00 1.197307328043093699e+00 0.000000000000000000e+00
-3.263552526082378336e+00 1.187835954145548545e+00 0.000000000000000000e+00
-3.392520712367172120e+00 1.168138536501936997e+00 0.000000000000000000e+00
-3.541734451862843081e+00 1.150779258596807519e+00 0.000000000000000000e+00
-3.792704745601480631e+00 1.159546181966794043e+00 0.000000000000000000e+00
-3.995069374633529069e+00 1.070475588524792965e+00 0.000000000000000000e+00
-1.478854047717454323e+00 1.554338171537067437e-01 0.000000000000000000e+00
-6.973970452436215162e+00 4.876674912818259044e-01 0.000000000000000000e+00
-6.944469782333015928e+00 3.639442116709958319e-01 0.000000000000000000e+00
-2.651596038144290901e+00 4.628377109201304435e-02 0.000000000000000000e+00
-6.873000144958495206e+00 -2.476856419149785222e-08 0.000000000000000000e+00
