-1.664746372779117412e+00 -2.905834285287335270e-02 0.000000000000000000e+00
-3.110104236598160377e+00 -1.086073950804046784e-01 0.000000000000000000e+00
-7.065160092539386483e+00 -1.501746510960284331e+00 0.000000000000000000e+00
-6.961874013109513371e+00 -1.607275630696346935e+00 0.000000000000000000e+00
-6.980307141359515910e+00 -1.740386412337125988e+00 0.000000000000000000e+00
-2.693001270607878528e+00 -7.215876607075686344e-01 0.000000000000000000e+00
-6.618629915914520545e+00 -2.278977410191103559e+00 0.000000000000000000e+00
-6.483879056052845868e+00 -2.359939342981050459e+00 0.000000000000000000e+00
-6.380879131732586806e+00 -2.578042879041317015e+00 0.000000000000000000e+00
-6.242256143079062625e+00 -2.779231862675560105e+00 0.000000000000000000e+00
-6.076664497361927708e+00 -3.096215581635475722e+00 0.000000000000000000e+00
-5.903682864951468545e+00 -3.272465222134286478e+00 0.000000000000000000e+00
-5.847403238025355776e+00 -3.376000209480305880e+00 0.000000000000000000e+00
-5.808165481366792449e+00 -3.489898286661075932e+00 0.000000000000000000e+00
-1.421328565763562590e+00 -8.881447545010764388e-01 0.000000000000000000e+00
-1.426578570983492611e+00 -9.264310532664024045e-01 0.000000000000000000e+00
-1.404389607487182001e+00 -9.472728486388122260e-01 0.000000000000000000e+00
-1.387643521517565315e+00 -9.716385524343000846e-01 0.000000000000000000e+00
-1.368856732793964914e+00 -9.945327302725389673e-01 0.000000000000000000e+00
-1.351291259997126293e+00 -1.018271101993029282e+00 0.000000000000000000e+00
-1.315708030798794503e+00 -1.065439458082197755e+00 0.000000000000000000e+00
-1.296913159783288805e+00 -1.088239457623116468e+00 0.000000000000000000e+00
-1.278477981279125597e+00 -1.111364058610293526e+00 0.000000000000000000e+00
-1.259630465314208303e+00 -1.134176471570844225e+00 0.000000000000000000e+00
-1.239644508896014186e+00 -1.155987313674565753e+00 0.000000000000000000e+00
-1.224316301182148514e+00 -1.182308618476890505e+00 0.000000000000000000e+00
-1.204202756996078039e+00 -1.204202868244245161e+00 0.000000000000000000e+00
-1.191339071705576957e+00 -1.233667836460162315e+00 0.000000000000000000e+00
-1.151573685631352539e+00 -1.278952264771544556e+00 0.000000000000000000e+00
-1.132357792662539886e+00 -1.302628750450469663e+00 0.000000000000000000e+00
-1.111379699085705441e+00 -1.324490871551706750e+00 0.000000000000000000e+00
-1.096905399334442643e+00 -1.354565484314149248e+00 0.000000000000000000e+00
-1.075560522189774604e+00 -1.376654818681800840e+00 0.000000000000000000e+00
-1.060397986079655075e+00 -1.407195788357300970e+00 0.000000000000000000e+00
-1.041555376241216635e+00 -1.433578124613861471e+00 0.000000000000000000e+00
-9.976000955386290503e-01 -1.479003106451243443e+00 0.000000000000000000e+00
-9.939661966563413387e-01 -1.530573870791636093e+00 0.000000000000000000e+00
1.215000109247206472e+00 -2.104441745206857117e+00 0.000000000000000000e+00
1.270216588520990841e+00 -2.032771304120423395e+00 0.000000000000000000e+00
1.325106892712379913e+00 -2.040485518159694589e+00 0.000000000000000000e+00
1.380647407884742384e+00 -2.046893801417404291e+00 0.000000000000000000e+00
1.429352610676638324e+00 -2.041326928173944122e+00 0.000000000000000000e+00
1.857303243734619080e+00 -2.136582825070220792e+00 0.000000000000000000e+00
1.896985367088767527e+00 -2.106815543265340374e+00 0.000000000000000000e+00
1.975749372492504374e+00 -2.118731660237186620e+00 0.000000000000000000e+00
2.046463700658505580e+00 -2.119175053238455231e+00 0.000000000000000000e+00
2.121320415734722520e+00 -2.121320271384560474e+00 0.000000000000000000e+00
2.270122028236387202e+00 -2.116922895448791753e+00 0.000000000000000000e+00
2.336447441713024986e+00 -2.103746583580849094e+00 0.000000000000000000e+00
2.146394184920151549e+00 -1.865831872902249833e+00 0.000000000000000000e+00
2.182460661982236871e+00 -1.831301812504751325e+00 0.000000000000000000e+00
2.233517609624567246e+00 -1.808666775309283992e+00 0.000000000000000000e+00
2.278139173101692894e+00 -1.779877269774650328e+00 0.000000000000000000e+00
2.316043112793549685e+00 -1.745263548239256446e+00 0.000000000000000000e+00
2.369610752765240136e+00 -1.721622867927366407e+00 0.000000000000000000e+00
2.439028519246018600e+00 -1.645145393591086913e+00 0.000000000000000000e+00
2.475755487087317963e+00 -1.607774298167110372e+00 0.000000000000000000e+00
2.513614596364666554e+00 -1.570680611007583716e+00 0.000000000000000000e+00
5.811594590800813975e+00 -3.491958069217896199e+00 0.000000000000000000e+00
6.167547198523800844e+00 -3.142522013190863994e+00 0.000000000000000000e+00
6.211565546979661789e+00 -3.029582701412408152e+00 0.000000000000000000e+00
6.348686244630449949e+00 -2.960440773019681338e+00 0.000000000000000000e+00
6.556117209488340869e+00 -2.648843056521938077e+00 0.000000000000000000e+00
6.823732858190238559e+00 -1.203208005952811632e+00 0.000000000000000000e+00
6.761714603093778031e+00 -1.070950180951923736e+00 0.000000000000000000e+00
3.173110757985658559e+00 6.744655997961404026e-01 0.000000000000000000e+00
3.241758078164495682e+00 8.082611570162174797e-01 0.000000000000000000e+00
4.472734759670661475e+00 1.807102274002129416e+00 0.000000000000000000e+00
4.239611472745548504e+00 2.067796806298922707e+00 0.000000000000000000e+00
4.199313536779780698e+00 2.139657245874512892e+00 0.000000000000000000e+00
4.106589221855186267e+00 2.183512348453448659e+00 0.000000000000000000e+00
4.043472683354432995e+00 2.334500170959641352e+00 0.000000000000000000e+00
3.986685078296393847e+00 2.395442192872696996e+00 0.000000000000000000e+00
3.938335345730085812e+00 2.460945184396800212e+00 0.000000000000000000e+00
3.516144044327814910e+00 2.950395305767499643e+00 0.000000000000000000e+00
3.478456542990155054e+00 3.023776277666473611e+00 0.000000000000000000e+00
3.411777884912820191e+00 3.071978743347253182e+00 0.000000000000000000e+00
3.346368644437887507e+00 3.231550778516048439e+00 0.000000000000000000e+00
2.822544728235079070e+00 3.884899702276572331e+00 0.000000000000000000e+00
2.773815545277726446e+00 3.961419314931691193e+00 0.000000000000000000e+00
2.716558932103596558e+00 4.027464418353199349e+00 0.000000000000000000e+00
2.660016868565322490e+00 4.096066960499752163e+00 0.000000000000000000e+00
2.499499950400330128e+00 4.329261105846616609e+00 0.000000000000000000e+00
2.369422857992375508e+00 4.456236486871322455e+00 0.000000000000000000e+00
2.298553904352318877e+00 4.511166256751223180e+00 0.000000000000000000e+00
2.259803264309933279e+00 4.633283540831306446e+00 0.000000000000000000e+00
5.843260627593750423e-01 3.313878108283768942e+00 0.000000000000000000e+00
5.371958977148566516e-01 3.391721785800788869e+00 0.000000000000000000e+00
2.390681600722175948e-01 2.732562091199231880e+00 0.000000000000000000e+00
1.861102273361143478e-01 2.661500872004814777e+00 0.000000000000000000e+00
1.386902462238213118e-01 2.646368364579990473e+00 0.000000000000000000e+00
4.644081144077896739e-02 2.660594730899294991e+00 0.000000000000000000e+00
-1.204771111764582070e+00 4.832072718640466391e+00 0.000000000000000000e+00
-3.148843462761313217e-01 1.029940238905727501e+00 0.000000000000000000e+00
-3.189055344881911447e-01 9.814902688641026218e-01 0.000000000000000000e+00
-3.337073633521321914e-01 9.691565130404686812e-01 0.000000000000000000e+00
-3.658936987240679617e-01 9.531856365413338139e-01 0.000000000000000000e+00
-3.749812293920454231e-01 9.281110769499388846e-01 0.000000000000000000e+00
-3.934662462016639828e-01 9.269483543529111191e-01 0.000000000000000000e+00
-4.079568730169468305e-01 9.162861080720311469e-01 0.000000000000000000e+00
-4.226182729714141328e-01 9.063077817996815222e-01 0.000000000000000000e+00
-4.357409385925076206e-01 8.934012925381038528e-01 0.000000000000000000e+00
-4.508125637606946734e-01 8.847694471378382275e-01 0.000000000000000000e+00
-4.657157931707671117e-01 8.758839922191729022e-01 0.000000000000000000e+00
-5.055000288543717302e-01 8.755517095141096551e-01 0.000000000000000000e+00
-5.083425838394837193e-01 8.460241100966096051e-01 0.000000000000000000e+00
-5.262098236080182678e-01 8.421117287934569706e-01 0.000000000000000000e+00
-3.857634261705860101e+00 5.119253455996913615e+00 0.000000000000000000e+00
-4.105056815199206177e+00 5.069322879681377181e+00 0.000000000000000000e+00
-4.007442136000017641e+00 3.869941812443554952e+00 0.000000000000000000e+00
-4.790141835889455635e+00 4.164006693272978232e+00 0.000000000000000000e+00
-5.022694245664804491e+00 4.067297529939649436e+00 0.000000000000000000e+00
-4.461880214871150052e+00 3.009576152824541495e+00 0.000000000000000000e+00
-2.564962742071537516e+00 1.363814857507948730e+00 0.000000000000000000e+00
-3.945705756951426224e+00 1.924449247785952499e+00 0.000000000000000000e+00
-3.992286005048545139e+00 1.861633503755539820e+00 0.000000000000000000e+00
-4.067104518767411747e+00 1.810791564528094311e+00 0.000000000000000000e+00
-4.115577390597602303e+00 1.746958923862845348e+00 0.000000000000000000e+00
-4.223322309614555792e+00 1.706332940922391961e+00 0.000000000000000000e+00
-4.312249658180654421e+00 1.569530487498437710e+00 0.000000000000000000e+00
-2.076325349166025180e+00 5.953767002488146165e-01 0.000000000000000000e+00
-4.792923854106970971e+00 1.284260047161339457e+00 0.000000000000000000e+00
-4.862152042789078976e+00 1.212270629962119095e+00 0.000000000000000000e+00
-5.154524274236893966e+00 1.001937994651150188e+00 0.000000000000000000e+00
-5.347505934475653255e+00 9.429095484218742440e-01 0.000000000000000000e+00
-5.543520701574068177e+00 7.790910001028809040e-01 0.000000000000000000e+00
-5.736916967936454448e+00 7.044048043471512477e-01 0.000000000000000000e+00
-5.807013573584169919e+00 6.103416949080998632e-01 0.000000000000000000e+00
-5.934508418748053238e+00 4.149812294588594019e-01 0.000000000000000000e+00
