-6.715409829454594082e+00 -2.181969291911638908e+00 0.000000000000000000e+00
-6.389224040426173090e+00 -2.712065071014655437e+00 0.000000000000000000e+00
-6.136965663896401857e+00 -2.993198519617383813e+00 0.000000000000000000e+00
-6.042893048470593165e+00 -3.213063604254520200e+00 0.000000000000000000e+00
-1.513812385970717100e+00 -8.740000858700590625e-01 0.000000000000000000e+00
-1.500042732889408814e+00 -9.013167032212782148e-01 0.000000000000000000e+00
-1.483236036107549172e+00 -9.268288395007364677e-01 0.000000000000000000e+00
-1.467673448332073027e+00 -9.531183814516648312e-01 0.000000000000000000e+00
-1.449986629026568163e+00 -9.780284311728804081e-01 0.000000000000000000e+00
-1.416588746162613877e+00 -1.029212071389585592e+00 0.000000000000000000e+00
-1.399209343194691035e+00 -1.054379971211262479e+00 0.000000000000000000e+00
-1.382170770341941468e+00 -1.079870261168411893e+00 0.000000000000000000e+00
-1.340576751016662627e+00 -1.085577752576027954e+00 0.000000000000000000e+00
-1.344407941150019381e+00 -1.128092314944030727e+00 0.000000000000000000e+00
-1.331307689334664923e+00 -1.157288227520154811e+00 0.000000000000000000e+00
-1.313136821757991513e+00 -1.182353815823060428e+00 0.000000000000000000e+00
-1.293764681168466213e+00 -1.206455195484127607e+00 0.000000000000000000e+00
-1.255821601563255063e+00 -1.255821717580138719e+00 0.000000000000000000e+00
-1.235102521783132845e+00 -1.278986219828481374e+00 0.000000000000000000e+00
-1.217366989998794446e+00 -1.305466388881640460e+00 0.000000000000000000e+00
-1.198412860791972623e+00 -1.330972443679039108e+00 0.000000000000000000e+00
-1.180906158883973323e+00 -1.358477262322975054e+00 0.000000000000000000e+00
-1.160231538833730980e+00 -1.382710232457791566e+00 0.000000000000000000e+00
-1.144104381005639937e+00 -1.412851377979521095e+00 0.000000000000000000e+00
-1.098914151568982644e+00 -1.458308471115812965e+00 0.000000000000000000e+00
-1.081524816888461915e+00 -1.488591345295152468e+00 0.000000000000000000e+00
-1.062263491003290206e+00 -1.517069632092305609e+00 0.000000000000000000e+00
-1.056315357177341596e+00 -1.566052070006991759e+00 0.000000000000000000e+00
-1.029367697741154997e+00 -1.585087407297698592e+00 0.000000000000000000e+00
1.263903509414407544e+00 -2.103488507258218565e+00 0.000000000000000000e+00
1.294592878093034249e+00 -2.071781518906451236e+00 0.000000000000000000e+00
1.356695876410669133e+00 -2.089128283603170821e+00 0.000000000000000000e+00
1.405251846803741822e+00 -2.083371379416708358e+00 0.000000000000000000e+00
1.441971198828993606e+00 -2.059348138334777367e+00 0.000000000000000000e+00
1.892730367639423594e+00 -2.177337066324028125e+00 0.000000000000000000e+00
1.933118354847985332e+00 -2.146945288890401482e+00 0.000000000000000000e+00
2.016669236576858815e+00 -2.162612839082634242e+00 0.000000000000000000e+00
2.143947879358332198e+00 -2.143947733468432038e+00 0.000000000000000000e+00
2.224918028610375575e+00 -2.148578219382140997e+00 0.000000000000000000e+00
2.034626109373430136e+00 -1.897319413246101316e+00 0.000000000000000000e+00
2.078576088750724082e+00 -1.871558190162477819e+00 0.000000000000000000e+00
2.110168050600844669e+00 -1.834340976905662224e+00 0.000000000000000000e+00
2.164075648894143278e+00 -1.815874955848114203e+00 0.000000000000000000e+00
2.206317433539053408e+00 -1.786640508510922043e+00 0.000000000000000000e+00
2.275312606326925113e+00 -1.714570912232243005e+00 0.000000000000000000e+00
2.310552547802041445e+00 -1.678714573354203710e+00 0.000000000000000000e+00
2.360796220650140942e+00 -1.653047194928412233e+00 0.000000000000000000e+00
2.402550939572448474e+00 -1.620540957154289030e+00 0.000000000000000000e+00
5.610706265602384946e+00 -3.643634993621051699e+00 0.000000000000000000e+00
5.767021851065769589e+00 -3.465176067178162178e+00 0.000000000000000000e+00
5.915819513691324083e+00 -3.415499736332822778e+00 0.000000000000000000e+00
5.981524479611456613e+00 -3.315612911405258600e+00 0.000000000000000000e+00
6.073796758773853277e+00 -3.229494775465027612e+00 0.000000000000000000e+00
6.173784217102149086e+00 -3.145699932637322505e+00 0.000000000000000000e+00
6.353217887350511184e+00 -2.962553912551276980e+00 0.000000000000000000e+00
6.484956848270731378e+00 -2.752700628664189964e+00 0.000000000000000000e+00
6.551481184049831263e+00 -2.646969980827854840e+00 0.000000000000000000e+00
3.125171756085773023e+00 -1.015429752720213852e+00 0.000000000000000000e+00
6.689799318655272664e+00 -1.179591913356125676e+00 0.000000000000000000e+00
6.079776421082717874e+00 -5.319113383083795554e-01 0.000000000000000000e+00
2.459452689552456217e+00 2.584989615657970474e-01 0.000000000000000000e+00
3.141369047577685869e+00 7.252422763034832576e-01 0.000000000000000000e+00
3.182569933756583591e+00 7.935038935414955308e-01 0.000000000000000000e+00
4.408366845406858303e+00 1.692213612151144408e+00 0.000000000000000000e+00
4.214331247888583931e+00 1.965175060900927972e+00 0.000000000000000000e+00
4.139616178573138683e+00 2.109239920774192534e+00 0.000000000000000000e+00
4.067739396909407112e+00 2.162855528907703828e+00 0.000000000000000000e+00
4.015379092081255763e+00 2.225761101833317657e+00 0.000000000000000000e+00
3.961200039875658163e+00 2.287000035480263094e+00 0.000000000000000000e+00
3.916397141562934614e+00 2.353208937424979830e+00 0.000000000000000000e+00
3.785686836251395793e+00 2.365559804196960325e+00 0.000000000000000000e+00
3.490864584027285833e+00 2.929183318982335305e+00 0.000000000000000000e+00
3.431664342640162069e+00 2.983100436629086971e+00 0.000000000000000000e+00
3.337898320175675337e+00 3.112640677634884057e+00 0.000000000000000000e+00
3.280908666371867177e+00 3.168336809716616909e+00 0.000000000000000000e+00
2.750872510375714342e+00 3.928653263937885054e+00 0.000000000000000000e+00
2.703138475610846303e+00 4.007567772503239922e+00 0.000000000000000000e+00
2.641499185582052434e+00 4.067552227999694736e+00 0.000000000000000000e+00
1.795896296379983825e+00 2.874034982207483768e+00 0.000000000000000000e+00
2.414836606765375038e+00 4.356480762105772619e+00 0.000000000000000000e+00
2.347827165107664094e+00 4.415620893809280467e+00 0.000000000000000000e+00
5.838051146336815656e-01 3.310923664353722540e+00 0.000000000000000000e+00
5.306256422350238422e-01 3.350238820752060143e+00 0.000000000000000000e+00
2.351461457364492635e-01 2.687733253716971138e+00 0.000000000000000000e+00
1.395799551090333990e-01 2.663345026685782990e+00 0.000000000000000000e+00
9.265812018079640222e-02 2.653382618629331002e+00 0.000000000000000000e+00
4.630119411405744789e-02 2.652596052316961828e+00 0.000000000000000000e+00
-4.188966750523108170e-08 2.655999898910522017e+00 0.000000000000000000e+00
-1.131226875402749910e+00 4.537102915109273660e+00 0.000000000000000000e+00
-3.820202416174316995e-01 9.951967154602255894e-01 0.000000000000000000e+00
-3.948353694688831461e-01 9.772517962294188232e-01 0.000000000000000000e+00
-4.110491773186010778e-01 9.683711427645806946e-01 0.000000000000000000e+00
-4.258532978405375480e-01 9.564821349920885618e-01 0.000000000000000000e+00
-4.500884848969676222e-01 9.652178394760080327e-01 0.000000000000000000e+00
-4.550292563669405821e-01 9.329482033384204342e-01 0.000000000000000000e+00
-4.854336252201985058e-01 9.129678397214850971e-01 0.000000000000000000e+00
-5.003235124369751485e-01 9.026074842947263699e-01 0.000000000000000000e+00
-5.159999832910721063e-01 8.937381635835744964e-01 0.000000000000000000e+00
-5.227636487413700461e-01 8.700247918968899707e-01 0.000000000000000000e+00
-5.463467810335499442e-01 8.743375962506306776e-01 0.000000000000000000e+00
-5.620674643182410612e-01 8.655079741729647669e-01 0.000000000000000000e+00
-5.770870555452947137e-01 8.555667233618829970e-01 0.000000000000000000e+00
-6.060066148595261160e-01 8.340965292515912788e-01 0.000000000000000000e+00
-4.131704196010317354e+00 5.288340096463439721e+00 0.000000000000000000e+00
-3.934342260348340226e+00 3.934342184118645225e+00 0.000000000000000000e+00
-4.795513649912646059e+00 4.317899804266675190e+00 0.000000000000000000e+00
-4.833160043348152968e+00 4.201401849810626032e+00 0.000000000000000000e+00
-5.173290677849341712e+00 4.041817575519920602e+00 0.000000000000000000e+00
-4.049197646446656584e+00 2.152996540897180733e+00 0.000000000000000000e+00
-3.988848173042775169e+00 1.945491209682982836e+00 0.000000000000000000e+00
-4.038507377352693162e+00 1.883186883238409104e+00 0.000000000000000000e+00
-4.110041092679345809e+00 1.829908158530215267e+00 0.000000000000000000e+00
-4.236163565369420958e+00 1.798144717281134897e+00 0.000000000000000000e+00
-4.337366058432546190e+00 1.752409605464761988e+00 0.000000000000000000e+00
-4.434409358622207087e+00 1.613992981413408856e+00 0.000000000000000000e+00
-4.611673034793736470e+00 1.498423370809039090e+00 0.000000000000000000e+00
-4.864402251134070987e+00 1.303412625489572596e+00 0.000000000000000000e+00
-4.985379459542397917e+00 1.242994674957317969e+00 0.000000000000000000e+00
-5.299805333441378608e+00 1.030177771083609972e+00 0.000000000000000000e+00
-5.591303478081841583e+00 8.855754444313610474e-01 0.000000000000000000e+00
-5.758408880187634082e+00 8.092915630661963178e-01 0.000000000000000000e+00
-5.814335162677579660e+00 7.139105630367610367e-01 0.000000000000000000e+00
-5.948235405844599200e+00 6.251847069602756157e-01 0.000000000000000000e+00
-1.704740363261712632e+00 2.975634735060902689e-02 0.000000000000000000e+00
