-7.198272673541986855e+00 -1.140094765457442483e+00 0.000000000000000000e+00
-6.713348462254617566e+00 -1.304943103285324035e+00 0.000000000000000000e+00
-6.666075883199477303e+00 -1.416918522477982112e+00 0.000000000000000000e+00
-6.487355808244191557e+00 -1.497724445833529039e+00 0.000000000000000000e+00
-6.536882214701920546e+00 -1.629828137232893104e+00 0.000000000000000000e+00
-6.502935151236489020e+00 -1.864687001178213510e+00 0.000000000000000000e+00
-6.928353704265462376e+00 -2.521714909768560720e+00 0.000000000000000000e+00
-6.868350949876376177e+00 -2.636513299238269159e+00 0.000000000000000000e+00
-6.580223797970731425e+00 -2.658583363614102524e+00 0.000000000000000000e+00
-3.748295709612522675e+00 -1.591057349930735665e+00 0.000000000000000000e+00
-3.636824338694991887e+00 -1.619218732679146067e+00 0.000000000000000000e+00
-3.354993227408067824e+00 -2.437545503896237697e+00 0.000000000000000000e+00
-2.577995275189140401e+00 -1.942658971837982307e+00 0.000000000000000000e+00
-2.501146059374022013e+00 -1.954109655848371263e+00 0.000000000000000000e+00
-2.456558301039645009e+00 -1.989281879976043443e+00 0.000000000000000000e+00
-2.419168250387598640e+00 -2.029923379866676036e+00 0.000000000000000000e+00
-2.962713803381802347e+00 -2.762775574916997545e+00 0.000000000000000000e+00
-2.970873324811695859e+00 -2.868939287124127713e+00 0.000000000000000000e+00
-2.939442799470603607e+00 -2.939443071025888976e+00 0.000000000000000000e+00
-2.937015564172255289e+00 -3.041368929094989237e+00 0.000000000000000000e+00
-2.859618873653662963e+00 -3.066566085030881794e+00 0.000000000000000000e+00
-2.899342892441265196e+00 -3.220046797616820999e+00 0.000000000000000000e+00
-2.776842433562240142e+00 -3.309312252163954415e+00 0.000000000000000000e+00
-2.834459000077593327e+00 -3.500265684295411184e+00 0.000000000000000000e+00
-2.675048826203635155e+00 -3.423906680123165902e+00 0.000000000000000000e+00
-2.527021059772300404e+00 -3.353470526239441085e+00 0.000000000000000000e+00
-2.401690372016294983e+00 -3.305643519256254770e+00 0.000000000000000000e+00
-2.316675097759675062e+00 -3.308555238885444449e+00 0.000000000000000000e+00
3.738050651390662171e+00 -5.982131052424075612e+00 0.000000000000000000e+00
8.566835428215954229e-01 -1.270085485666744729e+00 0.000000000000000000e+00
2.123743027271896899e+00 -2.277435413993029290e+00 0.000000000000000000e+00
3.541828192352704185e+00 -3.189076213000267224e+00 0.000000000000000000e+00
3.495060199408472901e+00 -3.038209273759758133e+00 0.000000000000000000e+00
3.359871141347116286e+00 -2.819266444574963337e+00 0.000000000000000000e+00
3.360077892116485110e+00 -2.625180382069436380e+00 0.000000000000000000e+00
3.303156676460582197e+00 -2.489106921069505596e+00 0.000000000000000000e+00
3.270046621071560189e+00 -2.375827774859511354e+00 0.000000000000000000e+00
3.208618676193218278e+00 -2.246698828082435817e+00 0.000000000000000000e+00
3.070755232972512960e+00 -2.071250412410979180e+00 0.000000000000000000e+00
2.970084680702520519e+00 -1.784606789925876180e+00 0.000000000000000000e+00
2.895989091297970663e+00 -1.671999957885641486e+00 0.000000000000000000e+00
2.817485802867228717e+00 -1.498083660300723485e+00 0.000000000000000000e+00
2.799542508372463878e+00 -1.426438043559641100e+00 0.000000000000000000e+00
2.751208715645466540e+00 -1.341854041441679080e+00 0.000000000000000000e+00
2.756081920368520954e+00 -1.285182000881237574e+00 0.000000000000000000e+00
2.735155099823545655e+00 -1.217769407007241567e+00 0.000000000000000000e+00
2.700761289670288168e+00 -1.146405053092952153e+00 0.000000000000000000e+00
2.747245850217097995e+00 -1.109959273512468148e+00 0.000000000000000000e+00
2.863243382945940496e+00 -1.042135265488370210e+00 0.000000000000000000e+00
2.935835226110893093e+00 -1.010889036231351623e+00 0.000000000000000000e+00
3.017702448499658630e+00 -9.805108615537774241e-01 0.000000000000000000e+00
3.129029261574262311e+00 -9.566401449855237438e-01 0.000000000000000000e+00
3.263483467545909456e+00 -9.357887195011258541e-01 0.000000000000000000e+00
3.366251430318120352e+00 -9.019842441523706622e-01 0.000000000000000000e+00
3.446490489784191258e+00 -8.593064814269957274e-01 0.000000000000000000e+00
3.557522928312358612e+00 -7.561747317850838757e-01 0.000000000000000000e+00
3.643800020951185381e+00 -7.082828632314951411e-01 0.000000000000000000e+00
3.775753053495797040e+00 -6.657670217869280371e-01 0.000000000000000000e+00
3.785809372351655711e+00 -5.996131854654771498e-01 0.000000000000000000e+00
3.801639118183028021e+00 -5.342854223991193585e-01 0.000000000000000000e+00
3.857034277553508694e+00 -4.735841470625889449e-01 0.000000000000000000e+00
3.874657225012180906e+00 -4.072427719211264008e-01 0.000000000000000000e+00
3.899477800318150056e+00 -2.726779392187069218e-01 0.000000000000000000e+00
3.890660581756181013e+00 -2.039007704491611339e-01 0.000000000000000000e+00
3.979574389575403437e+00 -1.389696875326260905e-01 0.000000000000000000e+00
4.023387295102089922e+00 -7.022837347685455256e-02 0.000000000000000000e+00
4.073999881744382989e+00 1.138262417654800497e-07 0.000000000000000000e+00
4.093376324675444877e+00 7.145026337170590214e-02 0.000000000000000000e+00
4.127484225971958409e+00 1.441350395797681150e-01 0.000000000000000000e+00
4.174805485257712334e+00 2.919309530126566465e-01 0.000000000000000000e+00
4.208922494393706693e+00 3.682331195477493435e-01 0.000000000000000000e+00
4.267493330837078602e+00 4.485317400885182049e-01 0.000000000000000000e+00
4.292761902307811184e+00 5.270850028582545477e-01 0.000000000000000000e+00
4.296773356927626075e+00 6.038722317921001448e-01 0.000000000000000000e+00
1.045961963334156364e+00 1.656641288157219283e-01 0.000000000000000000e+00
1.033653392643234081e+00 2.009218943790492262e-01 0.000000000000000000e+00
1.024120581679669906e+00 2.176835777471063382e-01 0.000000000000000000e+00
1.013344824082101914e+00 2.339491144678956525e-01 0.000000000000000000e+00
1.008137286366157515e+00 2.513568840926177494e-01 0.000000000000000000e+00
1.001665017794112433e+00 2.683953604227380385e-01 0.000000000000000000e+00
9.958671224655858412e-01 2.855603299765195335e-01 0.000000000000000000e+00
9.907317321790801712e-01 3.028971153999724941e-01 0.000000000000000000e+00
9.843434544628708593e-01 3.198326039702629742e-01 0.000000000000000000e+00
9.795572483876162639e-01 3.372886372166523095e-01 0.000000000000000000e+00
9.653221882006578491e-01 3.705524980723149397e-01 0.000000000000000000e+00
9.633440470103278308e-01 3.892162874703891107e-01 0.000000000000000000e+00
9.610070840892932509e-01 4.079233335562282847e-01 0.000000000000000000e+00
4.720051066781009830e+00 2.200996100452255799e+00 0.000000000000000000e+00
4.642271159547317616e+00 2.264187069828146992e+00 0.000000000000000000e+00
4.602939548422393834e+00 2.345314983233369954e+00 0.000000000000000000e+00
4.534028514790717779e+00 2.513253187656945276e+00 0.000000000000000000e+00
2.661157505543976232e+00 2.853742164891267752e+00 0.000000000000000000e+00
2.557577318250115805e+00 3.652599108544106077e+00 0.000000000000000000e+00
2.579556738884942746e+00 3.824350305162506292e+00 0.000000000000000000e+00
2.526035771930033480e+00 3.889754154838739542e+00 0.000000000000000000e+00
3.451999784174617503e+00 5.979039287688122428e+00 0.000000000000000000e+00
2.694191307943932134e+00 5.777712193956995534e+00 0.000000000000000000e+00
2.539663473824431250e+00 5.704177847482026387e+00 0.000000000000000000e+00
2.226661400781359657e+00 5.511180657533742533e+00 0.000000000000000000e+00
2.012104365820313934e+00 5.528211628473188810e+00 0.000000000000000000e+00
1.883086078997360469e+00 5.468879400058989759e+00 0.000000000000000000e+00
1.752126283510139215e+00 5.392490551851370384e+00 0.000000000000000000e+00
1.648391577145099207e+00 5.391646254850245512e+00 0.000000000000000000e+00
1.515729744812143398e+00 5.285978162820812898e+00 0.000000000000000000e+00
1.407199002415234990e+00 5.251738547291521009e+00 0.000000000000000000e+00
1.259687167614746528e+00 5.052329654290569572e+00 0.000000000000000000e+00
3.898343883820393208e-01 1.834026758156707571e+00 0.000000000000000000e+00
7.802950147967600003e-01 4.926589373254492088e+00 0.000000000000000000e+00
6.873758812640465843e-01 4.890934131536652352e+00 0.000000000000000000e+00
5.925286655635668698e-01 4.825759387827278424e+00 0.000000000000000000e+00
5.044543064686631828e-01 4.799562887865405969e+00 0.000000000000000000e+00
4.134667622066703907e-01 4.725947612745829751e+00 0.000000000000000000e+00
3.291109618261359171e-01 4.706507129802594669e+00 0.000000000000000000e+00
1.630503712946369810e-01 4.669153877826166976e+00 0.000000000000000000e+00
8.118851989307432349e-02 4.651291429575480585e+00 0.000000000000000000e+00
-7.240793456021105538e-08 4.591000080108641690e+00 0.000000000000000000e+00
-5.349167464752303813e-02 3.064533242029660709e+00 0.000000000000000000e+00
-2.306969623606080211e-01 4.401958978034308245e+00 0.000000000000000000e+00
-3.097885663089826602e-01 4.430181927263897812e+00 0.000000000000000000e+00
-4.607615308710193980e-01 4.383852500302518607e+00 0.000000000000000000e+00
-6.804899705406367572e-01 4.296444177491074434e+00 0.000000000000000000e+00
-7.503338542826069046e-01 4.255354387621479439e+00 0.000000000000000000e+00
-2.914921996197854526e-01 1.371362883596999316e+00 0.000000000000000000e+00
-3.052585977726638977e-01 1.322220167131012758e+00 0.000000000000000000e+00
-3.280460957739099737e-01 1.315720948457944406e+00 0.000000000000000000e+00
-3.535468483071735335e-01 1.319454728201359783e+00 0.000000000000000000e+00
-3.894755988360771304e-01 1.358262759143161080e+00 0.000000000000000000e+00
-4.280321906735567450e-01 1.400030144194823745e+00 0.000000000000000000e+00
-4.759806641037135910e-01 1.382348162964184946e+00 0.000000000000000000e+00
-4.952451696600477793e-01 1.360674865410555379e+00 0.000000000000000000e+00
-7.848258564512581303e-01 2.044541177298995649e+00 0.000000000000000000e+00
-1.788097890371802334e+00 3.834588176392395020e+00 0.000000000000000000e+00
-1.856940251218740956e+00 3.807291612221675337e+00 0.000000000000000000e+00
-1.924919660778252384e+00 3.777867435290896747e+00 0.000000000000000000e+00
-2.001826760191187216e+00 3.764888458065477117e+00 0.000000000000000000e+00
-2.070621887955593987e+00 3.735500664579750829e+00 0.000000000000000000e+00
-2.207453115691096812e+00 3.673818832325595807e+00 0.000000000000000000e+00
-2.274413426716749953e+00 3.639822247389734589e+00 0.000000000000000000e+00
-2.337590679269743621e+00 3.599573897618147722e+00 0.000000000000000000e+00
-2.409003117125645410e+00 3.571493908384817395e+00 0.000000000000000000e+00
-2.434258410185016430e+00 3.476481214715946511e+00 0.000000000000000000e+00
-2.299894140001176535e+00 2.740907046244323020e+00 0.000000000000000000e+00
-1.846668182552806625e+00 1.722045906807554649e+00 0.000000000000000000e+00
-1.880156402909987978e+00 1.692900397492071773e+00 0.000000000000000000e+00
-1.777752305344132200e+00 1.388932298628943185e+00 0.000000000000000000e+00
-4.869660992552987899e+00 2.811500035178927881e+00 0.000000000000000000e+00
-3.852421213595317528e+00 1.715208400570347624e+00 0.000000000000000000e+00
-4.535896423579012016e+00 1.650931251495768359e+00 0.000000000000000000e+00
-6.486205617116290512e+00 2.107495915523988295e+00 0.000000000000000000e+00
-3.463885649645202847e+00 7.997009946384635581e-01 0.000000000000000000e+00
-3.464598859752179738e+00 7.364232022702549285e-01 0.000000000000000000e+00
-1.955622934710149252e+00 3.097402343362399280e-01 0.000000000000000000e+00
