-6.956759499934650925e+00 -2.429357571356481615e-01 0.000000000000000000e+00
-6.852823483445731334e+00 -5.995447242553139100e-01 0.000000000000000000e+00
-6.850266789624090968e+00 -7.199924087287602470e-01 0.000000000000000000e+00
-6.818791905212990834e+00 -8.372427252497193217e-01 0.000000000000000000e+00
-6.838791369517828400e+00 -9.611298044478794322e-01 0.000000000000000000e+00
-6.815049589186973122e+00 -1.079398171664667894e+00 0.000000000000000000e+00
-6.705617630594559841e+00 -2.308929687208931991e+00 0.000000000000000000e+00
-1.344857531224166181e+00 -5.708582314294268212e-01 0.000000000000000000e+00
-1.487251074004183771e+00 -6.935166539399123531e-01 0.000000000000000000e+00
-4.087154958940652172e+00 -2.756821112989684686e+00 0.000000000000000000e+00
-3.836908060216689176e+00 -2.686632219040883562e+00 0.000000000000000000e+00
-3.654329798201096047e+00 -2.655026274446692369e+00 0.000000000000000000e+00
-3.445313571194651647e+00 -2.596230250804240303e+00 0.000000000000000000e+00
-3.323041231589762390e+00 -2.596244602787015854e+00 0.000000000000000000e+00
-3.139250042434479138e+00 -2.634143803501146852e+00 0.000000000000000000e+00
-2.995442278510898948e+00 -2.603898492368264428e+00 0.000000000000000000e+00
-2.839556332718445208e+00 -2.556748245578436940e+00 0.000000000000000000e+00
-2.715516219701397560e+00 -2.532260077405505072e+00 0.000000000000000000e+00
-2.590342555899736166e+00 -2.501464961048555313e+00 0.000000000000000000e+00
-2.469216838676034698e+00 -2.469217066790316828e+00 0.000000000000000000e+00
-1.408072415316585557e+00 -1.458101804464401852e+00 0.000000000000000000e+00
-2.279920361187927735e+00 -2.444915481781444466e+00 0.000000000000000000e+00
-2.157122044113602755e+00 -2.481485278858559074e+00 0.000000000000000000e+00
-2.072347126505977410e+00 -2.469727361406398813e+00 0.000000000000000000e+00
-1.961591613792431188e+00 -2.422364130922812553e+00 0.000000000000000000e+00
-1.909166167871059416e+00 -2.443621488926519536e+00 0.000000000000000000e+00
-1.819888478596521253e+00 -2.415073808117009779e+00 0.000000000000000000e+00
-1.742783114714460790e+00 -2.398735397264605940e+00 0.000000000000000000e+00
-1.717861251223004926e+00 -2.453360355929280257e+00 0.000000000000000000e+00
-1.711689424873058751e+00 -2.537684176243112155e+00 0.000000000000000000e+00
3.164318819727617527e+00 -3.514331838774390260e+00 0.000000000000000000e+00
1.863489361522032928e+00 -1.737731824881646459e+00 0.000000000000000000e+00
4.833847847216599547e+00 -3.914372539749330748e+00 0.000000000000000000e+00
4.769451481887188038e+00 -3.594039234612211864e+00 0.000000000000000000e+00
4.785335604927515085e+00 -3.476749587895902049e+00 0.000000000000000000e+00
4.787943636537737468e+00 -3.352553993700657209e+00 0.000000000000000000e+00
4.819195682639059619e+00 -3.250588304132903783e+00 0.000000000000000000e+00
4.786383596500942694e+00 -2.990864201195189587e+00 0.000000000000000000e+00
4.787279499543668493e+00 -2.876487514200366302e+00 0.000000000000000000e+00
4.570306798084220468e+00 -1.939979970665402620e+00 0.000000000000000000e+00
4.476443769424314212e+00 -1.808600520349128438e+00 0.000000000000000000e+00
4.534400067546611623e+00 -1.740592946264666097e+00 0.000000000000000000e+00
4.525559697841663009e+00 -1.647168866357853423e+00 0.000000000000000000e+00
4.488986601674766597e+00 -1.458560012270204487e+00 0.000000000000000000e+00
4.483156930744871538e+00 -1.370638475289581049e+00 0.000000000000000000e+00
2.996252831109875281e+00 -8.591615762755474561e-01 0.000000000000000000e+00
4.485025598784321943e+00 -1.035449606850952886e+00 0.000000000000000000e+00
4.470134731352247925e+00 -9.501563305811208116e-01 0.000000000000000000e+00
4.402598074007021189e+00 -8.557782401848593734e-01 0.000000000000000000e+00
1.461027943237643623e+00 -1.793916316376861775e-01 0.000000000000000000e+00
1.430122453820076078e+00 -1.503118852735418343e-01 0.000000000000000000e+00
1.420573642085256161e+00 -1.242840484243683957e-01 0.000000000000000000e+00
1.447465415074570938e+00 -1.012166004485734322e-01 0.000000000000000000e+00
1.487093587333830458e+00 -5.193041037375956126e-02 0.000000000000000000e+00
1.539765413154239759e+00 -2.687666201893580686e-02 0.000000000000000000e+00
1.526000022888182928e+00 4.263594810538506201e-08 0.000000000000000000e+00
1.500771436424299443e+00 2.619610460608007632e-02 0.000000000000000000e+00
2.278611054809069003e+00 7.957091453074242871e-02 0.000000000000000000e+00
2.224567846844345720e+00 1.555569987305634727e-01 0.000000000000000000e+00
4.261263266305992836e+00 7.513758025712806710e-01 0.000000000000000000e+00
4.232776194797702729e+00 8.227684614535325514e-01 0.000000000000000000e+00
4.236357089558164368e+00 9.004656134894339914e-01 0.000000000000000000e+00
4.227791904846463389e+00 9.760627861195168009e-01 0.000000000000000000e+00
4.208172433891444797e+00 1.049215344985487297e+00 0.000000000000000000e+00
4.201777223066580191e+00 1.125862930388178418e+00 0.000000000000000000e+00
4.168030649779134400e+00 1.195163672796424770e+00 0.000000000000000000e+00
3.247541195851091356e+00 1.378499547407776138e+00 0.000000000000000000e+00
2.176321819611312325e+00 1.256500057700639772e+00 0.000000000000000000e+00
2.157490030747587717e+00 1.296350865156235432e+00 0.000000000000000000e+00
1.908108188197399135e+00 1.192318389581423110e+00 0.000000000000000000e+00
1.881086266785108929e+00 1.268808771749238673e+00 0.000000000000000000e+00
2.848658831054649010e+00 2.225616304129041545e+00 0.000000000000000000e+00
4.054299950126014629e+00 3.524349337191103437e+00 0.000000000000000000e+00
4.031221581526652109e+00 3.759175107095261037e+00 0.000000000000000000e+00
2.720676618898022259e+00 3.129780563378269154e+00 0.000000000000000000e+00
2.695851017404973682e+00 3.212790273282416731e+00 0.000000000000000000e+00
1.671623489030092724e+00 3.015688743098171809e+00 0.000000000000000000e+00
6.325762529625221786e-01 7.230381026549428825e+00 0.000000000000000000e+00
4.700887559893409673e-01 6.722583986347685503e+00 0.000000000000000000e+00
3.511218278387955305e-01 6.699805664823255569e+00 0.000000000000000000e+00
2.340010152308132363e-01 6.700915422669440069e+00 0.000000000000000000e+00
1.170880900152058979e-01 6.707978299276112999e+00 0.000000000000000000e+00
-1.112221191294549271e-07 7.052000045776365411e+00 0.000000000000000000e+00
-6.312691563032675202e-01 7.215438219150503762e+00 0.000000000000000000e+00
-7.498872798912424864e-01 7.134699853700495531e+00 0.000000000000000000e+00
-5.047829055073881355e-01 4.111126349500470845e+00 0.000000000000000000e+00
-5.377649297343120027e-01 3.826395890935415878e+00 0.000000000000000000e+00
-1.128142343859668717e+00 2.938911169804130363e+00 0.000000000000000000e+00
-1.155661391583170827e+00 2.860362211918426212e+00 0.000000000000000000e+00
-1.192120754787992176e+00 2.808460401643484872e+00 0.000000000000000000e+00
-1.238106339895942432e+00 2.780832275659280484e+00 0.000000000000000000e+00
-1.288985712410803508e+00 2.764238691272905779e+00 0.000000000000000000e+00
-1.905115685921956459e+00 3.583001386454661930e+00 0.000000000000000000e+00
-1.975114377779336738e+00 3.563200560050276078e+00 0.000000000000000000e+00
-2.049000066374311757e+00 3.548972123650230959e+00 0.000000000000000000e+00
-2.122471851340217874e+00 3.532386261392212568e+00 0.000000000000000000e+00
-1.689912506980492779e+00 2.704425267102411823e+00 0.000000000000000000e+00
-2.295109056105443468e+00 3.534157936121229859e+00 0.000000000000000000e+00
-2.346932669681613515e+00 3.479470687924402394e+00 0.000000000000000000e+00
-2.526300969307535116e+00 3.477154900087675582e+00 0.000000000000000000e+00
-2.503550440262025667e+00 3.322323572973076455e+00 0.000000000000000000e+00
-2.506357961227565045e+00 3.207991829436618758e+00 0.000000000000000000e+00
-2.483927632482736403e+00 3.067395104544122564e+00 0.000000000000000000e+00
-2.434879564222957704e+00 2.901776407122632406e+00 0.000000000000000000e+00
-2.118414689600833789e+00 2.436957281966791289e+00 0.000000000000000000e+00
-2.186049688677948577e+00 2.427854093003966263e+00 0.000000000000000000e+00
-2.383584215823701058e+00 2.556081079726171268e+00 0.000000000000000000e+00
-2.409112872697174890e+00 2.409112826019502496e+00 0.000000000000000000e+00
-2.376698650897753229e+00 2.295151164395343724e+00 0.000000000000000000e+00
-2.355690261518788020e+00 2.196716665658393630e+00 0.000000000000000000e+00
-2.342392472628344269e+00 2.109099616317826609e+00 0.000000000000000000e+00
-2.330543246883106878e+00 2.025910298996697723e+00 0.000000000000000000e+00
-2.307325944410771879e+00 1.936076313527735016e+00 0.000000000000000000e+00
-2.294912094040812534e+00 1.858383137611308911e+00 0.000000000000000000e+00
-2.316043070320938924e+00 1.745263604602316665e+00 0.000000000000000000e+00
-2.300844427945988535e+00 1.671661297448395977e+00 0.000000000000000000e+00
-2.290349132325019799e+00 1.603719699133802967e+00 0.000000000000000000e+00
-2.273221121908100439e+00 1.533306980270252806e+00 0.000000000000000000e+00
-2.263571775563082422e+00 1.469980672842468472e+00 0.000000000000000000e+00
-2.256656006377317780e+00 1.410115151304155656e+00 0.000000000000000000e+00
-2.248349760161242106e+00 1.350944804827828305e+00 0.000000000000000000e+00
-2.273316694987555397e+00 1.312499982586992964e+00 0.000000000000000000e+00
-2.368065384304079757e+00 1.259122677180041450e+00 0.000000000000000000e+00
-2.481453255512175105e+00 1.264363562740151492e+00 0.000000000000000000e+00
-2.582235219982017327e+00 1.259440245372043021e+00 0.000000000000000000e+00
-2.670889081295975132e+00 1.245456009982175649e+00 0.000000000000000000e+00
-2.791794921841084687e+00 1.242987159792563912e+00 0.000000000000000000e+00
-2.911556958087492930e+00 1.235882581599890617e+00 0.000000000000000000e+00
-3.055997996311107912e+00 1.234703313225075538e+00 0.000000000000000000e+00
-3.223145759426710111e+00 1.173129094108585013e+00 0.000000000000000000e+00
-3.375501258943596650e+00 1.162278268842611206e+00 0.000000000000000000e+00
-3.510349594019522179e+00 1.140581700329527770e+00 0.000000000000000000e+00
-3.785054178035504702e+00 1.157207168780678197e+00 0.000000000000000000e+00
-3.952708089233972988e+00 1.133420781170043412e+00 0.000000000000000000e+00
-1.450012869109691627e+00 1.524024872607159520e-01 0.000000000000000000e+00
-6.985940829086102255e+00 4.885045415088611898e-01 0.000000000000000000e+00
-6.965440911140004410e+00 3.650432618765171999e-01 0.000000000000000000e+00
-2.671592972978142466e+00 4.663281881311297922e-02 0.000000000000000000e+00
-6.913000106811522549e+00 -2.491271399535620238e-08 0.000000000000000000e+00
