-6.673101388647982191e+00 -1.297119862554459768e+00 0.000000000000000000e+00
-6.635753173575072772e+00 -1.410473229974363196e+00 0.000000000000000000e+00
-6.553377434313393479e+00 -1.633940858277820318e+00 0.000000000000000000e+00
-6.545113332920863058e+00 -1.753758184414896837e+00 0.000000000000000000e+00
-6.224664870905344927e+00 -2.022516562009988306e+00 0.000000000000000000e+00
-6.974398441113204505e+00 -2.538473826010644974e+00 0.000000000000000000e+00
-6.847252841800938405e+00 -2.766470115695042420e+00 0.000000000000000000e+00
-3.641392170430470365e+00 -1.621252462665804250e+00 0.000000000000000000e+00
-3.629762708040428887e+00 -1.692586364115808983e+00 0.000000000000000000e+00
-3.472838387273308847e+00 -2.342459310746951129e+00 0.000000000000000000e+00
-2.564418503990784082e+00 -1.932428139907871989e+00 0.000000000000000000e+00
-2.498782010667142117e+00 -1.952262658393866035e+00 0.000000000000000000e+00
-2.414571951765137392e+00 -2.026066627020697730e+00 0.000000000000000000e+00
-2.390165185213075194e+00 -2.077739092799813392e+00 0.000000000000000000e+00
-3.014639986484198619e+00 -2.811197528536079737e+00 0.000000000000000000e+00
-2.988137256978332434e+00 -2.885610874172104712e+00 0.000000000000000000e+00
-2.968434097935545690e+00 -2.968434372169141966e+00 0.000000000000000000e+00
-2.943267367312296212e+00 -3.047842861359048694e+00 0.000000000000000000e+00
-2.279920361187927735e+00 -2.444915481781444466e+00 0.000000000000000000e+00
-2.830238587524964711e+00 -3.255817356169381505e+00 0.000000000000000000e+00
-2.760129941904692075e+00 -3.289395078348815282e+00 0.000000000000000000e+00
-2.831312326278681013e+00 -3.496379865408031584e+00 0.000000000000000000e+00
-2.634415180579535942e+00 -3.371897980570733644e+00 0.000000000000000000e+00
-2.516790372580330448e+00 -3.339893944505477386e+00 0.000000000000000000e+00
-2.386407942949375194e+00 -3.284609058198252107e+00 0.000000000000000000e+00
-2.158367998336275129e+00 -3.082469248814348362e+00 0.000000000000000000e+00
-1.857763628208541240e+00 -2.860705401258396119e+00 0.000000000000000000e+00
8.632529386591945020e-01 -1.329292851414679788e+00 0.000000000000000000e+00
8.857616009307666127e-01 -1.313195476357348568e+00 0.000000000000000000e+00
3.548528444921012603e+00 -3.309056084549112153e+00 0.000000000000000000e+00
3.486835561483807577e+00 -3.139560629106909140e+00 0.000000000000000000e+00
3.514611866031073895e+00 -2.949109320791870825e+00 0.000000000000000000e+00
3.370482042479584273e+00 -2.729362356822470304e+00 0.000000000000000000e+00
3.317525388478631321e+00 -2.591934724871986617e+00 0.000000000000000000e+00
3.252043898965959468e+00 -2.450590683216302246e+00 0.000000000000000000e+00
3.261956651535050877e+00 -2.369950068346474925e+00 0.000000000000000000e+00
3.115235273824379370e+00 -2.181311070346967806e+00 0.000000000000000000e+00
3.035935608304399125e+00 -2.047764280667416337e+00 0.000000000000000000e+00
2.945352472501251651e+00 -1.700499917205580136e+00 0.000000000000000000e+00
2.887994364014748072e+00 -1.600841296233383115e+00 0.000000000000000000e+00
2.813071174294242915e+00 -1.495736360830835610e+00 0.000000000000000000e+00
2.770139299398815869e+00 -1.411456361460758036e+00 0.000000000000000000e+00
2.759297704469406032e+00 -1.345799304584694989e+00 0.000000000000000000e+00
2.749737793424929411e+00 -1.282223686145034458e+00 0.000000000000000000e+00
2.754150652637470831e+00 -1.169067491169611728e+00 0.000000000000000000e+00
2.712940101991993203e+00 -1.096098852766276277e+00 0.000000000000000000e+00
2.795139790782326106e+00 -1.072953539869670569e+00 0.000000000000000000e+00
2.870761051250897200e+00 -1.044871472721573991e+00 0.000000000000000000e+00
2.950017878653520942e+00 -1.015772514647479863e+00 0.000000000000000000e+00
3.057646648434610093e+00 -9.934895175215876506e-01 0.000000000000000000e+00
3.185451257289738436e+00 -9.738900783193111810e-01 0.000000000000000000e+00
3.303466426129122890e+00 -8.851610549997516175e-01 0.000000000000000000e+00
3.424173686063157085e+00 -8.537422780325393257e-01 0.000000000000000000e+00
3.495065342273397935e+00 -8.068993041101729657e-01 0.000000000000000000e+00
3.582954788479263186e+00 -7.615804397532480730e-01 0.000000000000000000e+00
3.752760698850900134e+00 -7.294626701579765005e-01 0.000000000000000000e+00
3.777722526255742785e+00 -6.661142929127941148e-01 0.000000000000000000e+00
3.788772458109650465e+00 -6.000824920563303522e-01 0.000000000000000000e+00
3.812369861487416411e+00 -4.681000476575596370e-01 0.000000000000000000e+00
3.861728428951924919e+00 -4.058839010741278064e-01 0.000000000000000000e+00
3.889144154788911845e+00 -3.402559122198083874e-01 0.000000000000000000e+00
3.907458447827995229e+00 -2.732360002279112243e-01 0.000000000000000000e+00
3.966556401748722038e+00 -2.078782996746389999e-01 0.000000000000000000e+00
3.988568731658256983e+00 -1.392837766251908416e-01 0.000000000000000000e+00
4.042384454716998476e+00 -7.055996959787907974e-02 0.000000000000000000e+00
4.103375030469132767e+00 7.162479170862635913e-02 0.000000000000000000e+00
4.157465683887420660e+00 1.451820159912374231e-01 0.000000000000000000e+00
4.186254916032611462e+00 2.193924392432377024e-01 0.000000000000000000e+00
4.206727599496749015e+00 2.941631655707958592e-01 0.000000000000000000e+00
4.232831334298851722e+00 3.703248726543381109e-01 0.000000000000000000e+00
4.279427677011068631e+00 4.497860907438684386e-01 0.000000000000000000e+00
4.296732272428108956e+00 5.275725031188863712e-01 0.000000000000000000e+00
1.037002532763052542e+00 1.828515540178638765e-01 0.000000000000000000e+00
1.026782032351316154e+00 1.995862370526773066e-01 0.000000000000000000e+00
1.021186118371530061e+00 2.170598382352650901e-01 0.000000000000000000e+00
1.012370524644815584e+00 2.337241796923258674e-01 0.000000000000000000e+00
1.008137286366157515e+00 2.513568840926177494e-01 0.000000000000000000e+00
1.002630988751448626e+00 2.686541915874952058e-01 0.000000000000000000e+00
9.907317321790801712e-01 3.028971153999724941e-01 0.000000000000000000e+00
9.843434544628708593e-01 3.198326039702629742e-01 0.000000000000000000e+00
9.795572483876162639e-01 3.372886372166523095e-01 0.000000000000000000e+00
9.735215587386178981e-01 3.543328976193380608e-01 0.000000000000000000e+00
9.699900858365094747e-01 3.723443362283763713e-01 0.000000000000000000e+00
9.642711636539544884e-01 3.895908669357465159e-01 0.000000000000000000e+00
9.619275222155448946e-01 4.083140363876737733e-01 0.000000000000000000e+00
4.645866503692416494e+00 2.265940636443525502e+00 0.000000000000000000e+00
4.614522643290250414e+00 2.351216865206838147e+00 0.000000000000000000e+00
4.563073296645889343e+00 2.426229250566088957e+00 0.000000000000000000e+00
4.577759666385926351e+00 2.537493762189732660e+00 0.000000000000000000e+00
4.229228176434872033e+00 3.424761608741341501e+00 0.000000000000000000e+00
2.575357992522517847e+00 3.677992544172915768e+00 0.000000000000000000e+00
2.585148795739882210e+00 3.832640870753599938e+00 0.000000000000000000e+00
2.490634204592551804e+00 3.835240519216881694e+00 0.000000000000000000e+00
2.341878013444961493e+00 3.897539704186175680e+00 0.000000000000000000e+00
1.085945215798629571e+00 2.131287591261253223e+00 0.000000000000000000e+00
2.798999761899771954e+00 5.738800245321848514e+00 0.000000000000000000e+00
2.269741249911059189e+00 5.617807031516674598e+00 0.000000000000000000e+00
2.128705537598890807e+00 5.545467826430415137e+00 0.000000000000000000e+00
2.001843853370615101e+00 5.500021100585042788e+00 0.000000000000000000e+00
1.859319619891228514e+00 5.399856586886756737e+00 0.000000000000000000e+00
1.625878915945598635e+00 5.318010653257799980e+00 0.000000000000000000e+00
1.420657603714314821e+00 5.301966734714687490e+00 0.000000000000000000e+00
1.288475976357366104e+00 5.167795268183781765e+00 0.000000000000000000e+00
3.520425706711676206e-01 1.811102187621389747e+00 0.000000000000000000e+00
8.694563358431479649e-01 4.930932404166496141e+00 0.000000000000000000e+00
7.760712924514671096e-01 4.899921836967185307e+00 0.000000000000000000e+00
6.857057925729272974e-01 4.879050831577003144e+00 0.000000000000000000e+00
5.071720484772948012e-01 4.825420479952848396e+00 0.000000000000000000e+00
3.300875479731385509e-01 4.720472965635685192e+00 0.000000000000000000e+00
2.370818195782634086e-01 4.523792005794381232e+00 0.000000000000000000e+00
1.630154743434549247e-01 4.668154559433683737e+00 0.000000000000000000e+00
8.036825873639356910e-02 4.604298656544175472e+00 0.000000000000000000e+00
-2.365062584012101177e-01 4.512806917254309269e+00 0.000000000000000000e+00
-3.110441918911618364e-01 4.448138205727810046e+00 0.000000000000000000e+00
-3.855770538264720604e-01 4.407165125727174448e+00 0.000000000000000000e+00
-4.609705726750208399e-01 4.385841399925729966e+00 0.000000000000000000e+00
-5.177010509595776355e-01 4.216336188375252370e+00 0.000000000000000000e+00
-6.052638761554720581e-01 4.306675799400255578e+00 0.000000000000000000e+00
-7.489446866328788310e-01 4.247476027049486014e+00 0.000000000000000000e+00
-2.745741665262733111e-01 1.412561523356708371e+00 0.000000000000000000e+00
-2.877497875479832490e-01 1.353756220306903790e+00 0.000000000000000000e+00
-3.014344386269465770e-01 1.305655915110987664e+00 0.000000000000000000e+00
-3.282880289879971381e-01 1.316691289522822217e+00 0.000000000000000000e+00
-3.825846711853254645e-01 1.334231239756743292e+00 0.000000000000000000e+00
-4.233542337117078280e-01 1.384729237154331161e+00 0.000000000000000000e+00
-4.551820667242353347e-01 1.400906289595393428e+00 0.000000000000000000e+00
-4.720738575884064203e-01 1.371001973472095292e+00 0.000000000000000000e+00
-5.092679989754480552e-01 1.399202270744977827e+00 0.000000000000000000e+00
-8.140201897162179234e-01 2.014770595747956694e+00 0.000000000000000000e+00
-1.723749907719845487e+00 3.871605551228275655e+00 0.000000000000000000e+00
-1.792324169831162717e+00 3.843651461647780820e+00 0.000000000000000000e+00
-1.926735707680393039e+00 3.781431627912724913e+00 0.000000000000000000e+00
-1.992906775224689175e+00 3.748112406753584480e+00 0.000000000000000000e+00
-2.065289137368634620e+00 3.725880128122805335e+00 0.000000000000000000e+00
-2.138500018599400754e+00 3.703990583984845486e+00 0.000000000000000000e+00
-2.210028365056710520e+00 3.678104766894296329e+00 0.000000000000000000e+00
-2.278122845462472679e+00 3.645758558140000272e+00 0.000000000000000000e+00
-2.349028309045194440e+00 3.617186302542347409e+00 0.000000000000000000e+00
-2.469246498961369163e+00 3.526449382787535836e+00 0.000000000000000000e+00
-2.249820457180641942e+00 2.778296825645174994e+00 0.000000000000000000e+00
-2.290894999334549986e+00 2.730182288250336597e+00 0.000000000000000000e+00
-2.228800560825838772e+00 2.228800517641800649e+00 0.000000000000000000e+00
-1.878670220971768501e+00 1.691562233289315431e+00 0.000000000000000000e+00
-1.914698175625202170e+00 1.664421700243970514e+00 0.000000000000000000e+00
-1.695256410735917374e+00 1.422489002965736216e+00 0.000000000000000000e+00
-1.802520333493999871e+00 1.358296473375504965e+00 0.000000000000000000e+00
-4.239112010178997636e+00 2.968258132181574194e+00 0.000000000000000000e+00
-4.317627853550197514e+00 2.912276708260070013e+00 0.000000000000000000e+00
-2.983989969962342226e+00 1.937825710302146343e+00 0.000000000000000000e+00
-1.739346754122261807e+00 1.086864459814976147e+00 0.000000000000000000e+00
-4.837617897200894745e+00 2.792999945778983584e+00 0.000000000000000000e+00
-1.643101137369693765e+00 6.974550402805999028e-01 0.000000000000000000e+00
-6.443709160507657963e+00 2.218746951480624396e+00 0.000000000000000000e+00
-2.322898298652492866e+00 5.362833152609021159e-01 0.000000000000000000e+00
-3.472423939820644012e+00 7.380864743416577500e-01 0.000000000000000000e+00
-5.877858245151059258e+00 7.217102165320693485e-01 0.000000000000000000e+00
