-7.347880682132202246e+00 -1.282581176296291037e-01 0.000000000000000000e+00
-7.268569235342549284e+00 -2.538244092666145368e-01 0.000000000000000000e+00
-4.563737132848491918e+00 -2.391755657353946962e-01 0.000000000000000000e+00
-3.968309703372224106e+00 -2.774914526649238100e-01 0.000000000000000000e+00
-3.077388595651654679e+00 -9.408522806368109226e-01 0.000000000000000000e+00
-3.023408522011430399e+00 -9.823651451617635422e-01 0.000000000000000000e+00
-2.985947603423130925e+00 -1.028144377713755331e+00 0.000000000000000000e+00
-2.971307957752976403e+00 -1.081467820265396229e+00 0.000000000000000000e+00
-3.784195429750976114e+00 -1.606295879121552250e+00 0.000000000000000000e+00
-3.784818863392653387e+00 -1.685110149037844618e+00 0.000000000000000000e+00
-3.801961235510544324e+00 -1.772883866448705881e+00 0.000000000000000000e+00
-3.796505940707239457e+00 -1.851679899122756767e+00 0.000000000000000000e+00
-3.801972442284642817e+00 -2.021544842958162391e+00 0.000000000000000000e+00
-3.770485342977754506e+00 -2.090014392323426673e+00 0.000000000000000000e+00
-3.847750623142139670e+00 -2.221500105428424909e+00 0.000000000000000000e+00
-3.587243355435932646e+00 -2.241558669819383898e+00 0.000000000000000000e+00
-3.472934541263828834e+00 -2.255350297860004183e+00 0.000000000000000000e+00
-3.370866648952386857e+00 -2.273678497698394807e+00 0.000000000000000000e+00
-3.215171627739719540e+00 -2.251287638188500750e+00 0.000000000000000000e+00
-2.732050371511605569e+00 -1.984950981448334817e+00 0.000000000000000000e+00
-2.696992095995490502e+00 -2.032329516925654112e+00 0.000000000000000000e+00
-2.825806431309966449e+00 -2.207762162583676968e+00 0.000000000000000000e+00
-2.717679307469174521e+00 -2.200733522036212086e+00 0.000000000000000000e+00
-2.589408460234035481e+00 -2.250938645721762832e+00 0.000000000000000000e+00
-2.485076267255847071e+00 -2.237572931103740004e+00 0.000000000000000000e+00
-2.370317198216853605e+00 -2.210356752165607563e+00 0.000000000000000000e+00
-2.286061763995565599e+00 -2.207624388675295979e+00 0.000000000000000000e+00
-2.197687802735696305e+00 -2.197688005765242814e+00 0.000000000000000000e+00
-2.121486493304393761e+00 -2.196863776596672757e+00 0.000000000000000000e+00
-2.043267021249440596e+00 -2.191135821543916506e+00 0.000000000000000000e+00
-1.927501302175523845e+00 -2.217336807336141025e+00 0.000000000000000000e+00
-1.855727782448910235e+00 -2.211570456038111754e+00 0.000000000000000000e+00
-1.787899181192427633e+00 -2.207871819890991905e+00 0.000000000000000000e+00
-1.725698998960492281e+00 -2.208794199397129177e+00 0.000000000000000000e+00
-1.661009358727240315e+00 -2.204234075042326158e+00 0.000000000000000000e+00
-1.611707122557205052e+00 -2.218324754388540931e+00 0.000000000000000000e+00
-1.610028908880530407e+00 -2.299359796453549709e+00 0.000000000000000000e+00
-1.615508156925452576e+00 -2.395089568731448626e+00 0.000000000000000000e+00
2.192517200232130481e+00 -3.648961094182781029e+00 0.000000000000000000e+00
2.230841715831976213e+00 -3.435194729946744019e+00 0.000000000000000000e+00
2.219436807250611654e+00 -3.290450130463838718e+00 0.000000000000000000e+00
2.158941780490351459e+00 -3.083288168332713575e+00 0.000000000000000000e+00
2.151254924270534552e+00 -2.389210476059080435e+00 0.000000000000000000e+00
2.126470985690636528e+00 -2.280360791042398194e+00 0.000000000000000000e+00
2.128433246851967109e+00 -2.204056997326965472e+00 0.000000000000000000e+00
2.124856030682899188e+00 -2.124855886092147816e+00 0.000000000000000000e+00
2.111262341925533637e+00 -2.038822206001058568e+00 0.000000000000000000e+00
2.120925871199957236e+00 -1.977795237633515946e+00 0.000000000000000000e+00
2.201938228482353210e+00 -1.982633952180630654e+00 0.000000000000000000e+00
2.360949052906812895e+00 -1.981071345355966073e+00 0.000000000000000000e+00
2.417701198549742525e+00 -1.957815694668904705e+00 0.000000000000000000e+00
2.535818619536673424e+00 -1.981198503794475263e+00 0.000000000000000000e+00
2.621121860832353878e+00 -1.975156858667478588e+00 0.000000000000000000e+00
2.735286557126543450e+00 -1.987301872929131630e+00 0.000000000000000000e+00
2.858021615090659662e+00 -2.001208140094920207e+00 0.000000000000000000e+00
2.973757749466615863e+00 -2.005824788265762493e+00 0.000000000000000000e+00
3.105552140595979171e+00 -1.940564214085086947e+00 0.000000000000000000e+00
3.264093219296960058e+00 -1.961264929567778426e+00 0.000000000000000000e+00
3.316877291693601126e+00 -1.914999855727332001e+00 0.000000000000000000e+00
3.361163537177713323e+00 -1.863123232078605307e+00 0.000000000000000000e+00
3.435549170396577257e+00 -1.826713757028771035e+00 0.000000000000000000e+00
3.455323375113235951e+00 -1.760575058361167677e+00 0.000000000000000000e+00
3.537653518222529936e+00 -1.725428770144605384e+00 0.000000000000000000e+00
3.638651644901758075e+00 -1.620031952193058400e+00 0.000000000000000000e+00
3.664529820731055487e+00 -1.555500487867536918e+00 0.000000000000000000e+00
3.711516814583276869e+00 -1.499549997252199063e+00 0.000000000000000000e+00
3.812742610140219757e+00 -1.463574628235993824e+00 0.000000000000000000e+00
3.876232103974972532e+00 -1.410832972436409483e+00 0.000000000000000000e+00
3.950376625104218498e+00 -1.360223620108447884e+00 0.000000000000000000e+00
4.016311755114809756e+00 -1.304978660581363581e+00 0.000000000000000000e+00
4.083439858936705136e+00 -1.170907404543326757e+00 0.000000000000000000e+00
4.137060339846470924e+00 -1.108521844221399988e+00 0.000000000000000000e+00
4.187796370950786162e+00 -1.044134772784414578e+00 0.000000000000000000e+00
1.039770870665850833e+00 -2.210100890668549312e-01 0.000000000000000000e+00
1.033653403870618215e+00 -2.009218366191645733e-01 0.000000000000000000e+00
1.034048099044292623e+00 -1.823305479810875263e-01 0.000000000000000000e+00
1.038791232901021377e+00 -1.459925562109347374e-01 0.000000000000000000e+00
1.038203282085347290e+00 -1.274753036770616410e-01 0.000000000000000000e+00
1.038280891303943854e+00 -1.091276888902157211e-01 0.000000000000000000e+00
1.038034933112994995e+00 -9.081625905984451463e-02 0.000000000000000000e+00
1.042454391786810319e+00 -7.289548237939096065e-02 0.000000000000000000e+00
1.039573355795116782e+00 -5.448170143111392277e-02 0.000000000000000000e+00
1.040841459749627829e+00 -1.816792602951155383e-02 0.000000000000000000e+00
1.047000050544738325e+00 2.925284348087586419e-08 0.000000000000000000e+00
1.047840362084182075e+00 1.829015069811706917e-02 0.000000000000000000e+00
1.051359194756712467e+00 3.671430121895308263e-02 0.000000000000000000e+00
5.161396173052853698e+00 3.609201216669822854e-01 0.000000000000000000e+00
5.174235017735560938e+00 4.526870486191812426e-01 0.000000000000000000e+00
5.170519201669056208e+00 5.434436084357776586e-01 0.000000000000000000e+00
5.132559467798080810e+00 7.213343323374890037e-01 0.000000000000000000e+00
5.194252787889539036e+00 8.226889630014667665e-01 0.000000000000000000e+00
3.725694757613570829e+00 2.513012971701353848e+00 0.000000000000000000e+00
3.768918357036020961e+00 2.639025174846155952e+00 0.000000000000000000e+00
3.733613181283982119e+00 2.712628890940154136e+00 0.000000000000000000e+00
3.715252288918581947e+00 2.799643543076507424e+00 0.000000000000000000e+00
5.287238608455918865e+00 4.436520169310410822e+00 0.000000000000000000e+00
4.758918415926428835e+00 4.437763413410017677e+00 0.000000000000000000e+00
3.995378885566911453e+00 4.437317983205282701e+00 0.000000000000000000e+00
3.831384735465731772e+00 4.407504145326102574e+00 0.000000000000000000e+00
3.728168164681314067e+00 4.443057995162928542e+00 0.000000000000000000e+00
3.564470623879563149e+00 4.401754827385966351e+00 0.000000000000000000e+00
3.316000823896270600e+00 4.400481912040673294e+00 0.000000000000000000e+00
3.169925849558551167e+00 4.363028817930983294e+00 0.000000000000000000e+00
2.986612289719779767e+00 4.265324574609991259e+00 0.000000000000000000e+00
2.486499939402692316e+00 4.306744425268712817e+00 0.000000000000000000e+00
2.387202381718191990e+00 4.306627298125444980e+00 0.000000000000000000e+00
2.280223237480612841e+00 4.288476391960956313e+00 0.000000000000000000e+00
2.182786279376478067e+00 4.283959488867134624e+00 0.000000000000000000e+00
2.074372129392561881e+00 4.253093353951173938e+00 0.000000000000000000e+00
1.912068964319812325e+00 4.294577427893096377e+00 0.000000000000000000e+00
1.823542024000429196e+00 4.295996016943917084e+00 0.000000000000000000e+00
1.727685524385589755e+00 4.276171959038619796e+00 0.000000000000000000e+00
1.647417427933984824e+00 4.291669365230019295e+00 0.000000000000000000e+00
1.034952908995843801e+00 2.843509911127501066e+00 0.000000000000000000e+00
9.470776847892391492e-01 2.750513478044086746e+00 0.000000000000000000e+00
1.380996828047122982e+00 4.250271465856775066e+00 0.000000000000000000e+00
1.222175963455691683e+00 4.262234396377808210e+00 0.000000000000000000e+00
1.139838948559535714e+00 4.253937171345412160e+00 0.000000000000000000e+00
9.006733249168982214e-01 4.237335205627712043e+00 0.000000000000000000e+00
8.227682764330007670e-01 4.232776230762051561e+00 0.000000000000000000e+00
2.143151948633409687e-01 1.353133034965899428e+00 0.000000000000000000e+00
1.851002080527863469e-01 1.317056577043534737e+00 0.000000000000000000e+00
1.618424598460201924e-01 1.318101241917389865e+00 0.000000000000000000e+00
1.417405682452732574e-01 1.348571639356650476e+00 0.000000000000000000e+00
1.220180148295957889e-01 1.394672555584228535e+00 0.000000000000000000e+00
7.641047452464960754e-02 1.457999160072487532e+00 0.000000000000000000e+00
5.018545193894805717e-02 1.437123973840992885e+00 0.000000000000000000e+00
2.488710888312012370e-02 1.425782812735362448e+00 0.000000000000000000e+00
-3.422461789986000733e-08 2.170000076293944868e+00 0.000000000000000000e+00
-2.940933629504438040e-01 4.205730111329610388e+00 0.000000000000000000e+00
-3.669257436034900621e-01 4.193979711429054014e+00 0.000000000000000000e+00
-4.409011140420713848e-01 4.194893283572669773e+00 0.000000000000000000e+00
-5.145324448590905542e-01 4.190529965761975006e+00 0.000000000000000000e+00
-6.621871203367154513e-01 4.180884540179075515e+00 0.000000000000000000e+00
-7.364420121815061782e-01 4.176569842715688097e+00 0.000000000000000000e+00
-8.109382899441142101e-01 4.171915518068710860e+00 0.000000000000000000e+00
-8.894462471465651721e-01 4.184515303951380716e+00 0.000000000000000000e+00
-9.618907719115985522e-01 4.166406405843177119e+00 0.000000000000000000e+00
-1.159348277871461219e+00 3.366991735198098024e+00 0.000000000000000000e+00
-1.229562469186362472e+00 3.378194982542583436e+00 0.000000000000000000e+00
-1.211668531052078057e+00 2.721451986776415310e+00 0.000000000000000000e+00
-1.179782069248997756e+00 2.218847296818002857e+00 0.000000000000000000e+00
-1.086500070684898844e+00 1.881873273936880642e+00 0.000000000000000000e+00
-1.197617554049320132e+00 1.916588675518783313e+00 0.000000000000000000e+00
-1.229475970042721800e+00 1.573657445345095773e+00 0.000000000000000000e+00
-3.509719955213470577e+00 4.334143099886563100e+00 0.000000000000000000e+00
-1.314242650317151817e+00 1.225551075127080392e+00 0.000000000000000000e+00
-1.983886828803191449e+00 1.338148538808590526e+00 0.000000000000000000e+00
-2.924444276145202526e+00 1.899156285277876499e+00 0.000000000000000000e+00
-7.039405591764423598e+00 1.241237098007979656e+00 0.000000000000000000e+00
-6.694551457097704272e+00 1.060312752675296011e+00 0.000000000000000000e+00
-6.751298972671295751e+00 8.289552487011562221e-01 0.000000000000000000e+00
-6.713022796850884433e+00 7.055670974190283440e-01 0.000000000000000000e+00
-6.728299179639799732e+00 5.886498740134357144e-01 0.000000000000000000e+00
-7.396873012774520362e+00 1.291128710388105283e-01 0.000000000000000000e+00
