-7.196296969084089667e+00 -1.139781844509223818e+00 0.000000000000000000e+00
-7.098146041010708451e+00 -1.379740195881052678e+00 0.000000000000000000e+00
-6.670966733090597067e+00 -1.417958104973412903e+00 0.000000000000000000e+00
-6.582844121799512394e+00 -1.519769665138669623e+00 0.000000000000000000e+00
-6.557258335864527332e+00 -1.634908475918481319e+00 0.000000000000000000e+00
-6.561534263351848750e+00 -1.758158160347200072e+00 0.000000000000000000e+00
-6.917239159914825741e+00 -1.983486786436970961e+00 0.000000000000000000e+00
-6.859015377274799263e+00 -2.632929708140539393e+00 0.000000000000000000e+00
-6.807383731707027152e+00 -2.750361947329939216e+00 0.000000000000000000e+00
-4.310724219517386047e+00 -1.829794120938386337e+00 0.000000000000000000e+00
-3.634083683214945903e+00 -1.617998514081867567e+00 0.000000000000000000e+00
-2.659238721079605572e+00 -1.932050215601214926e+00 0.000000000000000000e+00
-2.510602254201542038e+00 -1.961497645666392842e+00 0.000000000000000000e+00
-2.458112665535522545e+00 -1.990540579647538610e+00 0.000000000000000000e+00
-2.417636089967038160e+00 -2.028637744500510820e+00 0.000000000000000000e+00
-2.393183984544985154e+00 -2.080363295270852397e+00 0.000000000000000000e+00
-3.037975785850262067e+00 -2.735405940387307222e+00 0.000000000000000000e+00
-3.019759439854580840e+00 -2.815971496481438852e+00 0.000000000000000000e+00
-2.965605538768938398e+00 -2.965605812741222813e+00 0.000000000000000000e+00
-2.906450493983249839e+00 -3.009717869453891748e+00 0.000000000000000000e+00
-2.903266855003228120e+00 -3.113372818795238306e+00 0.000000000000000000e+00
-2.201439557450954876e+00 -2.444946548267071584e+00 0.000000000000000000e+00
-2.832862633300464061e+00 -3.258835975806931184e+00 0.000000000000000000e+00
-2.916327342202161610e+00 -3.475543908513970770e+00 0.000000000000000000e+00
-2.754535106035202574e+00 -3.401567885645233158e+00 0.000000000000000000e+00
-2.555908381179623046e+00 -3.391805300121456312e+00 0.000000000000000000e+00
-2.420499537043106386e+00 -3.331532116386825670e+00 0.000000000000000000e+00
-2.317822167414143930e+00 -3.310193424282407815e+00 0.000000000000000000e+00
-2.043290758390076789e+00 -3.029303417829335210e+00 0.000000000000000000e+00
-1.850683315006373064e+00 -2.849802673961718380e+00 0.000000000000000000e+00
3.730631813610285175e+00 -5.970258431104089603e+00 0.000000000000000000e+00
8.523601677491537965e-01 -1.312519456440427223e+00 0.000000000000000000e+00
3.566351966666043705e+00 -3.211157517080606372e+00 0.000000000000000000e+00
3.519965610522749255e+00 -3.059859215877207106e+00 0.000000000000000000e+00
3.379021960738204822e+00 -2.835335888974478191e+00 0.000000000000000000e+00
3.323076238351337253e+00 -2.690973896165564039e+00 0.000000000000000000e+00
3.301765188029321507e+00 -2.579621507629588528e+00 0.000000000000000000e+00
3.233675089846071771e+00 -2.436748793657157908e+00 0.000000000000000000e+00
3.193873835939736505e+00 -2.236374380505179893e+00 0.000000000000000000e+00
3.092310229307157154e+00 -2.085789439998805062e+00 0.000000000000000000e+00
3.020052837904869669e+00 -1.961245105671794331e+00 0.000000000000000000e+00
1.751219402396936076e+00 -1.094283254458833898e+00 0.000000000000000000e+00
2.980370760445873124e+00 -1.790787289718011710e+00 0.000000000000000000e+00
2.913309583175492268e+00 -1.681999947794717620e+00 0.000000000000000000e+00
2.830269475669732859e+00 -1.568843870533874529e+00 0.000000000000000000e+00
2.796295122592445725e+00 -1.486816376597642098e+00 0.000000000000000000e+00
2.773678438574146643e+00 -1.352813256695128308e+00 0.000000000000000000e+00
2.770582874559851305e+00 -1.291943906318289814e+00 0.000000000000000000e+00
2.769869925273134914e+00 -1.233225441805719136e+00 0.000000000000000000e+00
2.727455971153879499e+00 -1.157736272131281829e+00 0.000000000000000000e+00
2.743537162501005877e+00 -1.108460866545100121e+00 0.000000000000000000e+00
2.839018007242230635e+00 -1.089796807540603707e+00 0.000000000000000000e+00
2.906469247568849834e+00 -1.057868192061455215e+00 0.000000000000000000e+00
2.959687897035324422e+00 -9.616607930630181045e-01 0.000000000000000000e+00
3.136679601196336709e+00 -9.589790882786165538e-01 0.000000000000000000e+00
3.241374446515024932e+00 -9.294490604571432613e-01 0.000000000000000000e+00
3.343069278468254524e+00 -8.957726060299768811e-01 0.000000000000000000e+00
3.446490489784191258e+00 -8.593064814269957274e-01 0.000000000000000000e+00
3.539886369277745359e+00 -8.172470521370486241e-01 0.000000000000000000e+00
3.614255342123593007e+00 -7.682335768471398874e-01 0.000000000000000000e+00
3.757041653497514400e+00 -6.624676976855313759e-01 0.000000000000000000e+00
3.779883200835666202e+00 -5.986745722837706341e-01 0.000000000000000000e+00
3.798668293188035339e+00 -5.338679002624884262e-01 0.000000000000000000e+00
3.814354809919741740e+00 -4.683437686210358275e-01 0.000000000000000000e+00
3.859739529319576423e+00 -4.056748593570639327e-01 0.000000000000000000e+00
3.883166944783404073e+00 -3.397329742771638128e-01 0.000000000000000000e+00
3.904641572403838801e+00 -2.046334827237983600e-01 0.000000000000000000e+00
4.041536657129175758e+00 -1.411334558449654775e-01 0.000000000000000000e+00
4.033385524140995493e+00 -7.040289293311127738e-02 0.000000000000000000e+00
4.086999893188474786e+00 1.141894578893243174e-07 0.000000000000000000e+00
4.105374580922056538e+00 7.165969404722279112e-02 0.000000000000000000e+00
4.165461184108446346e+00 1.454612252329265942e-01 0.000000000000000000e+00
4.189251063676468156e+00 2.195494607703790957e-01 0.000000000000000000e+00
4.217888546869460242e+00 3.690175477422749650e-01 0.000000000000000000e+00
4.260531707939750667e+00 4.478000438467418798e-01 0.000000000000000000e+00
4.284821635350100522e+00 5.261100604488351262e-01 0.000000000000000000e+00
4.341335023207638422e+00 6.101349667873028348e-01 0.000000000000000000e+00
1.045961963334156364e+00 1.656641288157219283e-01 0.000000000000000000e+00
1.034048088855777925e+00 1.823306057630275367e-01 0.000000000000000000e+00
1.022164195071390003e+00 2.172677348825401700e-01 0.000000000000000000e+00
1.013344824082101914e+00 2.339491144678956525e-01 0.000000000000000000e+00
1.008137286366157515e+00 2.513568840926177494e-01 0.000000000000000000e+00
1.002630988751448626e+00 2.686541915874952058e-01 0.000000000000000000e+00
9.958671224655858412e-01 2.855603299765195335e-01 0.000000000000000000e+00
9.907317321790801712e-01 3.028971153999724941e-01 0.000000000000000000e+00
9.843434544628708593e-01 3.198326039702629742e-01 0.000000000000000000e+00
9.795572483876162639e-01 3.372886372166523095e-01 0.000000000000000000e+00
9.671893249967068451e-01 3.712692247905812204e-01 0.000000000000000000e+00
9.633440470103278308e-01 3.892162874703891107e-01 0.000000000000000000e+00
9.600865362303131478e-01 4.075325841459999099e-01 0.000000000000000000e+00
9.537414743005794282e-01 4.246330909483961857e-01 0.000000000000000000e+00
4.644967774800740301e+00 2.265502297047596425e+00 0.000000000000000000e+00
4.600266722621356053e+00 2.343953110383900196e+00 0.000000000000000000e+00
4.541025382271623556e+00 2.517131614853120869e+00 0.000000000000000000e+00
7.326287342833622596e+00 4.577972664364700073e+00 0.000000000000000000e+00
2.665249524227421674e+00 2.858130317878132765e+00 0.000000000000000000e+00
2.629274370694540952e+00 3.754993115550284699e+00 0.000000000000000000e+00
2.522223315424775514e+00 3.883883486380177441e+00 0.000000000000000000e+00
2.709828258757667196e+00 5.811245744869448338e+00 0.000000000000000000e+00
2.549425221110704243e+00 5.726103091986654903e+00 0.000000000000000000e+00
2.228909055956686203e+00 5.516743799609461263e+00 0.000000000000000000e+00
2.108636850006365915e+00 5.493187104932146347e+00 0.000000000000000000e+00
1.894155369578478298e+00 5.501026956088173492e+00 0.000000000000000000e+00
1.741310736465264464e+00 5.359203718703847485e+00 0.000000000000000000e+00
1.643713690372735625e+00 5.376345575663016518e+00 0.000000000000000000e+00
1.518761798646881767e+00 5.296552191874330795e+00 0.000000000000000000e+00
1.386234699659913083e+00 5.173498698692817754e+00 0.000000000000000000e+00
7.781049420691086294e-01 4.912761796732666220e+00 0.000000000000000000e+00
6.862625109242663779e-01 4.883012088962424002e+00 0.000000000000000000e+00
5.927723865511959067e-01 4.827744336256637681e+00 0.000000000000000000e+00
5.043497357549833193e-01 4.798567963825507654e+00 0.000000000000000000e+00
4.132924633879083154e-01 4.723955367753664980e+00 0.000000000000000000e+00
2.454555620064811372e-01 4.683572579111803691e+00 0.000000000000000000e+00
1.633295635454625194e-01 4.677148901512715007e+00 0.000000000000000000e+00
8.056023776185335106e-02 4.615297137572716757e+00 0.000000000000000000e+00
-7.221867268343546297e-08 4.578999996185301846e+00 0.000000000000000000e+00
-5.274122079804286628e-02 3.021539808313193465e+00 0.000000000000000000e+00
-3.867972706750136269e-01 4.421112265701788502e+00 0.000000000000000000e+00
-4.606570099690187048e-01 4.382858050490913371e+00 0.000000000000000000e+00
-6.123617215043425377e-01 4.357179587906567342e+00 0.000000000000000000e+00
-6.789256645352389485e-01 4.286567539010472494e+00 0.000000000000000000e+00
-7.484236970130369038e-01 4.244521348339407751e+00 0.000000000000000000e+00
-2.912843029844116027e-01 1.370384806894609842e+00 0.000000000000000000e+00
-3.048087014289777574e-01 1.320271452097003140e+00 0.000000000000000000e+00
-3.265945830074036271e-01 1.309899249073468885e+00 0.000000000000000000e+00
-3.538056486065407347e-01 1.320420584014514453e+00 0.000000000000000000e+00
-3.927832375367310003e-01 1.369797865530377079e+00 0.000000000000000000e+00
-4.558000927814131464e-01 1.402808378130789846e+00 0.000000000000000000e+00
-4.756550807229588673e-01 1.381402600208762044e+00 0.000000000000000000e+00
-4.873787054287739839e-01 1.339061933442954766e+00 0.000000000000000000e+00
-7.776585040542075555e-01 2.025869586668377131e+00 0.000000000000000000e+00
-1.722529786196187018e+00 3.868865113509895703e+00 0.000000000000000000e+00
-1.792324169831162717e+00 3.843651461647780820e+00 0.000000000000000000e+00
-1.859570496560357666e+00 3.812684414182132109e+00 0.000000000000000000e+00
-1.937177598528497358e+00 3.801924991974457324e+00 0.000000000000000000e+00
-1.994784749271869773e+00 3.751644362143221390e+00 0.000000000000000000e+00
-2.131000085204412642e+00 3.691000318642811973e+00 0.000000000000000000e+00
-2.204363111159516553e+00 3.668676201318215480e+00 0.000000000000000000e+00
-2.273883545850960974e+00 3.638974260765531099e+00 0.000000000000000000e+00
-2.345215852354755270e+00 3.611315634204043334e+00 0.000000000000000000e+00
-2.407325393333126229e+00 3.569006580634039860e+00 0.000000000000000000e+00
-2.287681140937727342e+00 2.726352161040447530e+00 0.000000000000000000e+00
-2.662943640016864677e+00 3.063366170402190392e+00 0.000000000000000000e+00
-1.676781154542813290e+00 1.619248707795336584e+00 0.000000000000000000e+00
-1.857118988251771796e+00 1.672157416550846820e+00 0.000000000000000000e+00
-1.892056909630905670e+00 1.644739948351352954e+00 0.000000000000000000e+00
-1.720535871705545228e+00 1.443700988953499964e+00 0.000000000000000000e+00
-1.762780058839037212e+00 1.377234697848763068e+00 0.000000000000000000e+00
-4.261229074881270229e+00 2.983744667334424783e+00 0.000000000000000000e+00
-2.919041233211827180e+00 1.968918137987160533e+00 0.000000000000000000e+00
-2.953797818160709632e+00 1.918218698013399504e+00 0.000000000000000000e+00
-4.861000540259359681e+00 2.806499920804346626e+00 0.000000000000000000e+00
-1.958432306617684748e+00 9.978710834387504169e-01 0.000000000000000000e+00
-3.791213747899316644e+00 1.687957081589725350e+00 0.000000000000000000e+00
-6.424798806989815425e+00 2.212235594717926190e+00 0.000000000000000000e+00
-3.423936352422511931e+00 7.904779728775211955e-01 0.000000000000000000e+00
