-4.209358830918567662e+00 -7.347485124440106263e-02 0.000000000000000000e+00
-4.240415301840149809e+00 -1.480787860974353831e-01 0.000000000000000000e+00
-4.302096111645710153e+00 -2.254635272362134624e-01 0.000000000000000000e+00
-4.327432655517945648e+00 -3.026037944742205332e-01 0.000000000000000000e+00
-4.399195656708243085e+00 -3.848799773287207016e-01 0.000000000000000000e+00
-4.426755846283582763e+00 -5.435375034577808462e-01 0.000000000000000000e+00
-4.461157730910598751e+00 -6.269750641367436428e-01 0.000000000000000000e+00
-4.586824669378771979e+00 -7.264818981991429947e-01 0.000000000000000000e+00
-4.647307609492705716e+00 -8.194459632209780686e-01 0.000000000000000000e+00
-4.722608205627097711e+00 -9.179822918624518380e-01 0.000000000000000000e+00
-1.060311979383904202e+00 -2.253763247701374151e-01 0.000000000000000000e+00
-1.047447853889325486e+00 -2.418224470611398946e-01 0.000000000000000000e+00
-1.042097597855095703e+00 -2.598241686085652757e-01 0.000000000000000000e+00
-1.037404324388224941e+00 -2.779717068140268310e-01 0.000000000000000000e+00
-1.028983877981711093e+00 -3.145919984578994799e-01 0.000000000000000000e+00
-1.022385783810015436e+00 -3.321933346459132741e-01 0.000000000000000000e+00
-1.019268959259847618e+00 -3.509625047136702980e-01 0.000000000000000000e+00
-1.015807676960779782e+00 -3.697238151788239113e-01 0.000000000000000000e+00
-1.012001155105374250e+00 -3.884709042609177931e-01 0.000000000000000000e+00
-1.007848841333780054e+00 -4.071974213755541472e-01 0.000000000000000000e+00
-1.005191286014881724e+00 -4.266784447125795410e-01 0.000000000000000000e+00
-9.942196223035651981e-01 -4.636122829516493016e-01 0.000000000000000000e+00
-9.940661435651713118e-01 -4.848385134082543457e-01 0.000000000000000000e+00
-3.560105398310678293e+00 -2.882916785108302626e+00 0.000000000000000000e+00
-3.033957218286058133e+00 -3.615729748891522100e+00 0.000000000000000000e+00
-2.907769010101842522e+00 -3.721774959925512327e+00 0.000000000000000000e+00
-2.873064849550156730e+00 -3.812686188618132022e+00 0.000000000000000000e+00
1.947983389532562226e+00 -3.117424832056184147e+00 0.000000000000000000e+00
2.051119668316823130e+00 -3.040909729063508316e+00 0.000000000000000000e+00
1.782512457648549153e+00 -2.050545873611673287e+00 0.000000000000000000e+00
1.633141935740829220e+00 -1.691167865575080809e+00 0.000000000000000000e+00
1.697056400022737943e+00 -1.697056284542603599e+00 0.000000000000000000e+00
3.723303013466540357e+00 -3.595551681466020444e+00 0.000000000000000000e+00
4.283628719979360788e+00 -3.468813906011519066e+00 0.000000000000000000e+00
4.425468644898834292e+00 -3.457554807080370551e+00 0.000000000000000000e+00
4.523471668615799857e+00 -3.408680162782394607e+00 0.000000000000000000e+00
4.696343625409673983e+00 -3.412093134585480136e+00 0.000000000000000000e+00
3.680528940927855430e+00 -2.299849568875188766e+00 0.000000000000000000e+00
3.710052828971126981e+00 -2.141999841240070701e+00 0.000000000000000000e+00
3.321813532182108730e+00 -1.209041134219508651e+00 0.000000000000000000e+00
1.920183176141857073e+00 -6.239052698240649120e-01 0.000000000000000000e+00
4.754296045361664724e+00 -5.837540129287605017e-01 0.000000000000000000e+00
7.266570604737683681e+00 2.537544383895026789e-01 0.000000000000000000e+00
6.767150788406300244e+00 5.920491642656914300e-01 0.000000000000000000e+00
6.736891466942856788e+00 7.080760104814631806e-01 0.000000000000000000e+00
6.736410886817136401e+00 8.271274373786101641e-01 0.000000000000000000e+00
6.658562446419088232e+00 9.358001065062664381e-01 0.000000000000000000e+00
6.503280056901935779e+00 1.264109766397505830e+00 0.000000000000000000e+00
7.098683472529257799e+00 1.769900769414310959e+00 0.000000000000000000e+00
6.973018358917288495e+00 1.868414831734353854e+00 0.000000000000000000e+00
3.847930331385354119e+00 1.103376374587596187e+00 0.000000000000000000e+00
3.744889289201452254e+00 1.144927659374030515e+00 0.000000000000000000e+00
2.753302803085857509e+00 1.526180751591443618e+00 0.000000000000000000e+00
2.682080537775959783e+00 1.548500005883844510e+00 0.000000000000000000e+00
2.642646702942688997e+00 1.587862419218206922e+00 0.000000000000000000e+00
2.613684208346325644e+00 1.633211243181087902e+00 0.000000000000000000e+00
2.575819790666843190e+00 1.737412474138663843e+00 0.000000000000000000e+00
3.286226812497323735e+00 2.387583651795657680e+00 0.000000000000000000e+00
3.264023187842835849e+00 2.459618010209494887e+00 0.000000000000000000e+00
3.236360008208482242e+00 2.528521675455707385e+00 0.000000000000000000e+00
3.216607027995428414e+00 2.604757133055095597e+00 0.000000000000000000e+00
2.439851461371879360e+00 2.047278555045010329e+00 0.000000000000000000e+00
3.137557480991777226e+00 2.825069571574171157e+00 0.000000000000000000e+00
3.097282960097457849e+00 2.888263214452061245e+00 0.000000000000000000e+00
3.073019443792235350e+00 2.967580512233094492e+00 0.000000000000000000e+00
2.123663017262088282e+00 2.442994947809805861e+00 0.000000000000000000e+00
2.074275562875692813e+00 2.472025460416356957e+00 0.000000000000000000e+00
2.144348885830643869e+00 2.744641531212278718e+00 0.000000000000000000e+00
2.048578308735071296e+00 2.718555353793708829e+00 0.000000000000000000e+00
1.939691249436551690e+00 2.669756082893481874e+00 0.000000000000000000e+00
1.842901069945813486e+00 2.631935604521484784e+00 0.000000000000000000e+00
1.740767409008199484e+00 2.580793929245063456e+00 0.000000000000000000e+00
1.663872236488966205e+00 2.562138674726197607e+00 0.000000000000000000e+00
1.586578203847716972e+00 2.539055996194033327e+00 0.000000000000000000e+00
1.500305917379054943e+00 2.496928468451056649e+00 0.000000000000000000e+00
1.427499960512701893e+00 2.472502572626738893e+00 0.000000000000000000e+00
1.317806591555233275e+00 2.478433849880104844e+00 0.000000000000000000e+00
1.249835807666801690e+00 2.452941004059076668e+00 0.000000000000000000e+00
1.167820703916065295e+00 2.394387392722269414e+00 0.000000000000000000e+00
1.124164566333357484e+00 2.410778812836176233e+00 0.000000000000000000e+00
1.065649912795490151e+00 2.393489014741568610e+00 0.000000000000000000e+00
1.008477032799420581e+00 2.375823128321122191e+00 0.000000000000000000e+00
9.773485447282727057e-01 2.419022664822357616e+00 0.000000000000000000e+00
9.543338416479304476e-01 2.486124793240211961e+00 0.000000000000000000e+00
9.385032112939885041e-01 2.578516529344970110e+00 0.000000000000000000e+00
8.692647452730135615e-01 2.675321961697567197e+00 0.000000000000000000e+00
8.458312588686792699e-01 2.766589566668935518e+00 0.000000000000000000e+00
8.189185208199132315e-01 2.855908471150366168e+00 0.000000000000000000e+00
7.994919737562956596e-01 2.983744878741154238e+00 0.000000000000000000e+00
7.685858189413176111e-01 3.082629580372144851e+00 0.000000000000000000e+00
7.434631931740678379e-01 3.220293142193817904e+00 0.000000000000000000e+00
7.189585565131410005e-01 3.382434361738757556e+00 0.000000000000000000e+00
6.207921831522342782e-01 3.520687774608202147e+00 0.000000000000000000e+00
5.761480866700664505e-01 3.637656254857625893e+00 0.000000000000000000e+00
5.483419599903858188e-01 3.901656256746757201e+00 0.000000000000000000e+00
5.003954493801177072e-01 4.075394453997251532e+00 0.000000000000000000e+00
-2.264817936278778095e-08 1.435999989509582297e+00 0.000000000000000000e+00
-3.649387324785138831e-01 6.963443789759057090e+00 0.000000000000000000e+00
-4.833427049323746338e-01 6.912121197948045470e+00 0.000000000000000000e+00
-7.252186025118866342e-01 6.899993100286834213e+00 0.000000000000000000e+00
-1.880398137984837348e+00 6.557727289770235224e+00 0.000000000000000000e+00
-1.989297137602266563e+00 6.506697437921717508e+00 0.000000000000000000e+00
-2.589655502322494751e+00 6.409622052513467949e+00 0.000000000000000000e+00
-7.726222720921490650e-01 1.236454068444977850e+00 0.000000000000000000e+00
-8.600386928539643927e-01 1.275059766700571418e+00 0.000000000000000000e+00
-1.921292241801829448e+00 2.289706883398769044e+00 0.000000000000000000e+00
-3.273924808729591351e+00 3.390248317865540706e+00 0.000000000000000000e+00
-3.244205816735151071e+00 3.244205753877168252e+00 0.000000000000000000e+00
-3.128408804067269511e+00 3.021069207342489182e+00 0.000000000000000000e+00
-3.112641412114617534e+00 2.902585019731008575e+00 0.000000000000000000e+00
-3.072160603795512035e+00 2.766185780754908841e+00 0.000000000000000000e+00
-3.049781354439299985e+00 2.651134435677165779e+00 0.000000000000000000e+00
-2.975316687789442138e+00 2.496587089668422799e+00 0.000000000000000000e+00
-2.913520286771739798e+00 2.359322165796550408e+00 0.000000000000000000e+00
-2.908630514466449934e+00 2.191810265182404294e+00 0.000000000000000000e+00
-2.881718581017553849e+00 2.093691065556057662e+00 0.000000000000000000e+00
-2.847372580377036222e+00 1.993751709499672842e+00 0.000000000000000000e+00
-2.734107056146354076e+00 1.708459674077123402e+00 0.000000000000000000e+00
-2.704362821857754451e+00 1.624945090525528268e+00 0.000000000000000000e+00
-2.678616529589429973e+00 1.546499947057576430e+00 0.000000000000000000e+00
-2.666501724069703094e+00 1.417804090955250063e+00 0.000000000000000000e+00
-2.639161239230963574e+00 1.344719792592281804e+00 0.000000000000000000e+00
-2.614591817761329207e+00 1.275221612278991445e+00 0.000000000000000000e+00
-2.587508757702489781e+00 1.206575127260016256e+00 0.000000000000000000e+00
-2.643800611267664191e+00 1.177095848677274903e+00 0.000000000000000000e+00
-2.724694409098103787e+00 1.156564136941662158e+00 0.000000000000000000e+00
-2.830692290757168550e+00 1.143673901075015209e+00 0.000000000000000000e+00
-2.909036557398056999e+00 1.116674489483831412e+00 0.000000000000000000e+00
-3.037951245763834685e+00 1.046050480769097790e+00 0.000000000000000000e+00
-3.141339654089155609e+00 1.020683105203468166e+00 0.000000000000000000e+00
-3.268649645363762790e+00 9.993264624313883404e-01 0.000000000000000000e+00
-3.374028549155636103e+00 9.674870968311578556e-01 0.000000000000000000e+00
-3.450287082504110092e+00 9.245016165862904867e-01 0.000000000000000000e+00
-3.676450545210573573e+00 9.166420505251026141e-01 0.000000000000000000e+00
-3.677272560287926151e+00 8.489652435034034106e-01 0.000000000000000000e+00
-3.738480160276859365e+00 7.946384683194833709e-01 0.000000000000000000e+00
-3.779692217593191739e+00 6.664616974219264023e-01 0.000000000000000000e+00
-3.820378534480704857e+00 6.050884971333083673e-01 0.000000000000000000e+00
-3.851152461430715768e+00 5.412441630952641303e-01 0.000000000000000000e+00
-3.875892695927801945e+00 4.758997648745152409e-01 0.000000000000000000e+00
-3.872668315474287581e+00 4.070338244490436796e-01 0.000000000000000000e+00
-3.906079416480465749e+00 3.417376509290115383e-01 0.000000000000000000e+00
-4.011204955927543558e+00 2.804907579141056595e-01 0.000000000000000000e+00
-4.075515861757964764e+00 1.423201341600076608e-01 0.000000000000000000e+00
-4.113373261763080713e+00 7.179918197369454524e-02 0.000000000000000000e+00
-4.188000202178954190e+00 -1.509249958589981064e-08 0.000000000000000000e+00
