-2.356765590853771464e+00 -1.235129734885358904e-01 0.000000000000000000e+00
-6.853264886330122430e+00 -4.792273211914880870e-01 0.000000000000000000e+00
-6.882709058240885192e+00 -6.021593748067334273e-01 0.000000000000000000e+00
-6.853250139047461609e+00 -7.203059715436662680e-01 0.000000000000000000e+00
-6.832849719594826787e+00 -9.602947596980064837e-01 0.000000000000000000e+00
-3.925306290676281229e+00 -8.343498164603974088e-01 0.000000000000000000e+00
-6.638374394373964371e+00 -2.156938957501111975e+00 0.000000000000000000e+00
-6.703726730536675227e+00 -2.308278597999897208e+00 0.000000000000000000e+00
-6.588277094341640883e+00 -2.529003003058724719e+00 0.000000000000000000e+00
-1.431384968963515636e+00 -6.075869546816533573e-01 0.000000000000000000e+00
-4.104565066819666264e+00 -2.768564380240979172e+00 0.000000000000000000e+00
-3.861482792592194624e+00 -2.703839633640912066e+00 0.000000000000000000e+00
-3.710960738964339534e+00 -2.696171065414125323e+00 0.000000000000000000e+00
-3.486043694380183577e+00 -2.626922603110679155e+00 0.000000000000000000e+00
-3.335649240857925690e+00 -2.606095060164187238e+00 0.000000000000000000e+00
-3.190961154783450215e+00 -2.583989642025477984e+00 0.000000000000000000e+00
-3.084860813134056912e+00 -2.588505816911265356e+00 0.000000000000000000e+00
-2.922990014924387481e+00 -2.540916694563310152e+00 0.000000000000000000e+00
-2.732337355504783627e+00 -2.547946041769295178e+00 0.000000000000000000e+00
-2.619116119185394886e+00 -2.529251270700788812e+00 0.000000000000000000e+00
-2.518007208370297345e+00 -2.518007440991992141e+00 0.000000000000000000e+00
-2.319476323960837139e+00 -2.487334062459352957e+00 0.000000000000000000e+00
-2.211476586230543440e+00 -2.456093799067782690e+00 0.000000000000000000e+00
-2.124318969253410572e+00 -2.443749654400504401e+00 0.000000000000000000e+00
-1.989281653031200303e+00 -2.456558484815955623e+00 0.000000000000000000e+00
-1.917169773632480423e+00 -2.453865638103599256e+00 0.000000000000000000e+00
-1.839146597212153456e+00 -2.440630197098653476e+00 0.000000000000000000e+00
-1.763355647721218000e+00 -2.427051062431460959e+00 0.000000000000000000e+00
-1.701801182050279193e+00 -2.430424197963207078e+00 0.000000000000000000e+00
-1.707215806214907650e+00 -2.531051763192960102e+00 0.000000000000000000e+00
3.120872904978216678e+00 -3.590153342216540366e+00 0.000000000000000000e+00
3.144913842513940239e+00 -3.492780429723077340e+00 0.000000000000000000e+00
3.258642520489948513e+00 -3.374422881100850091e+00 0.000000000000000000e+00
4.928534284200093651e+00 -4.928533948826560263e+00 0.000000000000000000e+00
4.784625599606501467e+00 -3.605473751692624074e+00 0.000000000000000000e+00
4.801515929769907487e+00 -3.488505281199811847e+00 0.000000000000000000e+00
4.792039490597394646e+00 -3.355421941389208129e+00 0.000000000000000000e+00
4.854844087151937160e+00 -3.274633454901112906e+00 0.000000000000000000e+00
4.794679744230395890e+00 -3.113701211982491834e+00 0.000000000000000000e+00
4.755853650910678354e+00 -2.971786975250092055e+00 0.000000000000000000e+00
1.771105021646189215e+00 -9.817394708056502717e-01 0.000000000000000000e+00
4.555851250063388314e+00 -2.028395492292488722e+00 0.000000000000000000e+00
4.524657372907088693e+00 -1.828080078864406044e+00 0.000000000000000000e+00
4.548112478716350715e+00 -1.655377406513514948e+00 0.000000000000000000e+00
4.482329235018941205e+00 -1.456396902942236116e+00 0.000000000000000000e+00
4.492719741272053646e+00 -1.373562119552527161e+00 0.000000000000000000e+00
3.032041134112674730e+00 -8.124328759165402314e-01 0.000000000000000000e+00
4.496350258743452066e+00 -1.121065887620114498e+00 0.000000000000000000e+00
4.476003658038235855e+00 -9.514038092768514199e-01 0.000000000000000000e+00
4.424193711148143748e+00 -8.599760061488734841e-01 0.000000000000000000e+00
4.410954038685710898e+00 -7.777700744639223229e-01 0.000000000000000000e+00
4.320539518434937776e+00 -6.072121024213328333e-01 0.000000000000000000e+00
1.502714936655247913e+00 -1.845101495975012273e-01 0.000000000000000000e+00
1.446034836441352667e+00 -1.519843436176571139e-01 0.000000000000000000e+00
1.410611704579851633e+00 -1.234124921131413144e-01 0.000000000000000000e+00
1.427514153056664847e+00 -9.982147287241151246e-02 0.000000000000000000e+00
1.461993627719363475e+00 -7.661979780029642972e-02 0.000000000000000000e+00
1.525070426407754143e+00 -5.325658974444926613e-02 0.000000000000000000e+00
1.539765413154239759e+00 -2.687666201893580686e-02 0.000000000000000000e+00
1.513769467897372989e+00 2.642298645089518130e-02 0.000000000000000000e+00
1.555052119620610629e+00 5.430365969656446301e-02 0.000000000000000000e+00
2.257901292918348179e+00 1.183316549421419978e-01 0.000000000000000000e+00
2.222572625515229827e+00 1.554174792089625945e-01 0.000000000000000000e+00
4.249035268469071980e+00 6.729811893105379639e-01 0.000000000000000000e+00
4.246490811973155033e+00 7.487710198961408103e-01 0.000000000000000000e+00
4.253390743749770664e+00 8.267755244174798124e-01 0.000000000000000000e+00
4.222919943044182389e+00 9.749380049766341871e-01 0.000000000000000000e+00
4.211083572745510040e+00 1.049941173502510372e+00 0.000000000000000000e+00
4.201777223066580191e+00 1.125862930388178418e+00 0.000000000000000000e+00
4.181488254752044220e+00 1.199022579301183500e+00 0.000000000000000000e+00
2.130552608514971968e+00 1.132834982608883490e+00 0.000000000000000000e+00
2.192776348307067025e+00 1.266000084796515379e+00 0.000000000000000000e+00
1.864505531407708139e+00 1.257624923958539753e+00 0.000000000000000000e+00
4.030713294701916638e+00 3.037360472978677173e+00 0.000000000000000000e+00
4.031658504815765376e+00 3.504667428167637322e+00 0.000000000000000000e+00
4.103645522132526757e+00 3.694939189907255006e+00 0.000000000000000000e+00
1.523815059922484449e+00 1.523815126530560171e+00 0.000000000000000000e+00
2.699707769938186175e+00 3.217386572167319603e+00 0.000000000000000000e+00
1.733999908025030789e+00 3.003376078544044869e+00 0.000000000000000000e+00
1.663381745197423323e+00 3.000820242946800498e+00 0.000000000000000000e+00
8.575880477289464787e-01 1.683111392681521989e+00 0.000000000000000000e+00
1.355759304605495208e+00 2.907435356647969815e+00 0.000000000000000000e+00
5.888240909624922192e-01 6.730291431794634960e+00 0.000000000000000000e+00
4.678565448265616933e-01 6.690661872011075317e+00 0.000000000000000000e+00
2.342802074816387747e-01 6.708910446355988100e+00 0.000000000000000000e+00
1.168961109897461159e-01 6.696979818247571714e+00 0.000000000000000000e+00
-1.050080634583757571e-07 6.657999992370603692e+00 0.000000000000000000e+00
-2.462858631471850634e-01 7.052701222575691986e+00 0.000000000000000000e+00
-5.065018770884625043e-01 7.243312717243697740e+00 0.000000000000000000e+00
-6.297874911323194658e-01 7.198502711695888401e+00 0.000000000000000000e+00
-5.374865704961666601e-01 3.824415262251485981e+00 0.000000000000000000e+00
-6.099380242029185384e-01 3.850996761399803514e+00 0.000000000000000000e+00
-1.114524323040324560e+00 2.903435014056204633e+00 0.000000000000000000e+00
-1.148169266622597329e+00 2.841818552607597859e+00 0.000000000000000000e+00
-1.189776351551392164e+00 2.802937333926534880e+00 0.000000000000000000e+00
-1.288140537126969853e+00 2.762426207086319696e+00 0.000000000000000000e+00
-1.355881962663077145e+00 2.779969910298262903e+00 0.000000000000000000e+00
-1.774648869331221457e+00 3.482944410163913762e+00 0.000000000000000000e+00
-1.908401972608404273e+00 3.589181992619862260e+00 0.000000000000000000e+00
-1.982871463176658855e+00 3.577194712157645728e+00 0.000000000000000000e+00
-2.053999942498109466e+00 3.557632162893890282e+00 0.000000000000000000e+00
-2.127622350071445290e+00 3.540958130529613612e+00 0.000000000000000000e+00
-1.679844138817502275e+00 2.688312510290443047e+00 0.000000000000000000e+00
-2.367063488684131300e+00 3.509315853722309253e+00 0.000000000000000000e+00
-2.507102535605308713e+00 3.580513404793420840e+00 0.000000000000000000e+00
-2.492797395528508098e+00 3.431041187924502189e+00 0.000000000000000000e+00
-2.480079633361986335e+00 3.291176760915022648e+00 0.000000000000000000e+00
-2.489735131698826098e+00 3.186715578344298638e+00 0.000000000000000000e+00
-2.471341236501889860e+00 3.051852200270009696e+00 0.000000000000000000e+00
-2.310821503754390438e+00 2.753929770980707126e+00 0.000000000000000000e+00
-2.157946165884147227e+00 2.396641969511922099e+00 0.000000000000000000e+00
-2.404044309933015544e+00 2.578021844015115249e+00 0.000000000000000000e+00
-2.411159197915369479e+00 2.496828391734078778e+00 0.000000000000000000e+00
-2.380121404024821530e+00 2.380121357908872248e+00 0.000000000000000000e+00
-2.363031327652323821e+00 2.281952784007882595e+00 0.000000000000000000e+00
-2.346182654944565904e+00 2.187850679262265619e+00 0.000000000000000000e+00
-2.317125607883264049e+00 2.086349229539300687e+00 0.000000000000000000e+00
-2.342563991982933747e+00 1.965644545707800228e+00 0.000000000000000000e+00
-2.330660811489374318e+00 1.887331877682943526e+00 0.000000000000000000e+00
-2.311235625251565118e+00 1.805735140943804051e+00 0.000000000000000000e+00
-2.300070375249170684e+00 1.733227315755449416e+00 0.000000000000000000e+00
-2.291136156058331874e+00 1.664607825174222899e+00 0.000000000000000000e+00
-2.280519238990202258e+00 1.596836733843079559e+00 0.000000000000000000e+00
-2.236743345175340902e+00 1.508702409623763341e+00 0.000000000000000000e+00
-2.242605131227417115e+00 1.456364775047434668e+00 0.000000000000000000e+00
-2.249871708920710756e+00 1.405875851824092582e+00 0.000000000000000000e+00
-2.265522411809218095e+00 1.307999951175442765e+00 0.000000000000000000e+00
-2.319491429634765733e+00 1.285715071397961706e+00 0.000000000000000000e+00
-2.398968625959560175e+00 1.275554221944260602e+00 0.000000000000000000e+00
-2.497491272738700196e+00 1.272535340529949988e+00 0.000000000000000000e+00
-2.599312354921776702e+00 1.267769320451009429e+00 0.000000000000000000e+00
-2.713485485194198965e+00 1.265319038967613219e+00 0.000000000000000000e+00
-2.848962555889684722e+00 1.209312834727157560e+00 0.000000000000000000e+00
-2.955862102614039255e+00 1.194245786790252062e+00 0.000000000000000000e+00
-3.125627321940220416e+00 1.199815892711284082e+00 0.000000000000000000e+00
-3.265431775111835577e+00 1.188519944841620379e+00 0.000000000000000000e+00
-3.405757914743822834e+00 1.172696470711526828e+00 0.000000000000000000e+00
-3.555049185069210971e+00 1.155105477576770623e+00 0.000000000000000000e+00
-3.884458413369510144e+00 1.113850501962328821e+00 0.000000000000000000e+00
-4.053024869027610499e+00 1.086004716094809197e+00 0.000000000000000000e+00
-4.256687438436798310e+00 1.061311352901571414e+00 0.000000000000000000e+00
-1.479886368771385685e+00 1.817071911405726825e-01 0.000000000000000000e+00
-1.472886874610676244e+00 1.548066420142567012e-01 0.000000000000000000e+00
-6.996914189663739236e+00 4.892718735846599554e-01 0.000000000000000000e+00
-6.963443796829910326e+00 3.649385975585799358e-01 0.000000000000000000e+00
