-2.539451976284887280e+00 -8.867974932498130791e-02 0.000000000000000000e+00
-3.630999443111821989e+00 -3.816336086499088620e-01 0.000000000000000000e+00
-5.220972219975292816e+00 -2.109410000644394767e+00 0.000000000000000000e+00
-7.197896201012480510e+00 -3.356434549610511464e+00 0.000000000000000000e+00
-6.190558181259293136e+00 -3.431482824736123760e+00 0.000000000000000000e+00
-5.986833542192197655e+00 -3.456500342088591804e+00 0.000000000000000000e+00
-5.877821375686759886e+00 -3.672870825547666307e+00 0.000000000000000000e+00
-5.805277433472840976e+00 -3.769991640550273360e+00 0.000000000000000000e+00
-5.717871818037991716e+00 -3.856753636133603003e+00 0.000000000000000000e+00
-6.024341974427239954e+00 -4.706732251097411002e+00 0.000000000000000000e+00
-5.573739166470801365e+00 -4.676922924019406125e+00 0.000000000000000000e+00
-3.078848976326432396e+00 -2.772208329844076946e+00 0.000000000000000000e+00
-1.963202570679613013e+00 -2.702116780068538837e+00 0.000000000000000000e+00
-1.889360608931688112e+00 -2.698286845172967574e+00 0.000000000000000000e+00
-1.808988864171757305e+00 -2.681936541115873318e+00 0.000000000000000000e+00
3.573157676686372852e+00 -3.968393358423020434e+00 0.000000000000000000e+00
1.063440273196005537e+00 -9.575258581199309615e-01 0.000000000000000000e+00
1.220628708420407937e+00 -9.536596001700431424e-01 0.000000000000000000e+00
4.352996340509770690e+00 -2.029835363521057978e+00 0.000000000000000000e+00
4.259862625709494921e+00 -1.896612877265068997e+00 0.000000000000000000e+00
4.022606157260211646e+00 -1.707494861883520842e+00 0.000000000000000000e+00
3.923842004817250206e+00 -1.585334934876865276e+00 0.000000000000000000e+00
3.854619395703700047e+00 -1.402966590693816684e+00 0.000000000000000000e+00
3.742362509235696244e+00 -1.288598623159486145e+00 0.000000000000000000e+00
3.619721131299934225e+00 -1.176118568880073489e+00 0.000000000000000000e+00
3.481905679658716224e+00 -1.064525281089506725e+00 0.000000000000000000e+00
1.811110938834884942e+00 -4.852856552924494360e-01 0.000000000000000000e+00
3.259223337341636384e+00 -8.126155422442965515e-01 0.000000000000000000e+00
3.194630115786789570e+00 -6.790394945124366144e-01 0.000000000000000000e+00
3.110776474140954040e+00 -6.046735977027009046e-01 0.000000000000000000e+00
3.050934483427292676e+00 -5.379619736565723898e-01 0.000000000000000000e+00
2.980843314533360378e+00 -4.721191109764086291e-01 0.000000000000000000e+00
2.926242079515068095e+00 -4.112564177956551936e-01 0.000000000000000000e+00
2.874413574477819200e+00 -3.529335243133110422e-01 0.000000000000000000e+00
2.820464069643209282e+00 -2.964426371475558097e-01 0.000000000000000000e+00
2.778387054135330381e+00 -2.430772900100520162e-01 0.000000000000000000e+00
2.801155915813446029e+00 -1.468022813557218198e-01 0.000000000000000000e+00
2.870250437058322390e+00 -1.002312728273779818e-01 0.000000000000000000e+00
2.932553379055463427e+00 -5.118782728071748916e-02 0.000000000000000000e+00
3.006999969482420543e+00 8.401460860341102075e-08 0.000000000000000000e+00
3.086529726654541506e+00 5.387566262712285836e-02 0.000000000000000000e+00
3.153078027605839218e+00 1.101079983413005975e-01 0.000000000000000000e+00
3.231110034417237653e+00 2.259413127071605576e-01 0.000000000000000000e+00
3.339244618138462517e+00 2.921461405640080056e-01 0.000000000000000000e+00
3.446018272264872007e+00 3.621912097359059057e-01 0.000000000000000000e+00
3.531479282919286256e+00 4.336112298543010057e-01 0.000000000000000000e+00
3.610517274341549676e+00 5.074252103302840933e-01 0.000000000000000000e+00
3.618890098533260158e+00 5.731759819853260440e-01 0.000000000000000000e+00
3.622122872300729046e+00 6.386780891259117299e-01 0.000000000000000000e+00
3.629905692435749565e+00 7.715603730158754336e-01 0.000000000000000000e+00
3.627579777588173293e+00 8.374928814553646017e-01 0.000000000000000000e+00
3.626965319834915213e+00 9.043041199198054159e-01 0.000000000000000000e+00
3.635744725953589995e+00 9.741949641770931700e-01 0.000000000000000000e+00
3.670097203137664188e+00 1.052383540666701478e+00 0.000000000000000000e+00
3.629176593389678462e+00 1.109550734785724968e+00 0.000000000000000000e+00
3.670503049556475439e+00 1.263855658791040781e+00 0.000000000000000000e+00
3.677017291731713655e+00 1.338324950157085524e+00 0.000000000000000000e+00
3.673638889450437706e+00 1.410177953164898357e+00 0.000000000000000000e+00
3.698536434605046441e+00 1.494305824194824384e+00 0.000000000000000000e+00
3.701349892446235579e+00 1.571129923787704552e+00 0.000000000000000000e+00
3.738227978541981411e+00 1.664366438884445687e+00 0.000000000000000000e+00
3.740332062887570697e+00 1.744145596803144516e+00 0.000000000000000000e+00
3.736881108864204215e+00 1.904036141031825391e+00 0.000000000000000000e+00
3.738400242034181531e+00 1.987742783841273564e+00 0.000000000000000000e+00
3.749494791397478100e+00 2.078379018976636239e+00 0.000000000000000000e+00
3.736899615355162574e+00 2.157500117861178346e+00 0.000000000000000000e+00
7.963084281559403843e-01 4.784704008173130130e-01 0.000000000000000000e+00
7.683315791472912215e-01 4.801068811401575376e-01 0.000000000000000000e+00
7.522875003742183209e-01 4.885412401215812328e-01 0.000000000000000000e+00
7.411595730555584627e-01 4.999184695372831944e-01 0.000000000000000000e+00
7.224521692670274886e-01 5.248922508898399286e-01 0.000000000000000000e+00
7.131815034767214900e-01 5.374208360507801707e-01 0.000000000000000000e+00
7.029055951008349457e-01 5.491700640545864598e-01 0.000000000000000000e+00
6.939913360306730894e-01 5.619831291392989314e-01 0.000000000000000000e+00
6.848437144518612074e-01 5.746521345058893671e-01 0.000000000000000000e+00
6.754650467538259040e-01 5.871728335612197425e-01 0.000000000000000000e+00
6.666009060768988137e-01 6.002101786343509993e-01 0.000000000000000000e+00
6.589496883021760398e-01 6.144805526059978762e-01 0.000000000000000000e+00
6.371032121091352307e-01 6.371032399578028249e-01 0.000000000000000000e+00
6.307497808899763525e-01 6.531605469195660429e-01 0.000000000000000000e+00
6.219824903049254727e-01 6.669945896510963701e-01 0.000000000000000000e+00
6.162692763278126984e-01 6.844364003185881007e-01 0.000000000000000000e+00
5.390128745190974513e+00 6.656254947208084971e+00 0.000000000000000000e+00
1.346710651562782912e+00 3.333226008940122220e+00 0.000000000000000000e+00
1.072681612782506733e+00 4.302291284061699805e+00 0.000000000000000000e+00
1.014304187549095237e+00 4.393434468918043123e+00 0.000000000000000000e+00
9.541067178795140657e-01 4.488719576512152365e+00 0.000000000000000000e+00
8.580680175100596774e-01 4.414377672216263093e+00 0.000000000000000000e+00
1.201992557157448349e+00 6.816839219311694009e+00 0.000000000000000000e+00
6.787032081038347764e-01 6.457430708231473027e+00 0.000000000000000000e+00
2.074774185750025146e-01 5.941378641513707315e+00 0.000000000000000000e+00
-9.314773774654416809e-08 5.906000137329100674e+00 0.000000000000000000e+00
-1.015905506086759585e-01 5.820113531083856095e+00 0.000000000000000000e+00
-1.977755292152119926e-01 5.663547630657511434e+00 0.000000000000000000e+00
-2.771713057296888438e-01 5.288742015610647940e+00 0.000000000000000000e+00
-3.826841025711255062e-01 5.472636434783245463e+00 0.000000000000000000e+00
-4.726456621715990902e-01 5.402363700009908065e+00 0.000000000000000000e+00
-1.164854005997227215e+00 4.671973961372778206e+00 0.000000000000000000e+00
-1.241813805566620355e+00 4.634511961133370939e+00 0.000000000000000000e+00
-1.379702095237874460e+00 4.512801993471925677e+00 0.000000000000000000e+00
-1.519426575499229326e+00 4.412734999131522784e+00 0.000000000000000000e+00
-1.583211364227441464e+00 4.349837296576507306e+00 0.000000000000000000e+00
-1.638099988103455251e+00 4.267396200928441630e+00 0.000000000000000000e+00
-1.186650449516737593e+00 2.795573170482114733e+00 0.000000000000000000e+00
-1.869240561702616210e+00 4.008599190980268290e+00 0.000000000000000000e+00
-1.956012059303565476e+00 4.010418914611414642e+00 0.000000000000000000e+00
-1.999374120093294627e+00 3.923992534945583976e+00 0.000000000000000000e+00
-2.142373829798403850e+00 3.864944590579847183e+00 0.000000000000000000e+00
-2.203500077138856206e+00 3.816573984824041865e+00 0.000000000000000000e+00
-2.243505870041798911e+00 3.733820690099753037e+00 0.000000000000000000e+00
-2.366456534084838026e+00 3.644023414997858534e+00 0.000000000000000000e+00
-2.426897326596749505e+00 3.598023164269577467e+00 0.000000000000000000e+00
-8.517610296155537775e-01 1.216440788084008018e+00 0.000000000000000000e+00
-8.493497331409016748e-01 1.169029590044672329e+00 0.000000000000000000e+00
-8.650043669919621481e-01 1.107155077073709082e+00 0.000000000000000000e+00
-8.992988630732144939e-01 1.110541585044364510e+00 0.000000000000000000e+00
-9.391126872826632832e-01 1.119190895364069460e+00 0.000000000000000000e+00
-1.012299082381647342e+00 1.164516858973958513e+00 0.000000000000000000e+00
-1.021762414180807044e+00 1.134782101337653781e+00 0.000000000000000000e+00
-1.038683514767873461e+00 1.113851678617598040e+00 0.000000000000000000e+00
-3.056822612314338716e+00 3.056822553086991689e+00 0.000000000000000000e+00
-3.130567010084517321e+00 3.023153362627224006e+00 0.000000000000000000e+00
-3.175537805897173271e+00 2.961236854689511588e+00 0.000000000000000000e+00
-3.286005607513713400e+00 2.856481042231796330e+00 0.000000000000000000e+00
-3.364467371575621257e+00 2.823123278929687618e+00 0.000000000000000000e+00
-3.417110689611954744e+00 2.767121625885367919e+00 0.000000000000000000e+00
-3.483007614849284117e+00 2.721223737464522063e+00 0.000000000000000000e+00
-3.555525426511244813e+00 2.679280537416050212e+00 0.000000000000000000e+00
-3.601743795311907803e+00 2.616819995658199449e+00 0.000000000000000000e+00
-3.656694931413458693e+00 2.560445310483038917e+00 0.000000000000000000e+00
-3.154375738579919375e+00 1.895340125463343073e+00 0.000000000000000000e+00
-3.167054971807140795e+00 1.828500008166120017e+00 0.000000000000000000e+00
-2.331638793416475508e+00 9.897219298292063705e-01 0.000000000000000000e+00
-2.457037309555297977e+00 9.927074921147012176e-01 0.000000000000000000e+00
-2.543073066699978568e+00 9.761942699741393836e-01 0.000000000000000000e+00
-2.270171988665655949e+00 7.376235778009350152e-01 0.000000000000000000e+00
-5.254636558212607333e+00 1.407975590574698455e+00 0.000000000000000000e+00
-5.609017952702541443e+00 1.090282613971215619e+00 0.000000000000000000e+00
-5.759210571465851913e+00 9.121693146137991315e-01 0.000000000000000000e+00
-6.019792469861746653e+00 7.391375473347074898e-01 0.000000000000000000e+00
-6.767969102352942912e+00 1.181353148009473414e-01 0.000000000000000000e+00
