-4.017388161347930087e+00 -7.012398073025373491e-02 0.000000000000000000e+00
-6.908131213328314146e+00 -4.830639513739002355e-01 0.000000000000000000e+00
-6.875129931718809040e+00 -7.226056315586295575e-01 0.000000000000000000e+00
-6.850553446231811172e+00 -8.411425537721879397e-01 0.000000000000000000e+00
-6.827898265959556845e+00 -9.595988780126238904e-01 0.000000000000000000e+00
-6.703773010900015095e+00 -1.671438695073005354e+00 0.000000000000000000e+00
-2.647602593413731054e+00 -7.094231193709995553e-01 0.000000000000000000e+00
-6.701835379620407984e+00 -2.307627353547846205e+00 0.000000000000000000e+00
-6.606015171967048794e+00 -2.535812014115905733e+00 0.000000000000000000e+00
-1.429543982997301343e+00 -6.068055023951773874e-01 0.000000000000000000e+00
-4.143871134750773955e+00 -2.691061661833853424e+00 0.000000000000000000e+00
-3.925492890493623488e+00 -2.647778659757163311e+00 0.000000000000000000e+00
-3.740894511774447651e+00 -2.717919226552531153e+00 0.000000000000000000e+00
-3.506009657583937233e+00 -2.641968037026888982e+00 0.000000000000000000e+00
-3.353773676902803924e+00 -2.620255422910442444e+00 0.000000000000000000e+00
-3.212721146009563267e+00 -2.601610537176317628e+00 0.000000000000000000e+00
-3.070305928376003468e+00 -2.576292817316506056e+00 0.000000000000000000e+00
-2.940348336003843155e+00 -2.556006054292621510e+00 0.000000000000000000e+00
-2.815775651108085587e+00 -2.535336021673817886e+00 0.000000000000000000e+00
-2.678948571078450858e+00 -2.498160190223588817e+00 0.000000000000000000e+00
-2.525785324610001936e+00 -2.525785557950264604e+00 0.000000000000000000e+00
-2.235565295768395799e+00 -2.482847023809949150e+00 0.000000000000000000e+00
-2.142688697431784473e+00 -2.464881611294487129e+00 0.000000000000000000e+00
-2.058205752045167092e+00 -2.452874326030688668e+00 0.000000000000000000e+00
-1.963479438021780377e+00 -2.424695399911988680e+00 0.000000000000000000e+00
-1.900546798507518842e+00 -2.432589198205995284e+00 0.000000000000000000e+00
-1.766882383681109614e+00 -2.431905198504029197e+00 0.000000000000000000e+00
-1.690903199825203762e+00 -2.414860264885615670e+00 0.000000000000000000e+00
-1.694354369220922862e+00 -2.511983896867967303e+00 0.000000000000000000e+00
2.044958540591705010e+00 -3.272617502398570632e+00 0.000000000000000000e+00
3.183723477874945917e+00 -3.535882893466647747e+00 0.000000000000000000e+00
3.210166247977046527e+00 -3.442481601618016640e+00 0.000000000000000000e+00
4.845478381413395041e+00 -3.785702354839049821e+00 0.000000000000000000e+00
4.725526284019989198e+00 -3.560939226126466295e+00 0.000000000000000000e+00
4.794497159274046183e+00 -3.357142819403356793e+00 0.000000000000000000e+00
4.834947045822749701e+00 -3.261212732006522064e+00 0.000000000000000000e+00
4.733804380555771907e+00 -2.958009062962582369e+00 0.000000000000000000e+00
1.764129343025767627e+00 -9.380041385672573950e-01 0.000000000000000000e+00
4.504692926758667504e+00 -2.005618341176527153e+00 0.000000000000000000e+00
4.559260662445365320e+00 -1.935291164675044362e+00 0.000000000000000000e+00
4.499623454501143982e+00 -1.817965720193216450e+00 0.000000000000000000e+00
4.489588338314388416e+00 -1.723391336647159822e+00 0.000000000000000000e+00
4.437228719549741740e+00 -1.615019022561344775e+00 0.000000000000000000e+00
4.449610322845313881e+00 -1.532123550688764269e+00 0.000000000000000000e+00
4.474549899668597064e+00 -1.368007042097882486e+00 0.000000000000000000e+00
4.471789400434923678e+00 -1.282264830977831949e+00 0.000000000000000000e+00
4.483736403103887547e+00 -1.117920900585044786e+00 0.000000000000000000e+00
4.462309184826181330e+00 -9.484929595601425678e-01 0.000000000000000000e+00
4.423212155106681642e+00 -8.597852110120736135e-01 0.000000000000000000e+00
4.424517684964759390e+00 -6.218252776590770248e-01 0.000000000000000000e+00
1.459042876484596407e+00 -1.791478961462555641e-01 0.000000000000000000e+00
1.417193657759819869e+00 -1.489530144265432121e-01 0.000000000000000000e+00
1.423562247088010047e+00 -1.245455173956906691e-01 0.000000000000000000e+00
1.458997718158567825e+00 -7.646278891843542869e-02 0.000000000000000000e+00
1.500085679534997940e+00 -5.238410386377720385e-02 0.000000000000000000e+00
1.541765201991381007e+00 -2.691156840676990278e-02 0.000000000000000000e+00
1.514000058174132635e+00 4.230067296440153561e-08 0.000000000000000000e+00
1.474775373478152352e+00 2.574234091644987329e-02 0.000000000000000000e+00
2.243920540403468333e+00 1.175989543641269147e-01 0.000000000000000000e+00
2.223570355098689166e+00 1.554872472853859600e-01 0.000000000000000000e+00
4.284591826283815408e+00 6.786127957939025457e-01 0.000000000000000000e+00
4.264217475416804071e+00 7.518967094251589600e-01 0.000000000000000000e+00
4.257316967872973201e+00 8.275387051840743524e-01 0.000000000000000000e+00
4.254941946106862716e+00 9.044159472077565320e-01 0.000000000000000000e+00
4.235586764960604711e+00 9.778623715891087143e-01 0.000000000000000000e+00
4.219816063961598473e+00 1.052118428338856937e+00 0.000000000000000000e+00
4.238482507382729025e+00 1.135698082698026523e+00 0.000000000000000000e+00
4.114979307114179363e+00 1.258075543128122975e+00 0.000000000000000000e+00
2.197106367898477686e+00 1.268500022911101865e+00 0.000000000000000000e+00
2.158347135909217673e+00 1.296865865921927874e+00 0.000000000000000000e+00
1.905564026153712565e+00 1.190728620610498778e+00 0.000000000000000000e+00
2.798226229393913300e+00 2.186214035492251906e+00 0.000000000000000000e+00
3.986228647730365893e+00 3.589216556593765262e+00 0.000000000000000000e+00
4.068520706026321321e+00 3.793957104933868063e+00 0.000000000000000000e+00
2.664911577774521145e+00 3.065630219080821561e+00 0.000000000000000000e+00
2.645033578055889567e+00 3.266344585029430370e+00 0.000000000000000000e+00
1.754999934960390640e+00 3.039749193821931872e+00 0.000000000000000000e+00
1.662896970733035884e+00 2.999945686621893426e+00 0.000000000000000000e+00
6.312689287036290509e-01 7.215438239062891945e+00 0.000000000000000000e+00
4.699492531861894640e-01 6.720589002850274163e+00 0.000000000000000000e+00
3.527965813155832797e-01 6.731761874723473760e+00 0.000000000000000000e+00
2.311392655374552851e-01 6.618965595925626388e+00 0.000000000000000000e+00
1.168262981654112076e-01 6.692980240574138762e+00 0.000000000000000000e+00
-6.317049450663820842e-01 7.220419306639819013e+00 0.000000000000000000e+00
-7.512461513033767968e-01 7.147628649701353254e+00 0.000000000000000000e+00
-5.340315235624953916e-01 4.349337198284982442e+00 0.000000000000000000e+00
-5.367907221729879552e-01 3.819464044689119042e+00 0.000000000000000000e+00
-1.210419633747703783e+00 3.725288410789289184e+00 0.000000000000000000e+00
-1.156785219258574360e+00 2.863143782920835712e+00 0.000000000000000000e+00
-1.194855860844837858e+00 2.814903907491441259e+00 0.000000000000000000e+00
-1.237699632721389387e+00 2.779918796419820204e+00 0.000000000000000000e+00
-1.288563124768886681e+00 2.763332449179612738e+00 0.000000000000000000e+00
-1.840023527094651001e+00 3.611249396439493609e+00 0.000000000000000000e+00
-1.972690274144220490e+00 3.558827361451025073e+00 0.000000000000000000e+00
-2.050499957685875785e+00 3.551570011537401594e+00 0.000000000000000000e+00
-2.117836598953550364e+00 3.524671906151925160e+00 0.000000000000000000e+00
-2.297832053952804099e+00 3.538350984999098614e+00 0.000000000000000000e+00
-2.361471698211638603e+00 3.501025683623525175e+00 0.000000000000000000e+00
-2.476129464442551331e+00 3.536279275988993387e+00 0.000000000000000000e+00
-2.514977184422446665e+00 3.219023931799095628e+00 0.000000000000000000e+00
-2.477634434492312909e+00 3.059623652407066352e+00 0.000000000000000000e+00
-2.456091550700522763e+00 2.927055867681268353e+00 0.000000000000000000e+00
-2.207638664786072180e+00 2.539597722066203822e+00 0.000000000000000000e+00
-2.152593189891599312e+00 2.390696887503690693e+00 0.000000000000000000e+00
-2.388358346183262260e+00 2.561200707639130769e+00 0.000000000000000000e+00
-2.378510301870099042e+00 2.463019470832014335e+00 0.000000000000000000e+00
-2.362443835476338627e+00 2.362443789702900698e+00 0.000000000000000000e+00
-2.363003791624473049e+00 2.203536642686101388e+00 0.000000000000000000e+00
-2.350567182006690903e+00 2.116460157565653866e+00 0.000000000000000000e+00
-2.338844990433313065e+00 2.033126894432326193e+00 0.000000000000000000e+00
-2.314986381594319020e+00 1.942504183425466380e+00 0.000000000000000000e+00
-2.299575002453414285e+00 1.862159086323551982e+00 0.000000000000000000e+00
-2.286807183506114338e+00 1.786649550874008563e+00 0.000000000000000000e+00
-2.274513986970523760e+00 1.713969196206909462e+00 0.000000000000000000e+00
-2.268483585948692927e+00 1.648149769914126983e+00 0.000000000000000000e+00
-2.283169444751430355e+00 1.540017208637678658e+00 0.000000000000000000e+00
-2.268603834189129032e+00 1.473248529865936796e+00 0.000000000000000000e+00
-2.264288492658818264e+00 1.414884457976173682e+00 0.000000000000000000e+00
-2.255207214678075278e+00 1.355065179121014207e+00 0.000000000000000000e+00
-2.261192392138950957e+00 1.305500013197440135e+00 0.000000000000000000e+00
-2.333485373366843696e+00 1.293472040936521683e+00 0.000000000000000000e+00
-2.432520728929002729e+00 1.293394191227169587e+00 0.000000000000000000e+00
-2.529567519624261074e+00 1.288879004349315238e+00 0.000000000000000000e+00
-2.655481885167720879e+00 1.238271516567871267e+00 0.000000000000000000e+00
-2.772610550809678553e+00 1.234445727657208725e+00 0.000000000000000000e+00
-2.889464687037996082e+00 1.226504969081538388e+00 0.000000000000000000e+00
-3.004075705622760051e+00 1.213725346478852662e+00 0.000000000000000000e+00
-3.173239811627542206e+00 1.218092614768775173e+00 0.000000000000000000e+00
-3.318994405174603646e+00 1.208015147470863138e+00 0.000000000000000000e+00
-3.474209571495160187e+00 1.128839095430286266e+00 0.000000000000000000e+00
-3.614831956703016491e+00 1.105165014151873404e+00 0.000000000000000000e+00
-3.926754071070710062e+00 1.125978586381809698e+00 0.000000000000000000e+00
-1.497752087816149658e+00 1.839008255261815050e-01 0.000000000000000000e+00
-6.966987534525611814e+00 4.871791981233566937e-01 0.000000000000000000e+00
-6.958758150293850697e+00 2.430051623231011260e-01 0.000000000000000000e+00
-6.947000026702879971e+00 -2.503524115679567796e-08 0.000000000000000000e+00
