-7.404872160897131295e+00 -1.292529105642903353e-01 0.000000000000000000e+00
-7.263572643392006256e+00 -2.536499241706995922e-01 0.000000000000000000e+00
-4.623654847628845488e+00 -2.423157232232162062e-01 0.000000000000000000e+00
-3.969307432953985693e+00 -2.775612207656278918e-01 0.000000000000000000e+00
-3.088864332804155843e+00 -9.443607662038190353e-01 0.000000000000000000e+00
-3.021506546873364396e+00 -9.817471558728541048e-01 0.000000000000000000e+00
-2.984056477936055440e+00 -1.027493210883212438e+00 0.000000000000000000e+00
-2.970368333257358273e+00 -1.081125824864854534e+00 0.000000000000000000e+00
-3.783837097176760533e+00 -1.528769638546685572e+00 0.000000000000000000e+00
-3.781164510881788843e+00 -1.683483126259084584e+00 0.000000000000000000e+00
-3.818274457234590802e+00 -1.780490847638896534e+00 0.000000000000000000e+00
-3.796505940707239457e+00 -1.851679899122756767e+00 0.000000000000000000e+00
-3.809035931904599437e+00 -2.025300567448877320e+00 0.000000000000000000e+00
-3.780980852583117890e+00 -2.095832148960733665e+00 0.000000000000000000e+00
-3.882391605292878189e+00 -2.241500088025313531e+00 0.000000000000000000e+00
-3.578762680625660941e+00 -2.236259355481515776e+00 0.000000000000000000e+00
-3.477966599707269513e+00 -2.258618155164660912e+00 0.000000000000000000e+00
-3.370037671494511500e+00 -2.273119345285280701e+00 0.000000000000000000e+00
-3.226639705980915096e+00 -2.259317673834321916e+00 0.000000000000000000e+00
-2.732859329841173412e+00 -1.985538724136745481e+00 0.000000000000000000e+00
-2.699388019196322208e+00 -2.034134974734954859e+00 0.000000000000000000e+00
-2.825018477699805519e+00 -2.207146545693889461e+00 0.000000000000000000e+00
-2.721565126065853768e+00 -2.203880196194108798e+00 0.000000000000000000e+00
-2.585635006053342622e+00 -2.247658431737131757e+00 0.000000000000000000e+00
-2.482846817281155527e+00 -2.235565525141858245e+00 0.000000000000000000e+00
-2.369585897554885356e+00 -2.209674803202295479e+00 0.000000000000000000e+00
-2.285342476364613518e+00 -2.206929780619831138e+00 0.000000000000000000e+00
-2.200516193314917324e+00 -2.200516396605760150e+00 0.000000000000000000e+00
-2.122875874901877236e+00 -2.198302523490897276e+00 0.000000000000000000e+00
-2.041902960856864624e+00 -2.189673045725661016e+00 0.000000000000000000e+00
-1.927501302175523845e+00 -2.217336807336141025e+00 0.000000000000000000e+00
-1.855727782448910235e+00 -2.211570456038111754e+00 0.000000000000000000e+00
-1.786011206921413352e+00 -2.205540365615772824e+00 0.000000000000000000e+00
-1.726314615777486017e+00 -2.209582153064162835e+00 0.000000000000000000e+00
-1.662814816315198119e+00 -2.206629998409951998e+00 0.000000000000000000e+00
-1.611119239804612358e+00 -2.217515603119986967e+00 0.000000000000000000e+00
-1.610028908880530407e+00 -2.299359796453549709e+00 0.000000000000000000e+00
-1.623336956246724583e+00 -2.406696242154723553e+00 0.000000000000000000e+00
2.204363200440159432e+00 -3.668676147672989885e+00 0.000000000000000000e+00
2.238466629498590432e+00 -3.446936066437792601e+00 0.000000000000000000e+00
2.228383778986986474e+00 -3.303714560530527589e+00 0.000000000000000000e+00
2.158941780490351459e+00 -3.083288168332713575e+00 0.000000000000000000e+00
2.118414748906452871e+00 -2.436957230413201003e+00 0.000000000000000000e+00
2.144202959314074342e+00 -2.299376003415753100e+00 0.000000000000000000e+00
2.127044030758541648e+00 -2.202618422048157942e+00 0.000000000000000000e+00
2.120613360180047202e+00 -2.120613215877998226e+00 0.000000000000000000e+00
2.117736445617499630e+00 -2.045074174839329739e+00 0.000000000000000000e+00
2.118731794681629310e+00 -1.975749228318490758e+00 0.000000000000000000e+00
2.195992969060597044e+00 -1.977280816914788186e+00 0.000000000000000000e+00
2.302619085528827991e+00 -2.001636097934427649e+00 0.000000000000000000e+00
2.420032652801988871e+00 -1.959703668968288293e+00 0.000000000000000000e+00
2.512178318862709148e+00 -1.962728677930878129e+00 0.000000000000000000e+00
2.630705363805434516e+00 -1.982378545652046853e+00 0.000000000000000000e+00
2.728814311458774622e+00 -1.982599511524216762e+00 0.000000000000000000e+00
2.841638589454171804e+00 -1.989736622843262470e+00 0.000000000000000000e+00
2.960493318791109996e+00 -1.996877817431996771e+00 0.000000000000000000e+00
3.072050444604705888e+00 -1.995012743895451690e+00 0.000000000000000000e+00
3.269236054804022462e+00 -1.964355056669206734e+00 0.000000000000000000e+00
3.309083214882301505e+00 -1.910499943714745852e+00 0.000000000000000000e+00
3.341922046746435893e+00 -1.852457500570511728e+00 0.000000000000000000e+00
3.426719702739491336e+00 -1.822019046158259048e+00 0.000000000000000000e+00
3.461560393691583748e+00 -1.763752977807626188e+00 0.000000000000000000e+00
3.514284852088476629e+00 -1.714031111029628462e+00 0.000000000000000000e+00
3.634083813003143426e+00 -1.617998222572810008e+00 0.000000000000000000e+00
3.603776513648277557e+00 -1.529712241235674508e+00 0.000000000000000000e+00
3.700390751435001402e+00 -1.495054776350095205e+00 0.000000000000000000e+00
3.816476661229496692e+00 -1.465007996022287262e+00 0.000000000000000000e+00
3.917578719551779276e+00 -1.425881908359155847e+00 0.000000000000000000e+00
3.961722927481678980e+00 -1.364130464938542397e+00 0.000000000000000000e+00
4.004898996990798210e+00 -1.301270431061768873e+00 0.000000000000000000e+00
4.053775748434731874e+00 -1.239363488013633496e+00 0.000000000000000000e+00
4.134162772373069394e+00 -1.107745443449955181e+00 0.000000000000000000e+00
4.173242064496846204e+00 -1.040505977084668299e+00 0.000000000000000000e+00
1.045639797351838540e+00 -2.222575677625855950e-01 0.000000000000000000e+00
1.036598306033164052e+00 -2.014942675219670021e-01 0.000000000000000000e+00
1.034048099044292623e+00 -1.823305479810875263e-01 0.000000000000000000e+00
1.044732764841853179e+00 -1.468275838934735567e-01 0.000000000000000000e+00
1.041180941375279279e+00 -1.278409141781847724e-01 0.000000000000000000e+00
1.041264477864964233e+00 -1.094412763873323924e-01 0.000000000000000000e+00
1.039031055610137866e+00 -9.090340845710476181e-02 0.000000000000000000e+00
1.039461797619245953e+00 -7.268621989545970274e-02 0.000000000000000000e+00
1.040572031997354596e+00 -5.453403980471051987e-02 0.000000000000000000e+00
1.045362809904152535e+00 -3.650484419418226212e-02 0.000000000000000000e+00
1.049999952316283736e+00 2.933665976811994038e-08 0.000000000000000000e+00
1.046840586857719968e+00 1.827269952881885318e-02 0.000000000000000000e+00
1.048361001310498253e+00 3.660960191366714744e-02 0.000000000000000000e+00
5.165386615711085483e+00 3.611991607101840418e-01 0.000000000000000000e+00
5.156303862829349605e+00 4.511182753483493069e-01 0.000000000000000000e+00
5.145656059510743674e+00 5.408303862109758997e-01 0.000000000000000000e+00
5.124515869955029501e+00 6.292115713453186876e-01 0.000000000000000000e+00
5.141905332433680975e+00 8.143979391327106354e-01 0.000000000000000000e+00
8.549115823388067525e+00 1.507440015233214359e+00 0.000000000000000000e+00
3.778748250153726396e+00 2.645908140446947776e+00 0.000000000000000000e+00
3.775682101320130712e+00 2.743193751936670921e+00 0.000000000000000000e+00
3.627402277702477917e+00 2.733443808163766420e+00 0.000000000000000000e+00
3.604361029598947663e+00 2.816035597521107547e+00 0.000000000000000000e+00
4.085852200231982145e+00 4.381540242929856888e+00 0.000000000000000000e+00
3.942517571476393812e+00 4.378609543693561257e+00 0.000000000000000000e+00
3.809734793045234547e+00 4.382598734475261715e+00 0.000000000000000000e+00
3.566988023011012920e+00 4.404863556549023507e+00 0.000000000000000000e+00
3.311186078861060089e+00 4.394092529298109007e+00 0.000000000000000000e+00
3.208719666138946991e+00 4.416423928015771772e+00 0.000000000000000000e+00
3.054868133081197978e+00 4.362804025509023909e+00 0.000000000000000000e+00
1.031546329265898398e+00 1.588442121350060132e+00 0.000000000000000000e+00
2.495500002036111553e+00 4.322332991734899821e+00 0.000000000000000000e+00
2.375567101047193930e+00 4.285636695174133592e+00 0.000000000000000000e+00
2.278345487406320036e+00 4.284944857534306983e+00 0.000000000000000000e+00
2.080509298448869338e+00 4.265676415859694259e+00 0.000000000000000000e+00
1.994335437207300776e+00 4.276866360758437402e+00 0.000000000000000000e+00
1.850111863269072066e+00 4.358590638930485817e+00 0.000000000000000000e+00
1.741920614287212343e+00 4.311405044812929965e+00 0.000000000000000000e+00
1.644192008546301542e+00 4.283266859986707864e+00 0.000000000000000000e+00
1.377906734898920460e+00 4.240761136457091851e+00 0.000000000000000000e+00
1.296668417076551894e+00 4.241211561406802666e+00 0.000000000000000000e+00
1.214182534262086000e+00 4.234357994065275577e+00 0.000000000000000000e+00
1.025990728999818025e+00 4.115024363523807516e+00 0.000000000000000000e+00
9.017129070795197876e-01 4.242226055589572553e+00 0.000000000000000000e+00
8.220050958380269446e-01 4.228850006605489931e+00 0.000000000000000000e+00
2.172874577347985170e-01 1.371899166235949652e+00 0.000000000000000000e+00
1.884403522535759434e-01 1.340822940864526247e+00 0.000000000000000000e+00
1.612331137930801683e-01 1.313138515881824953e+00 0.000000000000000000e+00
1.404862305723517668e-01 1.336637411684080234e+00 0.000000000000000000e+00
1.189675673160432573e-01 1.359805774352429886e+00 0.000000000000000000e+00
1.010073472253184002e-01 1.444472700759050765e+00 0.000000000000000000e+00
7.588711562288599777e-02 1.448012874240148795e+00 0.000000000000000000e+00
2.488710888312012370e-02 1.425782812735362448e+00 0.000000000000000000e+00
-2.315287519400978186e-08 1.468000054359435813e+00 0.000000000000000000e+00
-3.759251790744885802e-02 2.153671978641388485e+00 0.000000000000000000e+00
-2.936748210897174305e-01 4.199744685174973569e+00 0.000000000000000000e+00
-3.675358312482089329e-01 4.200953043905037099e+00 0.000000000000000000e+00
-4.413192474931367237e-01 4.198871557044085101e+00 0.000000000000000000e+00
-5.153855266467726182e-01 4.197477758520712143e+00 0.000000000000000000e+00
-5.889806073067382908e-01 4.190814333602226327e+00 0.000000000000000000e+00
-7.376575442252569781e-01 4.183463466915298135e+00 0.000000000000000000e+00
-8.126555375462858333e-01 4.180749990443125341e+00 0.000000000000000000e+00
-8.884066648296694568e-01 4.179624454022311753e+00 0.000000000000000000e+00
-9.632404877589137993e-01 4.172252667099169088e+00 0.000000000000000000e+00
-1.013410908456027215e+00 4.064568909152175280e+00 0.000000000000000000e+00
-1.103190694575993280e+00 3.395271684969336956e+00 0.000000000000000000e+00
-1.214171536090056458e+00 3.335908743115484576e+00 0.000000000000000000e+00
-1.276746333712144077e+00 2.867619119788032300e+00 0.000000000000000000e+00
-1.133614295292593388e+00 2.224843258463388374e+00 0.000000000000000000e+00
-1.216387393719106980e+00 2.194420885848184621e+00 0.000000000000000000e+00
-1.088000081205754865e+00 1.884471368300596250e+00 0.000000000000000000e+00
-2.955639353099968947e+00 4.221090351597578838e+00 0.000000000000000000e+00
-3.096452829544121155e+00 4.261901594444982955e+00 0.000000000000000000e+00
-3.512866329146169253e+00 4.338028548026039211e+00 0.000000000000000000e+00
-2.944977070966890764e+00 2.843931245130340457e+00 0.000000000000000000e+00
-1.991796941463044313e+00 1.500926625346374221e+00 0.000000000000000000e+00
-2.951281788847686105e+00 1.916584769501665342e+00 0.000000000000000000e+00
-2.998698094191230901e+00 1.873794501623715414e+00 0.000000000000000000e+00
-6.709367121313824178e+00 1.062659323286991198e+00 0.000000000000000000e+00
-6.744351179896028725e+00 8.281021670480909203e-01 0.000000000000000000e+00
-6.742858662384775492e+00 7.087029731162786117e-01 0.000000000000000000e+00
-6.763165842078818102e+00 5.917003115614722919e-01 0.000000000000000000e+00
-7.193434334259713125e+00 5.030138999604645278e-01 0.000000000000000000e+00
-7.368877399360035163e+00 1.286242058936614419e-01 0.000000000000000000e+00
