-6.036148782870408347e+00 -1.283023350579832300e+00 0.000000000000000000e+00
-4.731352116905471306e+00 -1.722071603997373357e+00 0.000000000000000000e+00
-4.740721379892650411e+00 -1.819792706762478618e+00 0.000000000000000000e+00
-2.530411333842633503e+00 -1.179950333882385793e+00 0.000000000000000000e+00
-5.428715876254726069e+00 -2.647761974589945666e+00 0.000000000000000000e+00
-5.353166972923943057e+00 -2.727575135974524390e+00 0.000000000000000000e+00
-5.382448559071558947e+00 -2.861898999073303251e+00 0.000000000000000000e+00
-5.241185637434347733e+00 -3.026000275616155921e+00 0.000000000000000000e+00
-5.177290313959965751e+00 -3.110830201756580760e+00 0.000000000000000000e+00
-4.040714536524156131e+00 -2.624070976644617748e+00 0.000000000000000000e+00
-3.146663712154242010e+00 -2.548118276825527939e+00 0.000000000000000000e+00
-2.977614697592993132e+00 -2.498515632350184035e+00 0.000000000000000000e+00
-2.928273138676202869e+00 -2.545509244408465932e+00 0.000000000000000000e+00
-2.901237309539509646e+00 -2.612286051768689443e+00 0.000000000000000000e+00
-2.872025895302252163e+00 -2.678207724624975583e+00 0.000000000000000000e+00
-1.143029194526455683e+00 -1.225748855705558471e+00 0.000000000000000000e+00
-2.776441582294246313e+00 -3.193930975243002290e+00 0.000000000000000000e+00
-2.704207185047510897e+00 -3.222748925796023567e+00 0.000000000000000000e+00
-2.667688889735201130e+00 -3.294321730129323278e+00 0.000000000000000000e+00
-2.643034696728201904e+00 -3.382930459167668324e+00 0.000000000000000000e+00
-2.611877135954688178e+00 -3.466078353289210767e+00 0.000000000000000000e+00
6.295000111746601457e-01 -1.090325911941627535e+00 0.000000000000000000e+00
6.304066295841848078e-01 -1.049172733798412693e+00 0.000000000000000000e+00
6.507409174934929430e-01 -1.041403076807564831e+00 0.000000000000000000e+00
6.731738525452545252e-01 -1.036596749195619394e+00 0.000000000000000000e+00
6.933992421419981067e-01 -1.028006573251370792e+00 0.000000000000000000e+00
7.032047185961973756e-01 -1.004280341580559233e+00 0.000000000000000000e+00
8.394806492879720583e-01 -1.000454009200353545e+00 0.000000000000000000e+00
8.561570324633410722e-01 -9.848959330120216071e-01 0.000000000000000000e+00
8.758920074258440547e-01 -9.727765577330876878e-01 0.000000000000000000e+00
9.169491178769703099e-01 -9.495285428559585572e-01 0.000000000000000000e+00
9.454018073789861587e-01 -9.454017430469300320e-01 0.000000000000000000e+00
9.696701182624650750e-01 -9.363994849669500242e-01 0.000000000000000000e+00
9.968351524892473670e-01 -9.295637551837095947e-01 0.000000000000000000e+00
1.021824165961867426e+00 -9.200545493916837403e-01 0.000000000000000000e+00
1.051310480888210552e+00 -9.138901965625608748e-01 0.000000000000000000e+00
1.080888749714113750e+00 -9.069732898047359049e-01 0.000000000000000000e+00
1.127643413043635690e+00 -8.810115303688172972e-01 0.000000000000000000e+00
1.159618806892288134e+00 -8.738353886170562301e-01 0.000000000000000000e+00
1.190873046419688830e+00 -8.652198539873788841e-01 0.000000000000000000e+00
1.225451528475948182e+00 -8.580703382819017122e-01 0.000000000000000000e+00
1.258479068291710190e+00 -8.488547902551507596e-01 0.000000000000000000e+00
1.291552669819578059e+00 -8.387440512988723063e-01 0.000000000000000000e+00
1.329739406806827562e+00 -8.309133416812812811e-01 0.000000000000000000e+00
1.377846409011438622e+00 -7.954999363645641752e-01 0.000000000000000000e+00
1.422131709795291910e+00 -7.883004198659393502e-01 0.000000000000000000e+00
1.458629404221704950e+00 -7.755669521652912568e-01 0.000000000000000000e+00
1.500455024480129129e+00 -7.645199610892683406e-01 0.000000000000000000e+00
1.543229408028474969e+00 -7.526832138392770544e-01 0.000000000000000000e+00
1.563380977078836276e+00 -7.290164626141392157e-01 0.000000000000000000e+00
1.590632448989272918e+00 -6.751833581551133223e-01 0.000000000000000000e+00
1.604028106119632202e+00 -6.480693641675471239e-01 0.000000000000000000e+00
1.620695585237266645e+00 -6.221266896797197354e-01 0.000000000000000000e+00
1.637884284974931770e+00 -5.961410700634829363e-01 0.000000000000000000e+00
1.651820949086464152e+00 -5.687675086114318823e-01 0.000000000000000000e+00
1.673859476128595425e+00 -5.438698563123061103e-01 0.000000000000000000e+00
1.685965311293123658e+00 -5.154512677917758579e-01 0.000000000000000000e+00
1.703893227447758063e+00 -4.565567595557083469e-01 0.000000000000000000e+00
1.715482863293266602e+00 -4.277178618581216618e-01 0.000000000000000000e+00
1.731455568674442169e+00 -3.997379609939789580e-01 0.000000000000000000e+00
1.751862372317777528e+00 -3.723697882504450329e-01 0.000000000000000000e+00
1.767910566565546127e+00 -3.436469484671081931e-01 0.000000000000000000e+00
1.777577951712846493e+00 -3.134348995123674153e-01 0.000000000000000000e+00
1.793642019732757387e+00 -2.840849338297825599e-01 0.000000000000000000e+00
1.818344573294323752e+00 -2.232645866854194583e-01 0.000000000000000000e+00
1.821964134892457343e+00 -1.914960941176283848e-01 0.000000000000000000e+00
1.824032467321132112e+00 -1.595821101983774526e-01 0.000000000000000000e+00
1.862452069371284935e+00 -1.302352823058368914e-01 0.000000000000000000e+00
1.890405718765201470e+00 -9.907191193320095957e-02 0.000000000000000000e+00
1.910835204051119174e+00 -6.672778172684395992e-02 0.000000000000000000e+00
1.919999957084654874e+00 5.364417909881068929e-08 0.000000000000000000e+00
1.945703593805920173e+00 3.396243667670363620e-02 0.000000000000000000e+00
1.966801199999514527e+00 6.868226582760812715e-02 0.000000000000000000e+00
1.983278195066304983e+00 1.039392606616249548e-01 0.000000000000000000e+00
2.014081866891439976e+00 1.408383793983716548e-01 0.000000000000000000e+00
2.029248536269784964e+00 1.775362981484329139e-01 0.000000000000000000e+00
2.056671351530262815e+00 2.161649260061353772e-01 0.000000000000000000e+00
2.080553274457761503e+00 2.924027508184748325e-01 0.000000000000000000e+00
2.100813183863623479e+00 3.327361779007295683e-01 0.000000000000000000e+00
2.114382309061217491e+00 3.728227065845193255e-01 0.000000000000000000e+00
2.134057510182203465e+00 4.148188171309361572e-01 0.000000000000000000e+00
2.185181696099244952e+00 4.644747680533960477e-01 0.000000000000000000e+00
2.211820015108259874e+00 5.106389469800267644e-01 0.000000000000000000e+00
2.238472150103217650e+00 5.581138525350500812e-01 0.000000000000000000e+00
2.261848682319902881e+00 6.485747360361798775e-01 0.000000000000000000e+00
2.273136476480595913e+00 6.949676277371672484e-01 0.000000000000000000e+00
2.314871555990039464e+00 7.521474280671567314e-01 0.000000000000000000e+00
2.339212913956384643e+00 8.054556660232434773e-01 0.000000000000000000e+00
2.381181003922752115e+00 8.666790758792095595e-01 0.000000000000000000e+00
2.415172440360506378e+00 9.270979078178663846e-01 0.000000000000000000e+00
2.458891511529154972e+00 9.934567285487890809e-01 0.000000000000000000e+00
2.472967542330605006e+00 1.101036160857941981e+00 0.000000000000000000e+00
2.524973477867688665e+00 1.177414544864710200e+00 0.000000000000000000e+00
2.555271384901894649e+00 1.246289204304236842e+00 0.000000000000000000e+00
2.590155991541429170e+00 1.319750475097124731e+00 0.000000000000000000e+00
2.645310999702128907e+00 1.406536890178645027e+00 0.000000000000000000e+00
2.699950906573007625e+00 1.496607310767008814e+00 0.000000000000000000e+00
2.716363060322668943e+00 1.632155677728694521e+00 0.000000000000000000e+00
2.775661379382006633e+00 1.734425818388517726e+00 0.000000000000000000e+00
2.817094367583030667e+00 1.829442567095591388e+00 0.000000000000000000e+00
2.887537852951524542e+00 1.947668972590184122e+00 0.000000000000000000e+00
2.924372695905758768e+00 2.047667907350815053e+00 0.000000000000000000e+00
2.625913596951398254e+00 1.978767920636061106e+00 0.000000000000000000e+00
2.570021586590895968e+00 2.081162542242547264e+00 0.000000000000000000e+00
2.558588325893734527e+00 2.146910618831465278e+00 0.000000000000000000e+00
2.532805261610659997e+00 2.201734122980767427e+00 0.000000000000000000e+00
2.525949158721993548e+00 2.274374940022838132e+00 0.000000000000000000e+00
2.502692265084885737e+00 2.333798396679564124e+00 0.000000000000000000e+00
2.497547650043035361e+00 2.411853836334648893e+00 0.000000000000000000e+00
4.958809898792072346e+00 5.317672804552938004e+00 0.000000000000000000e+00
1.626159950379651553e+00 6.068911988149959136e+00 0.000000000000000000e+00
5.750836964827051867e-01 2.705556305349139379e+00 0.000000000000000000e+00
5.317803688020991126e-01 3.783814397840694621e+00 0.000000000000000000e+00
4.754122466816208536e-01 3.871922568218370220e+00 0.000000000000000000e+00
4.895537239551272513e-01 5.595625729838265450e+00 0.000000000000000000e+00
3.938449524968508642e-01 5.632246542861851779e+00 0.000000000000000000e+00
1.957162806754556283e-01 5.604583562819373199e+00 0.000000000000000000e+00
-9.567417559849952791e-02 5.481164937485490718e+00 0.000000000000000000e+00
-1.898533483343472772e-01 5.436686153226508722e+00 0.000000000000000000e+00
-2.802067966736482285e-01 5.346662616197565221e+00 0.000000000000000000e+00
-3.723601254440178088e-01 5.324996715761529664e+00 0.000000000000000000e+00
-5.547326502692231376e-01 5.277927849759938006e+00 0.000000000000000000e+00
-6.435920969677042525e-01 5.241636353581837326e+00 0.000000000000000000e+00
-7.312155748891860929e-01 5.202868607527640243e+00 0.000000000000000000e+00
-8.143978765661891162e-01 5.141905342343246588e+00 0.000000000000000000e+00
-1.397757125021820368e+00 4.874558136421793364e+00 0.000000000000000000e+00
-1.477646631789428122e+00 4.833164121880035857e+00 0.000000000000000000e+00
-1.563626038042786437e+00 4.812345897177755738e+00 0.000000000000000000e+00
-1.648351695044115273e+00 4.787160717660243314e+00 0.000000000000000000e+00
-2.250597447248079419e+00 4.614408448398573448e+00 0.000000000000000000e+00
-2.335781168067703195e+00 4.584228521641792398e+00 0.000000000000000000e+00
-2.410736636703381564e+00 4.533936062525868671e+00 0.000000000000000000e+00
-2.512768357995073476e+00 4.533153989062277844e+00 0.000000000000000000e+00
-2.628500038079336854e+00 4.552695490471013962e+00 0.000000000000000000e+00
-2.807614388669878558e+00 4.323346921964276390e+00 0.000000000000000000e+00
-2.959808210830106923e+00 4.388096021884784648e+00 0.000000000000000000e+00
-3.047411770344792714e+00 4.352154943280125643e+00 0.000000000000000000e+00
-3.152880048686616199e+00 4.339566996914201447e+00 0.000000000000000000e+00
-3.303362615165775118e+00 4.383710154165936679e+00 0.000000000000000000e+00
-1.571783751460117173e+00 2.011791416201254901e+00 0.000000000000000000e+00
-2.837679498688828073e+00 2.938503083949698169e+00 0.000000000000000000e+00
-4.112533068432479233e+00 4.112532988750254859e+00 0.000000000000000000e+00
-2.780628323442784211e+00 2.251708377705981423e+00 0.000000000000000000e+00
-2.835262749918642022e+00 2.215149993969049547e+00 0.000000000000000000e+00
-2.316562051017156065e+00 1.622074182074880300e+00 0.000000000000000000e+00
-2.313843786086462906e+00 1.560707312750699849e+00 0.000000000000000000e+00
-8.938427147621260671e-01 5.585349080262822508e-01 0.000000000000000000e+00
-8.820251941566767950e-01 5.299741948013306780e-01 0.000000000000000000e+00
-8.746856534313879328e-01 5.049999885317667525e-01 0.000000000000000000e+00
-8.632496445378995409e-01 4.785070831393750113e-01 0.000000000000000000e+00
-8.529273961568137885e-01 4.535095329746461901e-01 0.000000000000000000e+00
-8.437832053175895464e-01 4.299290092552854881e-01 0.000000000000000000e+00
-8.428662511713563843e-01 3.930349805552943998e-01 0.000000000000000000e+00
-8.368076495932111891e-01 3.725707628175719544e-01 0.000000000000000000e+00
-8.321363754075775665e-01 3.532209284194907650e-01 0.000000000000000000e+00
-8.251936194941201785e-01 3.333998573531326004e-01 0.000000000000000000e+00
-8.234179653621359618e-01 3.160805366175947206e-01 0.000000000000000000e+00
-8.438439771953892832e-01 3.071340840360534674e-01 0.000000000000000000e+00
-8.698771071802312571e-01 2.995227021647370313e-01 0.000000000000000000e+00
-9.094458008498251811e-01 2.780454785741327539e-01 0.000000000000000000e+00
-9.468427858159440547e-01 2.715027939623808617e-01 0.000000000000000000e+00
-9.862102968435316752e-01 2.642542466536346168e-01 0.000000000000000000e+00
