-7.231898174150270364e+00 -1.262336293730493275e-01 0.000000000000000000e+00
-3.942373015326869456e+00 -2.756777814091480039e-01 0.000000000000000000e+00
-4.036580944047257979e+00 -3.531552818891797174e-01 0.000000000000000000e+00
-3.126984272122210307e+00 -8.966484809565272718e-01 0.000000000000000000e+00
-3.044874311053991534e+00 -9.309116644727649659e-01 0.000000000000000000e+00
-2.989729628968091024e+00 -1.029446633753333229e+00 0.000000000000000000e+00
-2.961911040676269202e+00 -1.078047621628077435e+00 0.000000000000000000e+00
-2.958516231735097257e+00 -1.135668146241459731e+00 0.000000000000000000e+00
-3.730060353333773726e+00 -1.507042420610056777e+00 0.000000000000000000e+00
-3.809969452743432239e+00 -1.617236304289786819e+00 0.000000000000000000e+00
-3.801262360660518702e+00 -1.692431266674348178e+00 0.000000000000000000e+00
-3.829150226491435216e+00 -1.785562302779098331e+00 0.000000000000000000e+00
-3.793014652303595913e+00 -1.932637727972722264e+00 0.000000000000000000e+00
-2.916375800444036326e+00 -1.550664700760668646e+00 0.000000000000000000e+00
-3.733751476410148040e+00 -2.069652475268113800e+00 0.000000000000000000e+00
-3.930023265464954729e+00 -2.269000242909984699e+00 0.000000000000000000e+00
-3.706391199785901147e+00 -2.227024753224597475e+00 0.000000000000000000e+00
-3.543992803541378578e+00 -2.214532722603731241e+00 0.000000000000000000e+00
-3.435194702801940281e+00 -2.230841757631303324e+00 0.000000000000000000e+00
-3.265139989835167178e+00 -2.286275865540174479e+00 0.000000000000000000e+00
-2.937540639341795767e+00 -2.134248415002584220e+00 0.000000000000000000e+00
-2.669838363189240837e+00 -2.011867709581541597e+00 0.000000000000000000e+00
-2.864418976353809043e+00 -2.237929591960407194e+00 0.000000000000000000e+00
-2.760422385602504747e+00 -2.235346187564667186e+00 0.000000000000000000e+00
-2.655875985691361407e+00 -2.228544772161906273e+00 0.000000000000000000e+00
-2.528276919063159767e+00 -2.197797802704041903e+00 0.000000000000000000e+00
-2.443460163027480814e+00 -2.200101619037245104e+00 0.000000000000000000e+00
-2.311958005253451631e+00 -2.232632100486200422e+00 0.000000000000000000e+00
-2.226679101200638833e+00 -2.226679306908495803e+00 0.000000000000000000e+00
-2.147188976331387611e+00 -2.223479479363954958e+00 0.000000000000000000e+00
-2.056225025875159318e+00 -2.205031581528229534e+00 0.000000000000000000e+00
-1.975942626045518846e+00 -2.194506811133011936e+00 0.000000000000000000e+00
-1.903883169612845094e+00 -2.190167251293473782e+00 0.000000000000000000e+00
-1.821660058147754224e+00 -2.170970119457785508e+00 0.000000000000000000e+00
-1.781605983636268098e+00 -2.200100367402275658e+00 0.000000000000000000e+00
-1.678462019754914936e+00 -2.227394540656343569e+00 0.000000000000000000e+00
-1.613470350398234832e+00 -2.220751629540136385e+00 0.000000000000000000e+00
-1.601998874294167541e+00 -2.287891717470513342e+00 0.000000000000000000e+00
-1.608797928921179121e+00 -2.385141245643169317e+00 0.000000000000000000e+00
2.180087895010794696e+00 -3.488869656944342257e+00 0.000000000000000000e+00
2.179645458821055648e+00 -3.356359413649403933e+00 0.000000000000000000e+00
2.200983444730866267e+00 -3.263091897549871945e+00 0.000000000000000000e+00
2.108467154378358632e+00 -3.011202937087257503e+00 0.000000000000000000e+00
2.164338838965150558e+00 -2.489786849059153706e+00 0.000000000000000000e+00
2.117798424579929950e+00 -2.352053271372999799e+00 0.000000000000000000e+00
2.116923049924504419e+00 -2.270121884185454686e+00 0.000000000000000000e+00
2.113845484154195375e+00 -2.188950927875680907e+00 0.000000000000000000e+00
2.128526618437443840e+00 -2.055494122903115617e+00 0.000000000000000000e+00
2.123119947718285605e+00 -1.979841246948541356e+00 0.000000000000000000e+00
2.187818436682663403e+00 -1.969920435399062697e+00 0.000000000000000000e+00
2.267147606110926361e+00 -1.970801213390897644e+00 0.000000000000000000e+00
2.366311340780872019e+00 -1.985570838828631057e+00 0.000000000000000000e+00
2.457335550265848489e+00 -1.989910957675088632e+00 0.000000000000000000e+00
2.548426817471403094e+00 -1.991049106945419478e+00 0.000000000000000000e+00
2.711825028239669422e+00 -1.970256075596787060e+00 0.000000000000000000e+00
2.813787289631285216e+00 -1.970234934114425851e+00 0.000000000000000000e+00
2.917383326121822495e+00 -1.967799762256344787e+00 0.000000000000000000e+00
3.035148814066938705e+00 -1.971048546522761624e+00 0.000000000000000000e+00
3.168307802880811597e+00 -1.979778301290135323e+00 0.000000000000000000e+00
3.266664739232798098e+00 -1.962810054515812253e+00 0.000000000000000000e+00
3.320341555250345245e+00 -1.916999949076573673e+00 0.000000000000000000e+00
3.424070841391254394e+00 -1.820610621704031651e+00 0.000000000000000000e+00
3.475816527198885009e+00 -1.771016840073715404e+00 0.000000000000000000e+00
3.530463044025557995e+00 -1.721921741831479169e+00 0.000000000000000000e+00
3.571759027046389257e+00 -1.665538451205149650e+00 0.000000000000000000e+00
3.634997510066594106e+00 -1.618405026680999059e+00 0.000000000000000000e+00
3.670973326698566463e+00 -1.558235593642728123e+00 0.000000000000000000e+00
3.787546128581389837e+00 -1.530267831305648363e+00 0.000000000000000000e+00
3.855559020226751343e+00 -1.403308586018986004e+00 0.000000000000000000e+00
3.955104326237892653e+00 -1.361851497994817306e+00 0.000000000000000000e+00
3.996339655147334469e+00 -1.298489332597458468e+00 0.000000000000000000e+00
4.035605906831275291e+00 -1.233808410558988822e+00 0.000000000000000000e+00
4.090168661530976024e+00 -1.172836857419705003e+00 0.000000000000000000e+00
4.156378838103802487e+00 -1.113698219607938578e+00 0.000000000000000000e+00
4.203320902811914728e+00 -1.048005472816499140e+00 0.000000000000000000e+00
1.048574260694832283e+00 -2.228813071104509269e-01 0.000000000000000000e+00
1.043469666399717610e+00 -2.028299244643717303e-01 0.000000000000000000e+00
1.033063362664319751e+00 -1.821569124181545152e-01 0.000000000000000000e+00
1.041023535575243297e+00 -1.648818989327662798e-01 0.000000000000000000e+00
1.041762057896013838e+00 -1.464100783475656697e-01 0.000000000000000000e+00
1.039195874622231841e+00 -1.275971786867541591e-01 0.000000000000000000e+00
1.037286322931520566e+00 -1.090231555709233469e-01 0.000000000000000000e+00
1.038464186950789792e+00 -7.261646019040508826e-02 0.000000000000000000e+00
1.041570589153674842e+00 -5.458637193937833365e-02 0.000000000000000000e+00
1.040365860529601338e+00 -3.633034701804784689e-02 0.000000000000000000e+00
1.042841129395635669e+00 -1.820283033686002222e-02 0.000000000000000000e+00
1.047000050544738325e+00 2.925284348087586419e-08 0.000000000000000000e+00
1.048840256501777368e+00 1.830760394790757056e-02 0.000000000000000000e+00
5.331979629125864761e+00 3.728484836171229722e-01 0.000000000000000000e+00
5.155307740337075728e+00 4.510311258954263769e-01 0.000000000000000000e+00
5.140683810459075076e+00 5.403077816404702194e-01 0.000000000000000000e+00
5.131463662703386497e+00 6.300646532175412373e-01 0.000000000000000000e+00
5.188014237673621132e+00 7.291279935028535109e-01 0.000000000000000000e+00
3.727352712556536662e+00 2.514131276487234778e+00 0.000000000000000000e+00
3.809876114825752058e+00 2.667704107015266501e+00 0.000000000000000000e+00
3.710460442429043493e+00 2.796032627574519758e+00 0.000000000000000000e+00
3.627213563492088344e+00 2.833889954620235851e+00 0.000000000000000000e+00
4.696753324672516605e+00 4.379793525413061772e+00 0.000000000000000000e+00
4.438509133435076137e+00 4.438509327448484143e+00 0.000000000000000000e+00
3.959245580983788759e+00 4.397187881202060389e+00 0.000000000000000000e+00
3.837945162921447384e+00 4.415051054133908082e+00 0.000000000000000000e+00
3.648462456503270612e+00 4.348068427005706837e+00 0.000000000000000000e+00
3.536151159004945477e+00 4.366783199232902035e+00 0.000000000000000000e+00
3.400298091611662521e+00 4.352183276894378672e+00 0.000000000000000000e+00
3.221650844906465139e+00 4.434222169454244522e+00 0.000000000000000000e+00
3.052000185342808702e+00 4.358708171484263261e+00 0.000000000000000000e+00
1.061348099803947953e+00 1.573513335908801380e+00 0.000000000000000000e+00
9.845899825028092689e-01 1.575673416415018790e+00 0.000000000000000000e+00
2.571070037577440015e+00 4.278979304716472143e+00 0.000000000000000000e+00
2.474499855891466371e+00 4.285959669980463183e+00 0.000000000000000000e+00
2.290551758335134025e+00 4.307901515396427072e+00 0.000000000000000000e+00
2.195951915043424574e+00 4.309798504979373668e+00 0.000000000000000000e+00
2.113387258576914896e+00 4.333086227113285283e+00 0.000000000000000000e+00
1.999829479220766482e+00 4.288648372467003256e+00 0.000000000000000000e+00
1.821588510044370057e+00 4.291393826227268171e+00 0.000000000000000000e+00
1.723564793459768874e+00 4.265972791547183007e+00 0.000000000000000000e+00
1.549351242376437066e+00 4.256807797940879823e+00 0.000000000000000000e+00
1.383159937456098110e+00 4.256928832486279290e+00 0.000000000000000000e+00
1.300176901862666989e+00 4.252687298798046633e+00 0.000000000000000000e+00
1.211701715148526981e+00 4.225706349070470935e+00 0.000000000000000000e+00
1.137768422993799433e+00 4.246209864185539473e+00 0.000000000000000000e+00
1.053085976618747477e+00 4.223697474241189909e+00 0.000000000000000000e+00
9.756126245858779411e-01 4.225842884001429489e+00 0.000000000000000000e+00
8.233407528640421802e-01 4.235721366955791822e+00 0.000000000000000000e+00
2.457121409126157008e-01 1.393502937152343302e+00 0.000000000000000000e+00
2.127508518726073383e-01 1.343256160952702283e+00 0.000000000000000000e+00
1.839868211222816519e-01 1.309134416420153046e+00 0.000000000000000000e+00
1.402771763703251351e-01 1.334648393498026664e+00 0.000000000000000000e+00
1.190547271151965042e-01 1.360802015604174908e+00 0.000000000000000000e+00
9.947270828762096173e-02 1.422526336341807918e+00 0.000000000000000000e+00
7.646280667146782006e-02 1.458997717228170954e+00 0.000000000000000000e+00
4.966196022813671590e-02 1.422133125723708869e+00 0.000000000000000000e+00
2.579463398973243921e-02 1.477774938667325788e+00 0.000000000000000000e+00
-3.750525379982058011e-02 2.148672625743482723e+00 0.000000000000000000e+00
-2.211194749681487937e-01 4.219209685703594559e+00 0.000000000000000000e+00
-3.672743829258025006e-01 4.197964676425036679e+00 0.000000000000000000e+00
-4.404830304340685010e-01 4.190915484326247942e+00 0.000000000000000000e+00
-5.153855266467726182e-01 4.197477758520712143e+00 0.000000000000000000e+00
-5.881455627737586234e-01 4.184872683648742431e+00 0.000000000000000000e+00
-6.632821569186256871e-01 4.187798328405447634e+00 0.000000000000000000e+00
-7.360946581676414135e-01 4.174599900377993222e+00 0.000000000000000000e+00
-8.120831520071706278e-01 4.177805322343759009e+00 0.000000000000000000e+00
-9.632404877589137993e-01 4.172252667099169088e+00 0.000000000000000000e+00
-1.038328789415433162e+00 4.164509065099244012e+00 0.000000000000000000e+00
-1.157720399778437548e+00 3.362264034135580726e+00 0.000000000000000000e+00
-1.451748654896980240e+00 3.781934399366522648e+00 0.000000000000000000e+00
-1.129982417967857256e+00 2.217715298084748543e+00 0.000000000000000000e+00
-1.174148370968947086e+00 2.208251851671310995e+00 0.000000000000000000e+00
-1.086458351684989720e+00 1.960022695773095291e+00 0.000000000000000000e+00
-1.171121615620870582e+00 1.874186311452301190e+00 0.000000000000000000e+00
-2.838463344500269159e+00 4.208194863671305797e+00 0.000000000000000000e+00
-2.973993836548933345e+00 4.247303269934088021e+00 0.000000000000000000e+00
-2.019630221092500122e+00 2.779782458604622697e+00 0.000000000000000000e+00
-1.486074374803606046e+00 1.593619628492434215e+00 0.000000000000000000e+00
-2.928637724985123647e+00 1.901879542748120988e+00 0.000000000000000000e+00
-3.041948445405554313e+00 1.900820320079958270e+00 0.000000000000000000e+00
-1.709881572123901794e+00 9.478028155212936401e-01 0.000000000000000000e+00
-6.700477628590851609e+00 1.061251366001221497e+00 0.000000000000000000e+00
-6.717978503437451288e+00 9.441502742880678589e-01 0.000000000000000000e+00
-6.723507801570230313e+00 8.255429220888947928e-01 0.000000000000000000e+00
-6.745234212100473137e+00 5.901314972971557493e-01 0.000000000000000000e+00
-7.380000114440917081e+00 -2.659566458788357851e-08 0.000000000000000000e+00
