-6.000170781533614495e+00 -1.385248894049977642e+00 0.000000000000000000e+00
-4.695909652040258564e+00 -1.802591093550386825e+00 0.000000000000000000e+00
-5.353560034736097428e+00 -2.496406361274662977e+00 0.000000000000000000e+00
-4.553290516550506872e+00 -2.220788444964797659e+00 0.000000000000000000e+00
-5.368321158809435723e+00 -2.854387326230367172e+00 0.000000000000000000e+00
-5.236348036281800233e+00 -2.902555444069271573e+00 0.000000000000000000e+00
-5.220400882962672462e+00 -3.014000190690583114e+00 0.000000000000000000e+00
-5.142146550471732525e+00 -3.089713695972116980e+00 0.000000000000000000e+00
-3.162206615968902845e+00 -2.560704673373751294e+00 0.000000000000000000e+00
-2.969188089238741224e+00 -2.491444867715051359e+00 0.000000000000000000e+00
-2.937329536671933194e+00 -2.553381851821582504e+00 0.000000000000000000e+00
-2.910154932258750105e+00 -2.620315516083039142e+00 0.000000000000000000e+00
-1.258125220892401197e+00 -1.214957515756318163e+00 0.000000000000000000e+00
-2.795305266007095835e+00 -2.894623606043298381e+00 0.000000000000000000e+00
-1.105403672311565222e+00 -1.227675265447354169e+00 0.000000000000000000e+00
-2.747575201763916120e+00 -3.160723999988443111e+00 0.000000000000000000e+00
-2.712563430876285153e+00 -3.232707512703592911e+00 0.000000000000000000e+00
-2.697896478071431403e+00 -3.331624998532829451e+00 0.000000000000000000e+00
-2.596229932514971139e+00 -3.445313811042819196e+00 0.000000000000000000e+00
-2.587430491274039568e+00 -3.561292885487748361e+00 0.000000000000000000e+00
-2.582352674142414539e+00 -3.828495650802005379e+00 0.000000000000000000e+00
6.260000262148985861e-01 -1.084263760670314714e+00 0.000000000000000000e+00
6.309216917576333516e-01 -1.050029941136079170e+00 0.000000000000000000e+00
6.539203923259533369e-01 -1.046491299761040938e+00 0.000000000000000000e+00
6.737185170611709184e-01 -1.037435458935260124e+00 0.000000000000000000e+00
6.933992421419981067e-01 -1.028006573251370792e+00 0.000000000000000000e+00
7.194491702490454221e-01 -9.902367572442901666e-01 0.000000000000000000e+00
8.356238964979213479e-01 -9.958577105309636135e-01 0.000000000000000000e+00
8.541889197417782409e-01 -9.826318784733357736e-01 0.000000000000000000e+00
8.954638549781619439e-01 -9.602673530128984503e-01 0.000000000000000000e+00
9.176437259236830402e-01 -9.502478304953624333e-01 0.000000000000000000e+00
9.475231426304120408e-01 -9.475230781540047165e-01 0.000000000000000000e+00
9.703894059491351420e-01 -9.370940929647171291e-01 0.000000000000000000e+00
9.997605297242464495e-01 -9.322917134033852360e-01 0.000000000000000000e+00
1.027026157218692282e+00 -9.247384430410693357e-01 0.000000000000000000e+00
1.055838770170222762e+00 -9.178265781142161961e-01 0.000000000000000000e+00
1.101992989643403531e+00 -8.923762671057693385e-01 0.000000000000000000e+00
1.131583463155963143e+00 -8.840898346794168194e-01 0.000000000000000000e+00
1.164410558378828453e+00 -8.774462321093403627e-01 0.000000000000000000e+00
1.194109072811229799e+00 -8.675709646203771941e-01 0.000000000000000000e+00
1.225451528475948182e+00 -8.580703382819017122e-01 0.000000000000000000e+00
1.257649991959999936e+00 -8.482955712475476195e-01 0.000000000000000000e+00
1.304297987672033754e+00 -8.150157797362913570e-01 0.000000000000000000e+00
1.338895380609062435e+00 -8.044894486544245105e-01 0.000000000000000000e+00
1.383042597870004942e+00 -7.984999571791435713e-01 0.000000000000000000e+00
1.423880926719699236e+00 -7.892700265672381033e-01 0.000000000000000000e+00
1.466575988266416442e+00 -7.797922255279728931e-01 0.000000000000000000e+00
1.504019004748825994e+00 -7.663358995958499120e-01 0.000000000000000000e+00
1.551318503997015874e+00 -7.566285292402024076e-01 0.000000000000000000e+00
1.580433681089283393e+00 -7.036543509940373919e-01 0.000000000000000000e+00
1.596155407075969368e+00 -6.775277145715155047e-01 0.000000000000000000e+00
1.609591137693769936e+00 -6.503169746185990530e-01 0.000000000000000000e+00
1.621629209301046481e+00 -6.224850743470783376e-01 0.000000000000000000e+00
1.638823909497983067e+00 -5.964830653886522560e-01 0.000000000000000000e+00
1.649929936261753882e+00 -5.681163807433311508e-01 0.000000000000000000e+00
1.668153097066589430e+00 -5.420157415525086453e-01 0.000000000000000000e+00
1.693743088944437369e+00 -4.856729602368973775e-01 0.000000000000000000e+00
1.703893227447758063e+00 -4.565567595557083469e-01 0.000000000000000000e+00
1.717423429775907451e+00 -4.282016993621322598e-01 0.000000000000000000e+00
1.731455568674442169e+00 -3.997379609939789580e-01 0.000000000000000000e+00
1.751862372317777528e+00 -3.723697882504450329e-01 0.000000000000000000e+00
1.767910566565546127e+00 -3.436469484671081931e-01 0.000000000000000000e+00
1.778562805491052723e+00 -3.136085557757729014e-01 0.000000000000000000e+00
1.800307315706131783e+00 -2.530166395909771437e-01 0.000000000000000000e+00
1.819337047510486416e+00 -2.233864471671575536e-01 0.000000000000000000e+00
1.817985979959013676e+00 -1.910779733012193393e-01 0.000000000000000000e+00
1.836983009829290747e+00 -1.607151354809268073e-01 0.000000000000000000e+00
1.868437495544217564e+00 -1.306538239049319650e-01 0.000000000000000000e+00
1.890405718765201470e+00 -9.907191193320095957e-02 0.000000000000000000e+00
1.909835885658211385e+00 -6.669288478782159357e-02 0.000000000000000000e+00
1.924999952316283292e+00 5.378387735177624811e-08 0.000000000000000000e+00
1.946703488223515688e+00 3.397988992649413759e-02 0.000000000000000000e+00
1.968799955918100641e+00 6.875206397768292288e-02 0.000000000000000000e+00
1.984276871265618247e+00 1.039915990910269261e-01 0.000000000000000000e+00
2.012086645562324083e+00 1.406988598767707488e-01 0.000000000000000000e+00
2.021279081308952286e+00 1.768390609659398760e-01 0.000000000000000000e+00
2.055676664607432702e+00 2.160603801705001104e-01 0.000000000000000000e+00
2.079562842068337858e+00 2.922635545966223436e-01 0.000000000000000000e+00
2.097850098131853525e+00 3.322668711443010348e-01 0.000000000000000000e+00
2.104534240969123005e+00 3.710862262020508395e-01 0.000000000000000000e+00
2.133075954151403053e+00 4.146280219392875499e-01 0.000000000000000000e+00
2.166596839550547049e+00 4.605244343350735070e-01 0.000000000000000000e+00
2.208896884488475987e+00 5.099640890208005928e-01 0.000000000000000000e+00
2.225492992515802904e+00 5.963191119122535078e-01 0.000000000000000000e+00
2.246468464129729448e+00 6.441645290091388976e-01 0.000000000000000000e+00
2.287480920027130882e+00 6.993531646399842039e-01 0.000000000000000000e+00
2.312969354087392571e+00 7.515293651491351534e-01 0.000000000000000000e+00
2.338267463919520228e+00 8.051301214417343477e-01 0.000000000000000000e+00
2.361447545098929179e+00 8.594966836842624636e-01 0.000000000000000000e+00
2.412371902103620069e+00 9.260228818216541535e-01 0.000000000000000000e+00
2.456109940540419867e+00 9.923329008395395112e-01 0.000000000000000000e+00
2.472054063096093657e+00 1.100629453672274050e+00 0.000000000000000000e+00
2.506847339620992265e+00 1.168962187245527584e+00 0.000000000000000000e+00
2.557967785866120725e+00 1.247604327007854952e+00 0.000000000000000000e+00
2.592829029774973648e+00 1.321112456186369410e+00 0.000000000000000000e+00
2.643545022018736201e+00 1.405597903133566584e+00 0.000000000000000000e+00
2.697327237661856447e+00 1.495152987259162458e+00 0.000000000000000000e+00
2.711220224988280858e+00 1.629065550339888091e+00 0.000000000000000000e+00
2.774813392764250874e+00 1.733895937512410557e+00 0.000000000000000000e+00
2.824642455367481375e+00 1.834344352868886308e+00 0.000000000000000000e+00
2.883392570278195954e+00 1.944872943981518221e+00 0.000000000000000000e+00
2.930106735124065942e+00 2.051682925034182148e+00 0.000000000000000000e+00
2.627510752174884612e+00 1.979971463480798999e+00 0.000000000000000000e+00
2.605951454129081135e+00 2.035992510177573767e+00 0.000000000000000000e+00
2.560886475251893835e+00 2.148838995198526725e+00 0.000000000000000000e+00
2.534314751276937283e+00 2.203046302387886790e+00 0.000000000000000000e+00
2.527435517797532505e+00 2.275713263805646314e+00 0.000000000000000000e+00
2.505617816535754994e+00 2.336526517663791935e+00 0.000000000000000000e+00
2.491073718204394272e+00 2.405602032754074138e+00 0.000000000000000000e+00
4.973814075698756554e+00 5.333762815083652242e+00 0.000000000000000000e+00
4.898705118818391213e+00 5.440563446104386358e+00 0.000000000000000000e+00
1.335316339080976578e+00 2.999169755863907660e+00 0.000000000000000000e+00
1.278472224613615982e+00 3.011891973108830278e+00 0.000000000000000000e+00
1.631853926539058364e+00 6.090162197986941806e+00 0.000000000000000000e+00
5.324762169690994140e-01 3.788765615425010669e+00 0.000000000000000000e+00
4.771184098186705969e-01 3.885818153789663221e+00 0.000000000000000000e+00
4.114239778729212316e-01 3.914438295115429955e+00 0.000000000000000000e+00
4.946959131404076726e-01 5.654401232310980241e+00 0.000000000000000000e+00
3.927986149482724509e-01 5.617283215280055586e+00 0.000000000000000000e+00
2.936569630269931785e-01 5.603310385210004796e+00 0.000000000000000000e+00
1.361777718442674368e-01 3.899622959652236709e+00 0.000000000000000000e+00
-9.560437096996758644e-02 5.477165836578793190e+00 0.000000000000000000e+00
-1.913191214562193487e-01 5.478660384944663342e+00 0.000000000000000000e+00
-2.803114610302804843e-01 5.348659730505630705e+00 0.000000000000000000e+00
-3.729182034333102802e-01 5.332977601084783359e+00 0.000000000000000000e+00
-4.628842182969934993e-01 5.290789905371531709e+00 0.000000000000000000e+00
-5.536873415630910733e-01 5.267982403193896879e+00 0.000000000000000000e+00
-7.344165236298473287e-01 5.225644538852154852e+00 0.000000000000000000e+00
-8.256611632613889418e-01 5.213018929076284280e+00 0.000000000000000000e+00
-8.988030616414635077e-01 5.097365033089750419e+00 0.000000000000000000e+00
-1.479108523836752509e+00 4.837945755080548693e+00 0.000000000000000000e+00
-1.564862163832537734e+00 4.816150300998090827e+00 0.000000000000000000e+00
-1.648677239614120049e+00 4.788106167701069893e+00 0.000000000000000000e+00
-8.475402326462406766e-01 2.207917706608367503e+00 0.000000000000000000e+00
-2.246652183751482568e+00 4.606319459747086675e+00 0.000000000000000000e+00
-2.333965121165562984e+00 4.580664329019964676e+00 0.000000000000000000e+00
-2.426229195042775011e+00 4.563073326168161969e+00 0.000000000000000000e+00
-2.505981052756945271e+00 4.520909366625311954e+00 0.000000000000000000e+00
-2.712705694999000272e+00 4.514700311414824974e+00 0.000000000000000000e+00
-2.815991090444299516e+00 4.506527660736903584e+00 0.000000000000000000e+00
-3.062898305926171183e+00 4.374272007682339591e+00 0.000000000000000000e+00
-3.149353312455478893e+00 4.334712861038704901e+00 0.000000000000000000e+00
-3.287113639153097289e+00 4.362147035174835707e+00 0.000000000000000000e+00
-3.483288313595346963e+00 4.301502741510478067e+00 0.000000000000000000e+00
-1.616610925759528472e+00 1.926601838051373417e+00 0.000000000000000000e+00
-4.123139575844089855e+00 4.123139495956359646e+00 0.000000000000000000e+00
-4.224682790635048590e+00 4.079728670045910555e+00 0.000000000000000000e+00
-2.782273415069139055e+00 2.334604553692085638e+00 0.000000000000000000e+00
-2.851022950068298201e+00 2.227463211594987058e+00 0.000000000000000000e+00
-2.332125788395860599e+00 1.632972028116822516e+00 0.000000000000000000e+00
-2.319647221484189892e+00 1.564621779284168346e+00 0.000000000000000000e+00
-8.923454977657645504e-01 5.794959317724139858e-01 0.000000000000000000e+00
-8.897396516690798673e-01 5.346095084358509775e-01 0.000000000000000000e+00
-8.790157763399285562e-01 5.074999861144133817e-01 0.000000000000000000e+00
-8.693720079535329770e-01 4.819007645367212045e-01 0.000000000000000000e+00
-8.591080023856876302e-01 4.567958195413417410e-01 0.000000000000000000e+00
-8.491292287624738755e-01 4.326529442051990082e-01 0.000000000000000000e+00
-8.403724383505021267e-01 4.098770173103862824e-01 0.000000000000000000e+00
-8.356157741579696152e-01 3.896540276603211450e-01 0.000000000000000000e+00
-8.294992710989637086e-01 3.693168631288143433e-01 0.000000000000000000e+00
-8.307567615424891194e-01 3.356475125961511652e-01 0.000000000000000000e+00
-8.252851021807929843e-01 3.167972632769651686e-01 0.000000000000000000e+00
-8.344470599275636280e-01 3.037138859238283639e-01 0.000000000000000000e+00
-8.623129432301748221e-01 2.969181516975080704e-01 0.000000000000000000e+00
-8.949441690773369817e-01 2.907849815885171774e-01 0.000000000000000000e+00
-9.266592928722440226e-01 2.833081711093372590e-01 0.000000000000000000e+00
-9.689518066925469908e-01 2.778424535444069532e-01 0.000000000000000000e+00
-1.009107519696115229e+00 2.515987566484638727e-01 0.000000000000000000e+00
