-4.430181915955405003e+00 -3.097887280278713851e-01 0.000000000000000000e+00
-4.429081706526043938e+00 -3.874946694392614743e-01 0.000000000000000000e+00
-4.390031460949940900e+00 -5.390283140167081433e-01 0.000000000000000000e+00
-4.375004515321982979e+00 -6.148670148079803388e-01 0.000000000000000000e+00
-4.352850304363681033e+00 -7.675251801989896316e-01 0.000000000000000000e+00
-1.481893585164137273e+00 -3.149862836773735797e-01 0.000000000000000000e+00
-1.436221436441220689e+00 -3.315779215091871901e-01 0.000000000000000000e+00
-1.389463502362881853e+00 -3.464322344245346907e-01 0.000000000000000000e+00
-1.412183550996571668e+00 -3.783935181075151477e-01 0.000000000000000000e+00
-1.431318608932324654e+00 -4.104240842864785299e-01 0.000000000000000000e+00
-1.503311078940039014e+00 -4.596084027626074486e-01 0.000000000000000000e+00
-1.472172435785093603e+00 -5.069097030176920038e-01 0.000000000000000000e+00
-1.435850295965922729e+00 -5.226068492005118138e-01 0.000000000000000000e+00
-2.150035656492836456e+00 -8.253214845234247976e-01 0.000000000000000000e+00
-4.004195941165415107e+00 -1.699680568535677505e+00 0.000000000000000000e+00
-3.973922566872388984e+00 -1.769304553434968730e+00 0.000000000000000000e+00
-3.975066005058526919e+00 -1.853603956456600921e+00 0.000000000000000000e+00
-3.916944182330209134e+00 -1.910421561741464158e+00 0.000000000000000000e+00
-3.923101520038009493e+00 -1.998920305696126887e+00 0.000000000000000000e+00
-3.889384231514906975e+00 -2.068022521167213412e+00 0.000000000000000000e+00
-3.870192267177539946e+00 -2.145282849202581499e+00 0.000000000000000000e+00
-3.842554434524220408e+00 -2.218500084197031708e+00 0.000000000000000000e+00
-3.779750063687609796e+00 -2.361850224677529031e+00 0.000000000000000000e+00
-3.748857146350984326e+00 -2.434536551495284140e+00 0.000000000000000000e+00
-3.717404526562402278e+00 -2.507421271594479251e+00 0.000000000000000000e+00
-3.705024379238696319e+00 -2.594286262108786545e+00 0.000000000000000000e+00
-3.644621526707582326e+00 -2.647972801630027462e+00 0.000000000000000000e+00
-2.936582702392850130e+00 -2.212874006500711754e+00 0.000000000000000000e+00
-2.879391222205249345e+00 -2.249627193577226958e+00 0.000000000000000000e+00
-3.146144307728950373e+00 -2.639928779517597413e+00 0.000000000000000000e+00
-1.514144712395321779e+00 -1.869813173416727592e+00 0.000000000000000000e+00
-3.206364890542400037e+00 -4.103960294145597487e+00 0.000000000000000000e+00
-3.219710123728292572e+00 -4.272700047830414682e+00 0.000000000000000000e+00
1.755371733215204122e+00 -2.703035219506592757e+00 0.000000000000000000e+00
1.825693939466954685e+00 -2.607360964257535496e+00 0.000000000000000000e+00
1.818019835404653728e+00 -2.502289447069232953e+00 0.000000000000000000e+00
2.748231466806688950e+00 -3.161478434447674957e+00 0.000000000000000000e+00
2.882125061145625278e+00 -3.090700521447560689e+00 0.000000000000000000e+00
2.298624639756642107e+00 -2.380295331778457424e+00 0.000000000000000000e+00
3.034195223081344928e+00 -3.034195016612501572e+00 0.000000000000000000e+00
2.678623640309030218e+00 -2.018487554510393966e+00 0.000000000000000000e+00
2.811329816255704994e+00 -1.968514192851549938e+00 0.000000000000000000e+00
2.804634084116306436e+00 -1.891749443593567781e+00 0.000000000000000000e+00
2.779075667886425904e+00 -1.604499966394735688e+00 0.000000000000000000e+00
2.730562755562164767e+00 -1.513575537240352986e+00 0.000000000000000000e+00
2.702702723325113521e+00 -1.437052418984067881e+00 0.000000000000000000e+00
2.672128673630826068e+00 -1.361517457211068871e+00 0.000000000000000000e+00
2.643353317004512260e+00 -1.289249452871337631e+00 0.000000000000000000e+00
2.608353868200536940e+00 -1.216295284463841941e+00 0.000000000000000000e+00
2.555186617774936053e+00 -1.137642283072490157e+00 0.000000000000000000e+00
2.535070352414774852e+00 -1.076073429025348194e+00 0.000000000000000000e+00
2.522867259112431260e+00 -1.019304446258982200e+00 0.000000000000000000e+00
2.510858646220943236e+00 -9.138777225396057524e-01 0.000000000000000000e+00
2.556682251671396955e+00 -8.803362104097450791e-01 0.000000000000000000e+00
2.648692505651448759e+00 -8.606122754079175152e-01 0.000000000000000000e+00
2.713036515603987286e+00 -8.294584130327479210e-01 0.000000000000000000e+00
2.798232833864625402e+00 -8.023802622285989283e-01 0.000000000000000000e+00
2.896811646311348909e+00 -7.761982482107707693e-01 0.000000000000000000e+00
3.008854838298347545e+00 -6.946487797599373293e-01 0.000000000000000000e+00
3.114421995231604789e+00 -6.619907346674578363e-01 0.000000000000000000e+00
3.236424774936321747e+00 -6.290971494167941769e-01 0.000000000000000000e+00
3.370997051768648500e+00 -5.943976303033469133e-01 0.000000000000000000e+00
3.507281430449410653e+00 -5.554987015971553088e-01 0.000000000000000000e+00
3.619429777681114846e+00 -5.086775749868014396e-01 0.000000000000000000e+00
3.740906511811936230e+00 -4.593254537424220629e-01 0.000000000000000000e+00
4.041562059884061142e+00 -3.535907466390784126e-01 0.000000000000000000e+00
4.219695960029810067e+00 -2.950697650892011858e-01 0.000000000000000000e+00
4.381986416440974530e+00 -2.296500523843604813e-01 0.000000000000000000e+00
1.507770339774067159e+00 2.631827111313673681e-02 0.000000000000000000e+00
6.931817382293047558e+00 7.285635550942671790e-01 0.000000000000000000e+00
6.517459603696852177e+00 2.244141495011048537e+00 0.000000000000000000e+00
6.431256108540277516e+00 2.340785976248712874e+00 0.000000000000000000e+00
6.372620129302889680e+00 2.446219860107733179e+00 0.000000000000000000e+00
3.745533995022711338e+00 1.589884963903008819e+00 0.000000000000000000e+00
2.474220247560815711e+00 1.153747923378988682e+00 0.000000000000000000e+00
1.282583559068135592e+00 7.405000039299461934e-01 0.000000000000000000e+00
1.262607458425231810e+00 7.586511398688162711e-01 0.000000000000000000e+00
1.278375962608518490e+00 8.622755179235808143e-01 0.000000000000000000e+00
3.310046968039879189e+00 3.427654124467308883e+00 0.000000000000000000e+00
3.146740253823215205e+00 3.374465932808561330e+00 0.000000000000000000e+00
2.922093357275174608e+00 3.245313592080523613e+00 0.000000000000000000e+00
2.786938781917309704e+00 3.206006465591214383e+00 0.000000000000000000e+00
2.636714860407403549e+00 3.142314542696984958e+00 0.000000000000000000e+00
2.502807128962441841e+00 3.090709539902404046e+00 0.000000000000000000e+00
2.385072536203344029e+00 3.052753766457060536e+00 0.000000000000000000e+00
2.211068349027862201e+00 2.934186929649298392e+00 0.000000000000000000e+00
2.062580779558980559e+00 2.945670757618354507e+00 0.000000000000000000e+00
1.047885484225029806e+00 1.613602214724460415e+00 0.000000000000000000e+00
1.767280709590294263e+00 2.828240468551133091e+00 0.000000000000000000e+00
1.665633062220305272e+00 2.772079055927911817e+00 0.000000000000000000e+00
1.582999890322578374e+00 2.741836363963664258e+00 0.000000000000000000e+00
1.501940174207128997e+00 2.709571925668129655e+00 0.000000000000000000e+00
1.418743045477236953e+00 2.668267719045929631e+00 0.000000000000000000e+00
1.296263437320984480e+00 2.657734035336365874e+00 0.000000000000000000e+00
1.223902397042360146e+00 2.624667291722997398e+00 0.000000000000000000e+00
1.157165711762887295e+00 2.599036875135190439e+00 0.000000000000000000e+00
1.111239319492635103e+00 2.617915917253741842e+00 0.000000000000000000e+00
1.084486030475770635e+00 2.684197261616109387e+00 0.000000000000000000e+00
1.060410750937470725e+00 2.762464605018897679e+00 0.000000000000000000e+00
1.041793304991611269e+00 2.862303745746385797e+00 0.000000000000000000e+00
1.013493583518932484e+00 2.943399265077581539e+00 0.000000000000000000e+00
9.388054783391457381e-01 3.070694555529504211e+00 0.000000000000000000e+00
9.085006690008053942e-01 3.168318569773497018e+00 0.000000000000000000e+00
8.836081701682789724e-01 3.297670819841278078e+00 0.000000000000000000e+00
8.484200203759006964e-01 3.402827097425766389e+00 0.000000000000000000e+00
8.084740506663963266e-01 3.501886125508687275e+00 0.000000000000000000e+00
7.719760571267011429e-01 3.631862112788179608e+00 0.000000000000000000e+00
7.109542671135602454e-01 3.657542967071586215e+00 0.000000000000000000e+00
5.860034512413762053e-01 3.699880584689093421e+00 0.000000000000000000e+00
5.237083177036211401e-01 3.726378762833466141e+00 0.000000000000000000e+00
4.655408202848542731e-01 3.791526240793208657e+00 0.000000000000000000e+00
4.007620765011836728e-01 3.812997063507960416e+00 0.000000000000000000e+00
3.379027592531330115e-01 3.862246943163864188e+00 0.000000000000000000e+00
2.709340852093717333e-01 3.874538838417953102e+00 0.000000000000000000e+00
2.041625034803929151e-01 3.895653841237209924e+00 0.000000000000000000e+00
6.926853978891180097e-02 3.968395604251647946e+00 0.000000000000000000e+00
-6.294490464601060953e-08 3.990999937057494229e+00 0.000000000000000000e+00
-7.033326460946692782e-02 4.029386420156885862e+00 0.000000000000000000e+00
-1.426691995934303847e-01 4.085509519460952532e+00 0.000000000000000000e+00
-2.156241969531794422e-01 4.114353565591459372e+00 0.000000000000000000e+00
-2.920006536468118807e-01 4.175802980556422739e+00 0.000000000000000000e+00
-3.687560065376466190e-01 4.214899708857003269e+00 0.000000000000000000e+00
-4.455003826315402371e-01 4.238652394858264394e+00 0.000000000000000000e+00
-6.002536753205069964e-01 4.271026371875960237e+00 0.000000000000000000e+00
-6.869037668909354633e-01 4.336939290097895139e+00 0.000000000000000000e+00
-7.709979818282807207e-01 4.372546468607783510e+00 0.000000000000000000e+00
-8.626475140220524196e-01 4.437936394173733312e+00 0.000000000000000000e+00
-2.081196260782607887e-01 9.791257910986669311e-01 0.000000000000000000e+00
-2.227015594641144902e-01 9.646263703087343266e-01 0.000000000000000000e+00
-2.387769214798841355e-01 9.576818674162901335e-01 0.000000000000000000e+00
-2.712271784877197667e-01 9.458815312391276597e-01 0.000000000000000000e+00
-2.868166567851749837e-01 9.381349676633868873e-01 0.000000000000000000e+00
-3.031456858416687328e-01 9.329864443376404415e-01 0.000000000000000000e+00
-3.203590851185618149e-01 9.303902998589808071e-01 0.000000000000000000e+00
-3.365478424116358225e-01 9.246575599960011882e-01 0.000000000000000000e+00
-3.537091740166079523e-01 9.214438656944068384e-01 0.000000000000000000e+00
-3.697367151256915063e-01 9.151304491150025200e-01 0.000000000000000000e+00
-4.022625604355122841e-01 9.034964730432042401e-01 0.000000000000000000e+00
-4.183920942721019443e-01 8.972447126249092353e-01 0.000000000000000000e+00
-4.379327922912168991e-01 8.978952584569512840e-01 0.000000000000000000e+00
-4.553524915964441422e-01 8.936795569355189262e-01 0.000000000000000000e+00
-4.727578600554575572e-01 8.891281933969831242e-01 0.000000000000000000e+00
-3.748984633043483061e+00 2.723796724223670029e+00 0.000000000000000000e+00
-3.789397319627094252e+00 2.653364521400140230e+00 0.000000000000000000e+00
-3.882383046488133704e+00 2.618700384178377139e+00 0.000000000000000000e+00
-3.939183409991195539e+00 2.461474941017570472e+00 0.000000000000000000e+00
-5.966655690346260421e+00 3.307371197370003735e+00 0.000000000000000000e+00
-5.670376470753378584e+00 2.524614214746223162e+00 0.000000000000000000e+00
-5.541778132763692355e+00 2.239023660990982378e+00 0.000000000000000000e+00
-5.467046941230210955e+00 2.098602658174509639e+00 0.000000000000000000e+00
-5.477468295551751964e+00 1.993635379590171786e+00 0.000000000000000000e+00
-5.338397802615035381e+00 1.838157737306973738e+00 0.000000000000000000e+00
-5.324014435828033243e+00 1.729877117692546040e+00 0.000000000000000000e+00
-5.265414035961877737e+00 1.609798587394574598e+00 0.000000000000000000e+00
-5.178316845255109158e+00 1.484858429055529561e+00 0.000000000000000000e+00
-5.147418668386100293e+00 1.283395586334584948e+00 0.000000000000000000e+00
-4.965077435795130611e+00 1.055359761057467871e+00 0.000000000000000000e+00
-1.959327910652689964e+00 3.808547546231153547e-01 0.000000000000000000e+00
-1.927268791234344691e+00 3.398294771239998013e-01 0.000000000000000000e+00
-4.894983272785269790e+00 7.752891618696434728e-01 0.000000000000000000e+00
-4.833498488263678894e+00 6.793038889794065227e-01 0.000000000000000000e+00
-4.798567957688597119e+00 5.043497941437878884e-01 0.000000000000000000e+00
-4.791696442612729534e+00 4.192190971218990869e-01 0.000000000000000000e+00
-4.694536273472490251e+00 3.282739356052354895e-01 0.000000000000000000e+00
-4.689564395239058214e+00 2.457696369055643870e-01 0.000000000000000000e+00
-4.663157488943141971e+00 1.628410296873102070e-01 0.000000000000000000e+00
-4.606298206020281505e+00 8.040321703685980592e-02 0.000000000000000000e+00
