-5.995298819758705378e+00 -1.384124112788531313e+00 0.000000000000000000e+00
-4.606285751169646225e+00 -1.768187696243026519e+00 0.000000000000000000e+00
-5.332714738300275314e+00 -2.486686038669257304e+00 0.000000000000000000e+00
-4.551493058788489421e+00 -2.219911766129197161e+00 0.000000000000000000e+00
-5.277377835280298690e+00 -2.806031897706711575e+00 0.000000000000000000e+00
-5.250341771054841900e+00 -2.910312298802173014e+00 0.000000000000000000e+00
-5.264568279738442769e+00 -3.039500251948125786e+00 0.000000000000000000e+00
-5.126717431600359198e+00 -3.080442945046262704e+00 0.000000000000000000e+00
-3.152881170137752598e+00 -2.553153075511508607e+00 0.000000000000000000e+00
-2.967656111457400936e+00 -2.490159385601403486e+00 0.000000000000000000e+00
-2.935820226974367397e+00 -2.552069828794397921e+00 0.000000000000000000e+00
-2.910898200369997912e+00 -2.620984757759117212e+00 0.000000000000000000e+00
-1.267476646110636818e+00 -1.223988082955241197e+00 0.000000000000000000e+00
-2.795999873996110718e+00 -2.895342893738420020e+00 0.000000000000000000e+00
-1.107411078067483068e+00 -1.229904715607496257e+00 0.000000000000000000e+00
-2.740358450214680275e+00 -3.152422076238010629e+00 0.000000000000000000e+00
-2.708063937468868421e+00 -3.227345224774784249e+00 0.000000000000000000e+00
-2.694749804272519089e+00 -3.327739179645450296e+00 0.000000000000000000e+00
-2.607062391074968843e+00 -3.459688970429475319e+00 0.000000000000000000e+00
-2.580377019354255896e+00 -3.551584613342612329e+00 0.000000000000000000e+00
-2.575642312816172286e+00 -3.818547130055760075e+00 0.000000000000000000e+00
6.265000496111424733e-01 -1.085129826525475627e+00 0.000000000000000000e+00
6.304066295841848078e-01 -1.049172733798412693e+00 0.000000000000000000e+00
6.518007424376464076e-01 -1.043099151125390200e+00 0.000000000000000000e+00
6.748077811669678239e-01 -1.039112778437221385e+00 0.000000000000000000e+00
7.123819606396376569e-01 -1.017386800525477142e+00 0.000000000000000000e+00
7.159225039692436177e-01 -9.853827178969588596e-01 0.000000000000000000e+00
8.381950905667076013e-01 -9.989219400837606733e-01 0.000000000000000000e+00
8.541889197417782409e-01 -9.826318784733357736e-01 0.000000000000000000e+00
8.765610895597037988e-01 -9.735196486729509324e-01 0.000000000000000000e+00
9.176437259236830402e-01 -9.502478304953624333e-01 0.000000000000000000e+00
9.446946675306109320e-01 -9.446946032466736476e-01 0.000000000000000000e+00
9.703894059491351420e-01 -9.370940929647171291e-01 0.000000000000000000e+00
9.975664532059181910e-01 -9.302457040883599371e-01 0.000000000000000000e+00
1.027026157218692282e+00 -9.247384430410693357e-01 0.000000000000000000e+00
1.055838770170222762e+00 -9.178265781142161961e-01 0.000000000000000000e+00
1.101992989643403531e+00 -8.923762671057693385e-01 0.000000000000000000e+00
1.130795415558215833e+00 -8.834741444602713933e-01 0.000000000000000000e+00
1.160417384537657970e+00 -8.744371599948010942e-01 0.000000000000000000e+00
1.195727182449343617e+00 -8.687465900063355839e-01 0.000000000000000000e+00
1.226270621167451225e+00 -8.586438731191028406e-01 0.000000000000000000e+00
1.262624252292296800e+00 -8.516507519711953300e-01 0.000000000000000000e+00
1.309386311937077663e+00 -8.181953173938075752e-01 0.000000000000000000e+00
1.346609838234270162e+00 -8.091247621012063185e-01 0.000000000000000000e+00
1.388238786728571483e+00 -8.014999779937229674e-01 0.000000000000000000e+00
1.419507832277282944e+00 -7.868459809170876840e-01 0.000000000000000000e+00
1.464810115786110645e+00 -7.788532945469441859e-01 0.000000000000000000e+00
1.504019004748825994e+00 -7.663358995958499120e-01 0.000000000000000000e+00
1.565193569342675284e+00 -7.298616881987659566e-01 0.000000000000000000e+00
1.581347160346521008e+00 -7.040610581286607106e-01 0.000000000000000000e+00
1.597075954956784338e+00 -6.779184639303043047e-01 0.000000000000000000e+00
1.608664021029212021e+00 -6.499423952050482622e-01 0.000000000000000000e+00
1.621629209301046481e+00 -6.224850743470783376e-01 0.000000000000000000e+00
1.638823909497983067e+00 -5.964830653886522560e-01 0.000000000000000000e+00
1.659385113099904885e+00 -5.713720588945798706e-01 0.000000000000000000e+00
1.667202109472770255e+00 -5.417067469843377392e-01 0.000000000000000000e+00
1.693743088944437369e+00 -4.856729602368973775e-01 0.000000000000000000e+00
1.703893227447758063e+00 -4.565567595557083469e-01 0.000000000000000000e+00
1.716453204368719510e+00 -4.279597950297938658e-01 0.000000000000000000e+00
1.731455568674442169e+00 -3.997379609939789580e-01 0.000000000000000000e+00
1.751862372317777528e+00 -3.723697882504450329e-01 0.000000000000000000e+00
1.766928893505004261e+00 -3.434561305841069556e-01 0.000000000000000000e+00
1.778562805491052723e+00 -3.136085557757729014e-01 0.000000000000000000e+00
1.805258651348068399e+00 -2.537125042884543213e-01 0.000000000000000000e+00
1.821322232584255740e+00 -2.236301971865425897e-01 0.000000000000000000e+00
1.833898362580290264e+00 -1.927504316453346189e-01 0.000000000000000000e+00
1.833994404826536861e+00 -1.604536665096045200e-01 0.000000000000000000e+00
1.868437495544217564e+00 -1.306538239049319650e-01 0.000000000000000000e+00
1.888408485406643411e+00 -9.896724142493655563e-02 0.000000000000000000e+00
1.902840180361173639e+00 -6.644858957330158911e-02 0.000000000000000000e+00
1.927000045776366299e+00 5.383975931749773074e-08 0.000000000000000000e+00
1.946703488223515688e+00 3.397988992649413759e-02 0.000000000000000000e+00
1.968799955918100641e+00 6.875206397768292288e-02 0.000000000000000000e+00
1.993264599921684477e+00 1.044626262388384380e-01 0.000000000000000000e+00
2.026052481352726975e+00 1.416754466342394769e-01 0.000000000000000000e+00
2.031241018765655326e+00 1.777106178338336007e-01 0.000000000000000000e+00
2.052585512409642821e+00 2.520258670982009064e-01 0.000000000000000000e+00
2.080553274457761503e+00 2.924027508184748325e-01 0.000000000000000000e+00
2.099825331630866820e+00 3.325797174506606169e-01 0.000000000000000000e+00
2.114382309061217491e+00 3.728227065845193255e-01 0.000000000000000000e+00
2.143873772604680372e+00 4.167269055246697329e-01 0.000000000000000000e+00
2.187138082707524855e+00 4.648906109179622437e-01 0.000000000000000000e+00
2.214743145728043761e+00 5.113138049392529361e-01 0.000000000000000000e+00
2.229356876345147676e+00 5.973544365712822879e-01 0.000000000000000000e+00
2.263771295537166939e+00 6.491260365584622383e-01 0.000000000000000000e+00
2.293218788646072426e+00 7.011074072838519022e-01 0.000000000000000000e+00
2.318675733045791887e+00 7.533834802278013276e-01 0.000000000000000000e+00
2.355286691729049586e+00 8.109903120164095869e-01 0.000000000000000000e+00
2.384000101474752054e+00 8.677051435561966564e-01 0.000000000000000000e+00
2.417973201200308786e+00 9.281730192556615355e-01 0.000000000000000000e+00
2.441178799977649749e+00 1.036218993991462112e+00 0.000000000000000000e+00
2.475708197840345903e+00 1.102256379388524055e+00 0.000000000000000000e+00
2.530411362557820176e+00 1.179950272302475067e+00 0.000000000000000000e+00
2.559765457938670163e+00 1.248481110315543985e+00 0.000000000000000000e+00
2.609757988677412044e+00 1.329738192098551819e+00 0.000000000000000000e+00
2.654140467096877121e+00 1.411231601542541902e+00 0.000000000000000000e+00
2.679482649907039438e+00 1.547000114540669546e+00 0.000000000000000000e+00
2.725792034559029187e+00 1.637821177329916944e+00 0.000000000000000000e+00
2.790078162835952114e+00 1.743434424995353282e+00 0.000000000000000000e+00
2.818771787075567303e+00 1.830531896107013390e+00 0.000000000000000000e+00
2.907434695872814334e+00 1.961089563274626579e+00 0.000000000000000000e+00
2.880138567478210732e+00 2.016694835649818440e+00 0.000000000000000000e+00
2.596495446998168255e+00 2.028604667374815929e+00 0.000000000000000000e+00
2.566135953203671605e+00 2.078016018220893102e+00 0.000000000000000000e+00
2.558588325893734527e+00 2.146910618831465278e+00 0.000000000000000000e+00
2.535069406141684745e+00 2.203702313883113995e+00 0.000000000000000000e+00
2.527435517797532505e+00 2.275713263805646314e+00 0.000000000000000000e+00
2.504886341488884227e+00 2.335844406117193017e+00 0.000000000000000000e+00
2.502583178089934357e+00 2.416716589458768549e+00 0.000000000000000000e+00
5.012654744134469986e+00 5.190756165746387651e+00 0.000000000000000000e+00
4.958809898792072346e+00 5.317672804552938004e+00 0.000000000000000000e+00
3.104982790191713082e+00 6.366158454396605215e+00 0.000000000000000000e+00
1.625642349841849965e+00 6.066980276507322856e+00 0.000000000000000000e+00
5.750836964827051867e-01 2.705556305349139379e+00 0.000000000000000000e+00
5.306669652808698734e-01 3.775892119168159589e+00 0.000000000000000000e+00
4.754122466816208536e-01 3.871922568218370220e+00 0.000000000000000000e+00
4.140371740893966646e-01 3.939301200275472592e+00 0.000000000000000000e+00
4.928656508661394819e-01 5.633481234825299389e+00 0.000000000000000000e+00
3.925893274810742239e-01 5.614290264358332117e+00 0.000000000000000000e+00
1.939713166267690858e-01 5.554614307368434645e+00 0.000000000000000000e+00
-9.549965570520631275e-02 5.471166708454212824e+00 0.000000000000000000e+00
-1.903419393749713195e-01 5.450677563799226633e+00 0.000000000000000000e+00
-2.799974430046476837e-01 5.342667911397765756e+00 0.000000000000000000e+00
-3.723601254440178088e-01 5.324996715761529664e+00 0.000000000000000000e+00
-4.619255328890660706e-01 5.279832082922214731e+00 0.000000000000000000e+00
-6.449326208558683327e-01 5.252554043183918608e+00 0.000000000000000000e+00
-7.238394034836266311e-01 5.150384426435704377e+00 0.000000000000000000e+00
-8.228453975329184100e-01 5.195240885617899984e+00 0.000000000000000000e+00
-8.873422836278643810e-01 5.032367736583180040e+00 0.000000000000000000e+00
-1.394173836071722627e+00 4.862061723422590909e+00 0.000000000000000000e+00
-1.482324658458126443e+00 4.848465256921348221e+00 0.000000000000000000e+00
-1.562699054213566585e+00 4.809492934436818246e+00 0.000000000000000000e+00
-1.648677239614120049e+00 4.788106167701069893e+00 0.000000000000000000e+00
-2.244898617179852174e+00 4.602724115580650199e+00 0.000000000000000000e+00
-2.333057205954264912e+00 4.578882445141559288e+00 0.000000000000000000e+00
-2.414961798482674116e+00 4.541882435874778245e+00 0.000000000000000000e+00
-2.511313803343905082e+00 4.530529903082257448e+00 0.000000000000000000e+00
-2.634500080162760938e+00 4.563087867925876395e+00 0.000000000000000000e+00
-2.843015698022772764e+00 4.377860156560160476e+00 0.000000000000000000e+00
-2.988886001246196855e+00 4.431205617967113319e+00 0.000000000000000000e+00
-3.061750962677599386e+00 4.372633431747343202e+00 0.000000000000000000e+00
-3.155819042258873441e+00 4.343612174438675311e+00 0.000000000000000000e+00
-3.297344614071487268e+00 4.375723997156199196e+00 0.000000000000000000e+00
-1.595178953600665972e+00 2.041735908758151918e+00 0.000000000000000000e+00
-2.841152870073795800e+00 2.942099865239180101e+00 0.000000000000000000e+00
-4.114654235044884700e+00 4.114654155321562534e+00 0.000000000000000000e+00
-4.216050652581956548e+00 4.071392711384810958e+00 0.000000000000000000e+00
-2.779851048516658985e+00 2.251078952892826113e+00 0.000000000000000000e+00
-2.854174952522948505e+00 2.229925825763147795e+00 0.000000000000000000e+00
-2.321476997684564836e+00 1.625515664720242004e+00 0.000000000000000000e+00
-2.311356853619101148e+00 1.559029855650325258e+00 0.000000000000000000e+00
-8.963868768559596356e-01 5.601246769169548889e-01 0.000000000000000000e+00
-8.837395066947324462e-01 5.310042576759660404e-01 0.000000000000000000e+00
-8.772837478241670706e-01 5.064999990022834853e-01 0.000000000000000000e+00
-8.641242529883051970e-01 4.789918865113088065e-01 0.000000000000000000e+00
-8.538103323855418259e-01 4.539789984866476336e-01 0.000000000000000000e+00
-8.482382337063477662e-01 4.321989595568704323e-01 0.000000000000000000e+00
-8.376760373447929009e-01 4.085618946918219141e-01 0.000000000000000000e+00
-8.328968857930650893e-01 3.883861892172144059e-01 0.000000000000000000e+00
-8.330568684125182477e-01 3.536116545112921727e-01 0.000000000000000000e+00
-8.270480185983979382e-01 3.341490832102363417e-01 0.000000000000000000e+00
-8.234179653621359618e-01 3.160805366175947206e-01 0.000000000000000000e+00
-8.400851990862500118e-01 3.057660007139656466e-01 0.000000000000000000e+00
-8.679860380140677067e-01 2.988715548452428594e-01 0.000000000000000000e+00
-9.016015923679068234e-01 2.929481094973465649e-01 0.000000000000000000e+00
-9.468427858159440547e-01 2.715027939623808617e-01 0.000000000000000000e+00
-9.862102968435316752e-01 2.642542466536346168e-01 0.000000000000000000e+00
-1.007166953225248962e+00 2.511149190972278289e-01 0.000000000000000000e+00
