-4.773449372671564994e+00 -2.501661294206466435e-01 0.000000000000000000e+00
-6.653359953332834920e+00 -1.414215667473887938e+00 0.000000000000000000e+00
-6.600382905419676760e+00 -1.523818813320849452e+00 0.000000000000000000e+00
-6.619357387413184135e+00 -1.650391511742783868e+00 0.000000000000000000e+00
-6.559602091155113612e+00 -1.757640436263389727e+00 0.000000000000000000e+00
-6.856679479594038895e+00 -1.966121574257635674e+00 0.000000000000000000e+00
-7.013865806491620170e+00 -2.552838774448938697e+00 0.000000000000000000e+00
-6.904760617870765671e+00 -2.650489663374086646e+00 0.000000000000000000e+00
-6.864868942088057757e+00 -2.773587483218246774e+00 0.000000000000000000e+00
-4.244447846871849173e+00 -1.801661465994966571e+00 0.000000000000000000e+00
-3.636824338694991887e+00 -1.619218732679146067e+00 0.000000000000000000e+00
-2.660856830623416158e+00 -1.933225841116970489e+00 0.000000000000000000e+00
-2.529514455980184096e+00 -1.976273478517292626e+00 0.000000000000000000e+00
-2.460443934350295514e+00 -1.992428404092258187e+00 0.000000000000000000e+00
-2.415338123295028172e+00 -2.026709521330039010e+00 0.000000000000000000e+00
-2.391674494910640991e+00 -2.079051115826997975e+00 0.000000000000000000e+00
-3.051352485698411776e+00 -2.747450376158596441e+00 0.000000000000000000e+00
-3.011714435099720699e+00 -2.808469407480655988e+00 0.000000000000000000e+00
-2.983101900553738695e+00 -2.880748286544910552e+00 0.000000000000000000e+00
-2.931458037782321391e+00 -3.035613941518090719e+00 0.000000000000000000e+00
-2.901221008315971961e+00 -3.111178916620331858e+00 0.000000000000000000e+00
-2.215491397742378687e+00 -2.460552699388067310e+00 0.000000000000000000e+00
-2.811212691486062898e+00 -3.233930564429218890e+00 0.000000000000000000e+00
-2.954894559910734575e+00 -3.521506533023106122e+00 0.000000000000000000e+00
-2.758940329320347828e+00 -3.407007883858730324e+00 0.000000000000000000e+00
-2.613482740950492378e+00 -3.345105677127483634e+00 0.000000000000000000e+00
-2.490310423612867918e+00 -3.304753862053330327e+00 0.000000000000000000e+00
-2.331014562450697714e+00 -3.329034118756072136e+00 0.000000000000000000e+00
-2.063421709046834529e+00 -3.059148782410105571e+00 0.000000000000000000e+00
-1.853406572323540447e+00 -2.853996122901048871e+00 0.000000000000000000e+00
3.749709041632863560e+00 -6.000788375396199470e+00 0.000000000000000000e+00
8.818472674656065990e-01 -1.307392238788683381e+00 0.000000000000000000e+00
3.515437321240737045e+00 -3.055922834325551563e+00 0.000000000000000000e+00
3.397407156465531486e+00 -2.850762898883617780e+00 0.000000000000000000e+00
3.318413329846844562e+00 -2.687197947566797307e+00 0.000000000000000000e+00
3.271820694449787847e+00 -2.556226306797955150e+00 0.000000000000000000e+00
3.256037168011904459e+00 -2.453599827072779682e+00 0.000000000000000000e+00
3.206134472963393378e+00 -2.329392884406310760e+00 0.000000000000000000e+00
3.156975218311088405e+00 -2.129406522762282705e+00 0.000000000000000000e+00
3.077921113109657991e+00 -1.998825200329275464e+00 0.000000000000000000e+00
2.987228010698366187e+00 -1.794907541049675537e+00 0.000000000000000000e+00
2.942754378071968269e+00 -1.698999906798290382e+00 0.000000000000000000e+00
2.860006476173046597e+00 -1.585327357837374551e+00 0.000000000000000000e+00
2.799826867553057319e+00 -1.488694238559699512e+00 0.000000000000000000e+00
2.772812337708466579e+00 -1.412818342400635085e+00 0.000000000000000000e+00
2.776927001503442849e+00 -1.294902221054492930e+00 0.000000000000000000e+00
2.768956228209684234e+00 -1.232818637697530084e+00 0.000000000000000000e+00
2.721932903334452369e+00 -1.155391869136102700e+00 0.000000000000000000e+00
2.715721451985666945e+00 -1.097222591006928427e+00 0.000000000000000000e+00
2.797940551682204902e+00 -1.074028651150961133e+00 0.000000000000000000e+00
2.873580148860233496e+00 -1.045897540241031765e+00 0.000000000000000000e+00
2.945290402949044317e+00 -1.014144714382600343e+00 0.000000000000000000e+00
3.063353027496616310e+00 -9.953436322813850046e-01 0.000000000000000000e+00
3.212536622889869076e+00 -9.211799485367826446e-01 0.000000000000000000e+00
3.298636686417457664e+00 -8.838669302994859311e-01 0.000000000000000000e+00
3.425143911470344804e+00 -8.539841823648777197e-01 0.000000000000000000e+00
3.493116743373686717e+00 -8.064494346679197401e-01 0.000000000000000000e+00
3.539916148254395711e+00 -7.524322956978918286e-01 0.000000000000000000e+00
3.733128173792701343e+00 -7.256464944675621309e-01 0.000000000000000000e+00
3.771813638382973011e+00 -6.650723967333062037e-01 0.000000000000000000e+00
3.791735543867645220e+00 -6.005517986471835545e-01 0.000000000000000000e+00
3.840161032671523422e+00 -4.715123735934970695e-01 0.000000000000000000e+00
3.825925627332176671e+00 -4.021208760302485974e-01 0.000000000000000000e+00
3.879182217283507317e+00 -3.393843559085812922e-01 0.000000000000000000e+00
3.902470513404616703e+00 -2.728872100182544447e-01 0.000000000000000000e+00
3.904641572403838801e+00 -2.046334827237983600e-01 0.000000000000000000e+00
3.974577321064181934e+00 -1.387951861961508326e-01 0.000000000000000000e+00
4.027386396011838343e+00 -7.029817793058024122e-02 0.000000000000000000e+00
4.086377421325677162e+00 7.132809686464923471e-02 0.000000000000000000e+00
4.113492815405185965e+00 1.436464483688971172e-01 0.000000000000000000e+00
4.168279458720479447e+00 2.184503849476147064e-01 0.000000000000000000e+00
4.195754238943315784e+00 2.933958331488596971e-01 0.000000000000000000e+00
4.212907459385446529e+00 3.685817589185506615e-01 0.000000000000000000e+00
4.267493330837078602e+00 4.485317400885182049e-01 0.000000000000000000e+00
4.285814109559454188e+00 5.262319209860319980e-01 0.000000000000000000e+00
1.039956976670327382e+00 1.833725022727002441e-01 0.000000000000000000e+00
1.030708490512675324e+00 2.003494633116875978e-01 0.000000000000000000e+00
1.022164195071390003e+00 2.172677348825401700e-01 0.000000000000000000e+00
1.012370524644815584e+00 2.337241796923258674e-01 0.000000000000000000e+00
1.007166945304223571e+00 2.511149508667234742e-01 0.000000000000000000e+00
1.000699161984106800e+00 2.681365601116183495e-01 0.000000000000000000e+00
9.958671224655858412e-01 2.855603299765195335e-01 0.000000000000000000e+00
9.852945554141943063e-01 3.201416354292737076e-01 0.000000000000000000e+00
9.786116856361550820e-01 3.369630538243920115e-01 0.000000000000000000e+00
9.735215587386178981e-01 3.543328976193380608e-01 0.000000000000000000e+00
9.643885641569042155e-01 3.701941133527860139e-01 0.000000000000000000e+00
9.633440470103278308e-01 3.892162874703891107e-01 0.000000000000000000e+00
9.564045642598496544e-01 4.059696796626521831e-01 0.000000000000000000e+00
9.546549535350906668e-01 4.250397981340642284e-01 0.000000000000000000e+00
4.595811588087946653e+00 2.341683105821901201e+00 0.000000000000000000e+00
4.571902553529530344e+00 2.430923849999238051e+00 0.000000000000000000e+00
4.582132447904510464e+00 2.539917634702810290e+00 0.000000000000000000e+00
4.473887078453723021e+00 2.583000051539817932e+00 0.000000000000000000e+00
3.134163352963182270e+00 3.026626501565832239e+00 0.000000000000000000e+00
2.512964344081079382e+00 3.869625920175501221e+00 0.000000000000000000e+00
2.453526175129743248e+00 3.926462831566870371e+00 0.000000000000000000e+00
2.354239013279553649e+00 3.918111863522473204e+00 0.000000000000000000e+00
1.069625580951860222e+00 2.193057545029139632e+00 0.000000000000000000e+00
2.702643664770795873e+00 5.795838332573156393e+00 0.000000000000000000e+00
2.493295562108909458e+00 5.600033807309888090e+00 0.000000000000000000e+00
2.025443162475246250e+00 5.564859673192069422e+00 0.000000000000000000e+00
1.912387261015543904e+00 5.553976216675011734e+00 0.000000000000000000e+00
1.788899290813490861e+00 5.505666238052037365e+00 0.000000000000000000e+00
1.650145819538156644e+00 5.397384123545868384e+00 0.000000000000000000e+00
1.539434546466496245e+00 5.368646636094350555e+00 0.000000000000000000e+00
1.422987052963481602e+00 5.310660358285206328e+00 0.000000000000000000e+00
1.293314409312269930e+00 5.187201164287847277e+00 0.000000000000000000e+00
6.933602883171764431e-01 4.933515405496013528e+00 0.000000000000000000e+00
6.026438420038742194e-01 4.908140900323243017e+00 0.000000000000000000e+00
5.080082652854012171e-01 4.833376552697062678e+00 0.000000000000000000e+00
3.374119773381291654e-01 4.825217210059470574e+00 0.000000000000000000e+00
2.506891510241172072e-01 4.783435437435191950e+00 0.000000000000000000e+00
1.635389618939239731e-01 4.683145288414296559e+00 0.000000000000000000e+00
8.146776286846567350e-02 4.667289263504679653e+00 0.000000000000000000e+00
-7.324383491552098466e-08 4.644000053405760831e+00 0.000000000000000000e+00
-7.994954291270023328e-02 4.580302141510762759e+00 0.000000000000000000e+00
-1.067227113524028687e-01 3.056137235054643408e+00 0.000000000000000000e+00
-4.641064489503547441e-01 4.415677265398861628e+00 0.000000000000000000e+00
-5.385407116629851165e-01 4.386061583783226858e+00 0.000000000000000000e+00
-7.515493863263577046e-01 4.262248011821089477e+00 0.000000000000000000e+00
-8.258214057790210783e-01 4.248482505568019540e+00 0.000000000000000000e+00
-3.178558562934164500e-01 1.376784885007056314e+00 0.000000000000000000e+00
-3.333683957691165323e-01 1.337067526539145401e+00 0.000000000000000000e+00
-3.481116409231933551e-01 1.299170259209808442e+00 0.000000000000000000e+00
-3.740399077549793616e-01 1.304432109881055624e+00 0.000000000000000000e+00
-4.282975832788727399e-01 1.318164361245327321e+00 0.000000000000000000e+00
-4.753295361529540353e-01 1.380457150167936131e+00 0.000000000000000000e+00
-5.003755078734696271e-01 1.374770353232981135e+00 0.000000000000000000e+00
-5.160498852371215861e-01 1.344355860902045174e+00 0.000000000000000000e+00
-5.562908142016425028e-01 1.376868030176118474e+00 0.000000000000000000e+00
-8.850590083337890324e-01 1.987875012775114358e+00 0.000000000000000000e+00
-1.857816929988727495e+00 3.809089070015695633e+00 0.000000000000000000e+00
-1.936269466837654551e+00 3.800142683231034990e+00 0.000000000000000000e+00
-2.066258686352582252e+00 3.727629240742036831e+00 0.000000000000000000e+00
-2.122000022079276516e+00 3.675411752460517878e+00 0.000000000000000000e+00
-2.202817863304429302e+00 3.666104477085308400e+00 0.000000000000000000e+00
-2.266994589225304058e+00 3.627949625889203666e+00 0.000000000000000000e+00
-2.332144423870888161e+00 3.591187399953122306e+00 0.000000000000000000e+00
-2.405647936184565960e+00 3.566519648199180104e+00 0.000000000000000000e+00
-2.474982394696541910e+00 3.534641090656127194e+00 0.000000000000000000e+00
-2.592017438180546307e+00 3.439723241814619747e+00 0.000000000000000000e+00
-2.350003480757491658e+00 2.703369705276339907e+00 0.000000000000000000e+00
-2.380097541171943831e+00 2.643366062085096502e+00 0.000000000000000000e+00
-2.768913332398119209e+00 2.969295959152240094e+00 0.000000000000000000e+00
-1.933496134991687043e+00 1.622395864061932702e+00 0.000000000000000000e+00
-1.765932061293687294e+00 1.379697312016924027e+00 0.000000000000000000e+00
-1.796017761712125571e+00 1.304883261692013185e+00 0.000000000000000000e+00
-4.278662749034153556e+00 2.885994413869254149e+00 0.000000000000000000e+00
-4.324185586149225102e+00 2.808158904456262039e+00 0.000000000000000000e+00
-4.599812715183282386e+00 2.874281939520797025e+00 0.000000000000000000e+00
-2.983799341941511862e+00 1.792847487997372813e+00 0.000000000000000000e+00
-5.019930619481442591e+00 2.557782359452868359e+00 0.000000000000000000e+00
-2.011627014997857898e+00 8.956340347109887912e-01 0.000000000000000000e+00
-3.849667328412685219e+00 1.555366531962077969e+00 0.000000000000000000e+00
-6.422542829245281304e+00 1.963568354432643437e+00 0.000000000000000000e+00
-3.497052450461231921e+00 6.166246820996439393e-01 0.000000000000000000e+00
-3.497404307453419570e+00 5.539344065423099650e-01 0.000000000000000000e+00
-2.009928660420747359e+00 2.112520058203347095e-01 0.000000000000000000e+00
