-7.256894461859337397e+00 -1.266699425016891978e-01 0.000000000000000000e+00
-4.007500323504551432e+00 -2.100244008709427068e-01 0.000000000000000000e+00
-3.966314719884306061e+00 -2.773519497260190092e-01 0.000000000000000000e+00
-3.991796415998350778e+00 -9.952668417777510435e-01 0.000000000000000000e+00
-3.068782020788096254e+00 -9.382209861684126517e-01 0.000000000000000000e+00
-3.007240599590170316e+00 -9.771118678290136028e-01 0.000000000000000000e+00
-2.985947603423130925e+00 -1.028144377713755331e+00 0.000000000000000000e+00
-2.955715470921458365e+00 -1.134593034735505324e+00 0.000000000000000000e+00
-3.799599406310564031e+00 -1.535138025720415911e+00 0.000000000000000000e+00
-3.806287700276457908e+00 -1.615673492874406314e+00 0.000000000000000000e+00
-3.829582394685592028e+00 -1.705040159855030213e+00 0.000000000000000000e+00
-3.826431500257834184e+00 -1.784294539754103903e+00 0.000000000000000000e+00
-3.827064865553486239e+00 -1.866584484486333739e+00 0.000000000000000000e+00
-2.943885394609364603e+00 -1.499984709258785687e+00 0.000000000000000000e+00
-3.830834314683010167e+00 -2.123466377400311078e+00 0.000000000000000000e+00
-3.749249727074424499e+00 -2.252776757266644392e+00 0.000000000000000000e+00
-3.593179666050789756e+00 -2.245268088781804838e+00 0.000000000000000000e+00
-3.455322536666425304e+00 -2.243912927145780944e+00 0.000000000000000000e+00
-3.309517968594621884e+00 -2.232298286044227975e+00 0.000000000000000000e+00
-2.983351613172950501e+00 -2.088965500055632418e+00 0.000000000000000000e+00
-2.679422055992568552e+00 -2.019089540818745032e+00 0.000000000000000000e+00
-2.866783025060688939e+00 -2.239776589414912422e+00 0.000000000000000000e+00
-2.767416747904910768e+00 -2.241010111023872042e+00 0.000000000000000000e+00
-2.665068582936283459e+00 -2.236258277853862886e+00 0.000000000000000000e+00
-2.534314697663758498e+00 -2.203046364062789753e+00 0.000000000000000000e+00
-2.445689435822646640e+00 -2.202108865465949972e+00 0.000000000000000000e+00
-2.355690138767674746e+00 -2.196716797292840972e+00 0.000000000000000000e+00
-2.213951259300450669e+00 -2.213951463832468214e+00 0.000000000000000000e+00
-2.147188976331387611e+00 -2.223479479363954958e+00 0.000000000000000000e+00
-2.060316881850743354e+00 -2.209419560246359993e+00 0.000000000000000000e+00
-1.979288195949941542e+00 -2.198222443280222205e+00 0.000000000000000000e+00
-1.907819551109400491e+00 -2.194695540623383678e+00 0.000000000000000000e+00
-1.846728642381576302e+00 -2.200845697541259138e+00 0.000000000000000000e+00
-1.780976558851486535e+00 -2.199323092453174144e+00 0.000000000000000000e+00
-1.717695393199071052e+00 -2.198550050220049457e+00 0.000000000000000000e+00
-1.614645975764503971e+00 -2.222369739192555205e+00 0.000000000000000000e+00
-1.596836650595247153e+00 -2.280519297280958479e+00 0.000000000000000000e+00
-1.604883462599558719e+00 -2.379337810102549078e+00 0.000000000000000000e+00
2.192806047025847249e+00 -3.509222953139082168e+00 0.000000000000000000e+00
2.205243457474443947e+00 -3.395776871843433131e+00 0.000000000000000000e+00
2.171905386621694856e+00 -3.219981906859267884e+00 0.000000000000000000e+00
2.105025671518157893e+00 -3.006287990570280400e+00 0.000000000000000000e+00
2.185988782777346096e+00 -2.514692258700209404e+00 0.000000000000000000e+00
2.120474912648543597e+00 -2.355025812311980715e+00 0.000000000000000000e+00
2.104646993138546751e+00 -2.256957425910837589e+00 0.000000000000000000e+00
2.108982896588271316e+00 -2.183915571391919386e+00 0.000000000000000000e+00
2.130684481497453930e+00 -2.057577946896417043e+00 0.000000000000000000e+00
2.139209609694938674e+00 -1.994845098457294741e+00 0.000000000000000000e+00
2.192277336954095990e+00 -1.973935246965153878e+00 0.000000000000000000e+00
2.276958839576355587e+00 -1.979329987947265668e+00 0.000000000000000000e+00
2.360183063964585326e+00 -1.980428604360586098e+00 0.000000000000000000e+00
2.451118462450552205e+00 -1.984876459571177643e+00 0.000000000000000000e+00
2.551578819985983237e+00 -1.993511721036873352e+00 0.000000000000000000e+00
2.712633986616382664e+00 -1.970843818220306964e+00 0.000000000000000000e+00
2.843276774837177889e+00 -1.990883692517664727e+00 0.000000000000000000e+00
2.948886645463095757e+00 -1.989049017969495070e+00 0.000000000000000000e+00
3.018375418351462169e+00 -1.960155776754105350e+00 0.000000000000000000e+00
3.138626046128339286e+00 -1.961231082516351254e+00 0.000000000000000000e+00
3.287236694354890076e+00 -1.975170931305443744e+00 0.000000000000000000e+00
3.315145366391778925e+00 -1.913999928261994166e+00 0.000000000000000000e+00
3.353292113149278109e+00 -1.858760030819664344e+00 0.000000000000000000e+00
3.462451335650630124e+00 -1.764206935374330598e+00 0.000000000000000000e+00
3.533159445063271953e+00 -1.723236864384424027e+00 0.000000000000000000e+00
3.565414900102798157e+00 -1.662580136468946534e+00 0.000000000000000000e+00
3.594801373461152583e+00 -1.600508555127649668e+00 0.000000000000000000e+00
3.659927410525174007e+00 -1.553546880809923536e+00 0.000000000000000000e+00
3.766220676833676784e+00 -1.521651790288661932e+00 0.000000000000000000e+00
3.843343005266355750e+00 -1.398862320615986032e+00 0.000000000000000000e+00
3.909719567586446676e+00 -1.346224273917419501e+00 0.000000000000000000e+00
3.983024921835683685e+00 -1.294163113941521726e+00 0.000000000000000000e+00
4.032737200473614614e+00 -1.232931359104208813e+00 0.000000000000000000e+00
4.088245819100256639e+00 -1.172285491287797132e+00 0.000000000000000000e+00
4.162174433639935778e+00 -1.115251144565352570e+00 0.000000000000000000e+00
4.205261816299350919e+00 -1.048489396838511389e+00 0.000000000000000000e+00
1.047596067379074070e+00 -2.226733857328286326e-01 0.000000000000000000e+00
1.039543208195709889e+00 -2.020666984247694031e-01 0.000000000000000000e+00
1.035032952822498631e+00 -1.825042042444929846e-01 0.000000000000000000e+00
1.039048184317121981e+00 -1.645690340883434466e-01 0.000000000000000000e+00
1.040771743547965311e+00 -1.462708987717810105e-01 0.000000000000000000e+00
1.039195874622231841e+00 -1.275971786867541591e-01 0.000000000000000000e+00
1.040269909492541167e+00 -1.093367430680400182e-01 0.000000000000000000e+00
1.038464186950789792e+00 -7.261646019040508826e-02 0.000000000000000000e+00
1.041570589153674842e+00 -5.458637193937833365e-02 0.000000000000000000e+00
1.040365860529601338e+00 -3.633034701804784689e-02 0.000000000000000000e+00
1.041841354168198563e+00 -1.818537922342860005e-02 0.000000000000000000e+00
1.047000050544738325e+00 2.925284348087586419e-08 0.000000000000000000e+00
1.047840362084182075e+00 1.829015069811706917e-02 0.000000000000000000e+00
1.056356144121513019e+00 3.688879867431379966e-02 0.000000000000000000e+00
5.151322775345335891e+00 4.506824865246250589e-01 0.000000000000000000e+00
5.150628782787404880e+00 5.413530406245499194e-01 0.000000000000000000e+00
5.135433559540799386e+00 6.305520953663288353e-01 0.000000000000000000e+00
5.194946083908063450e+00 7.301022011485240881e-01 0.000000000000000000e+00
3.773014210935419221e+00 2.641893122763580237e+00 0.000000000000000000e+00
3.764355912967222828e+00 2.734964794018817535e+00 0.000000000000000000e+00
3.619333275735060251e+00 2.827733198773563661e+00 0.000000000000000000e+00
1.810300839370840853e+00 1.630002270136942766e+00 0.000000000000000000e+00
4.585791129773387098e+00 4.428447212521758658e+00 0.000000000000000000e+00
4.317996389299889159e+00 4.471416350319413091e+00 0.000000000000000000e+00
3.984672614890543141e+00 4.425427464492043939e+00 0.000000000000000000e+00
3.831384735465731772e+00 4.407504145326102574e+00 0.000000000000000000e+00
3.723025623633690717e+00 4.436929353130750542e+00 0.000000000000000000e+00
3.546220455447405051e+00 4.379217745313053634e+00 0.000000000000000000e+00
3.441547648907871793e+00 4.404980304862820439e+00 0.000000000000000000e+00
3.299149790208547817e+00 4.378119834079883255e+00 0.000000000000000000e+00
3.065765842182485823e+00 4.378367567719264386e+00 0.000000000000000000e+00
1.003769739864962984e+00 1.545669922622650017e+00 0.000000000000000000e+00
2.586006041053168669e+00 4.303836989973477856e+00 0.000000000000000000e+00
2.477999840512478791e+00 4.292021821447353780e+00 0.000000000000000000e+00
2.369264570659690872e+00 4.274266628847979810e+00 0.000000000000000000e+00
2.198675876988229305e+00 4.315144581565530935e+00 0.000000000000000000e+00
2.058590867395149182e+00 4.220736970269036270e+00 0.000000000000000000e+00
2.000674855967510712e+00 4.290461288841482812e+00 0.000000000000000000e+00
1.897019636244664520e+00 4.260776081883864919e+00 0.000000000000000000e+00
1.824714318689177439e+00 4.298757770304828085e+00 0.000000000000000000e+00
1.725437869210263431e+00 4.270608816962901066e+00 0.000000000000000000e+00
1.639533221326889167e+00 4.271130303671559325e+00 0.000000000000000000e+00
1.304854788635030571e+00 4.267987977985275627e+00 0.000000000000000000e+00
1.218317057539183734e+00 4.248776791236219985e+00 0.000000000000000000e+00
1.139062547752833332e+00 4.251039603881458184e+00 0.000000000000000000e+00
9.785369906446681476e-01 4.238509706045680225e+00 0.000000000000000000e+00
8.992179495452327087e-01 4.230488202247956409e+00 0.000000000000000000e+00
7.452978743721324628e-01 4.226794708366976572e+00 0.000000000000000000e+00
2.140023299948821123e-01 1.351157683711585289e+00 0.000000000000000000e+00
1.839868211222816519e-01 1.309134416420153046e+00 0.000000000000000000e+00
1.626955559425009301e-01 1.325049153023758031e+00 0.000000000000000000e+00
1.418451015766675205e-01 1.349566207727801670e+00 0.000000000000000000e+00
9.856587354219410735e-02 1.409557992257422843e+00 0.000000000000000000e+00
7.646280667146782006e-02 1.458997717228170954e+00 0.000000000000000000e+00
4.987135857659816957e-02 1.428129512625290642e+00 0.000000000000000000e+00
2.467768081255077017e-02 1.413784675670729740e+00 0.000000000000000000e+00
-3.757506675031587612e-02 2.152672203414713881e+00 0.000000000000000000e+00
-2.938143239557975961e-01 4.201739668667983985e+00 0.000000000000000000e+00
-3.677101301298131841e-01 4.202945288891704045e+00 0.000000000000000000e+00
-5.139230841216495538e-01 4.185567121424909054e+00 0.000000000000000000e+00
-5.884239551933604373e-01 4.186853548430977234e+00 0.000000000000000000e+00
-6.626564643539756272e-01 4.183847861399806689e+00 0.000000000000000000e+00
-7.380048154372114144e-01 4.185432939660064022e+00 0.000000000000000000e+00
-8.147544664926935631e-01 4.191548042960098641e+00 0.000000000000000000e+00
-8.900700361927131876e-01 4.187450000475670286e+00 0.000000000000000000e+00
-9.632404877589137993e-01 4.172252667099169088e+00 0.000000000000000000e+00
-1.158045944348442324e+00 3.363209484176406416e+00 0.000000000000000000e+00
-1.202542878198246346e+00 3.303959269438224045e+00 0.000000000000000000e+00
-1.180721056272587832e+00 2.220613274512821089e+00 0.000000000000000000e+00
-1.100000046163311263e+00 1.905255916733776811e+00 0.000000000000000000e+00
-1.198147434915108889e+00 1.917436662142986803e+00 0.000000000000000000e+00
-2.040785043037250723e+00 2.914543022921316506e+00 0.000000000000000000e+00
-1.160521890913396303e+00 1.485400250692476831e+00 0.000000000000000000e+00
-2.964399210082372615e+00 2.862686986498355068e+00 0.000000000000000000e+00
-1.234525032670532818e+00 1.151213195444202197e+00 0.000000000000000000e+00
-2.947815256695407005e+00 1.841999376495454532e+00 0.000000000000000000e+00
-4.296274697189188529e+00 1.563716077318095365e+00 0.000000000000000000e+00
-6.696527161573087916e+00 1.060625673513113432e+00 0.000000000000000000e+00
-6.710056460876770323e+00 9.430369038518925384e-01 0.000000000000000000e+00
-6.679835623209353201e+00 8.201806530468916945e-01 0.000000000000000000e+00
-6.729929866357588608e+00 7.073441019546456987e-01 0.000000000000000000e+00
-6.752207544588276988e+00 5.907415848067630870e-01 0.000000000000000000e+00
-7.126656030373433204e+00 2.488682848402589687e-01 0.000000000000000000e+00
-7.342000007629393643e+00 -2.645872175869778300e-08 0.000000000000000000e+00
