-7.927621264957919855e+00 -1.540973890053460194e+00 0.000000000000000000e+00
-6.983973663448413305e+00 -1.484489798440289388e+00 0.000000000000000000e+00
-6.936540369419002872e+00 -1.601426896854880155e+00 0.000000000000000000e+00
-6.843584423964485630e+00 -1.833733288298300845e+00 0.000000000000000000e+00
-6.815345472946439109e+00 -1.954269236334853499e+00 0.000000000000000000e+00
-7.328606119895910709e+00 -2.813188732053989671e+00 0.000000000000000000e+00
-4.061267493712607646e+00 -1.723906008625502917e+00 0.000000000000000000e+00
-4.021287376158285021e+00 -1.875157338522290829e+00 0.000000000000000000e+00
-2.872766098687415948e+00 -2.011532681360656660e+00 0.000000000000000000e+00
-2.809715964805687083e+00 -2.041378343564853370e+00 0.000000000000000000e+00
-2.766473297591005576e+00 -2.084687362943702826e+00 0.000000000000000000e+00
-2.752521485025880565e+00 -2.150505681849439910e+00 0.000000000000000000e+00
-3.260285053842926217e+00 -2.735704246600163092e+00 0.000000000000000000e+00
-3.243083766085680164e+00 -2.920086012614998339e+00 0.000000000000000000e+00
-3.245747735023185143e+00 -3.026709010647093745e+00 0.000000000000000000e+00
-3.260469260603163111e+00 -3.260469561815917405e+00 0.000000000000000000e+00
-3.216268181329577480e+00 -3.330543506019678190e+00 0.000000000000000000e+00
-3.159016227432418056e+00 -3.387630468646751769e+00 0.000000000000000000e+00
-3.150266857066219117e+00 -3.498726118659655437e+00 0.000000000000000000e+00
-2.872617583595112212e+00 -3.423452641847509081e+00 0.000000000000000000e+00
-2.689085731417810710e+00 -3.320744631533750102e+00 0.000000000000000000e+00
-2.149683150082758676e+00 -2.852726160187067261e+00 0.000000000000000000e+00
-2.310583680367368498e+00 -3.180245904176791871e+00 0.000000000000000000e+00
-2.142881463990784052e+00 -3.060352183546756866e+00 0.000000000000000000e+00
-2.032666064064183153e+00 -3.013551659200435662e+00 0.000000000000000000e+00
3.240111636379626514e+00 -2.917409424136927942e+00 0.000000000000000000e+00
3.166761565640868081e+00 -2.752823644681263282e+00 0.000000000000000000e+00
3.125461356937566215e+00 -2.622573294253451870e+00 0.000000000000000000e+00
3.056515216800260504e+00 -2.475117051699952775e+00 0.000000000000000000e+00
2.909335708362848383e+00 -2.273022016652541666e+00 0.000000000000000000e+00
2.897898956811861826e+00 -2.105446688730667759e+00 0.000000000000000000e+00
1.333579575797197769e+00 -9.337824068433528968e-01 0.000000000000000000e+00
2.739098159738666105e+00 -1.778791017268716690e+00 0.000000000000000000e+00
2.678135935188674654e+00 -1.673484945992591566e+00 0.000000000000000000e+00
2.625503461675566363e+00 -1.577561520425013297e+00 0.000000000000000000e+00
2.581621730120201796e+00 -1.490499890696414642e+00 0.000000000000000000e+00
2.557016191216526568e+00 -1.359589521724515748e+00 0.000000000000000000e+00
2.527785454639723373e+00 -1.287970919416767224e+00 0.000000000000000000e+00
2.481570326187682252e+00 -1.210342622273734792e+00 0.000000000000000000e+00
2.452468988784814119e+00 -1.143604977345597407e+00 0.000000000000000000e+00
2.404451650020063447e+00 -1.070530757181344494e+00 0.000000000000000000e+00
2.370300072772807631e+00 -1.006132600895309981e+00 0.000000000000000000e+00
2.323522807471569696e+00 -9.387640669898510426e-01 0.000000000000000000e+00
2.365692753906472046e+00 -9.081042826260741219e-01 0.000000000000000000e+00
2.446056479778750958e+00 -8.422447061807941671e-01 0.000000000000000000e+00
2.522201858942132446e+00 -8.195129771503609772e-01 0.000000000000000000e+00
2.588717014739922551e+00 -7.914501314255341091e-01 0.000000000000000000e+00
2.657888713052336982e+00 -7.621372377394316500e-01 0.000000000000000000e+00
2.748059025494158814e+00 -7.363401083686147430e-01 0.000000000000000000e+00
2.838114974200082408e+00 -7.076214484253088299e-01 0.000000000000000000e+00
2.924084513846858080e+00 -6.750780109443225152e-01 0.000000000000000000e+00
3.037154622191788444e+00 -5.903629616098485799e-01 0.000000000000000000e+00
3.121840668307600097e+00 -5.504646450085370901e-01 0.000000000000000000e+00
3.242580829612388360e+00 -5.135742529913553955e-01 0.000000000000000000e+00
3.341164549335462475e+00 -4.695699557615705677e-01 0.000000000000000000e+00
3.348850799454400562e+00 -4.111870767468125409e-01 0.000000000000000000e+00
3.385352585692289473e+00 -3.558147962168050626e-01 0.000000000000000000e+00
3.405989591998473731e+00 -2.979853791764411342e-01 0.000000000000000000e+00
3.420306113996956832e+00 -1.792505506869888354e-01 0.000000000000000000e+00
3.447898404267132566e+00 -1.204031680222885092e-01 0.000000000000000000e+00
3.483469339211948235e+00 -6.080408566363009609e-02 0.000000000000000000e+00
3.503999948501585138e+00 9.790062760473004841e-08 0.000000000000000000e+00
3.549459268406079282e+00 6.195614071102174825e-02 0.000000000000000000e+00
3.550835578281299476e+00 1.239980091011257529e-01 0.000000000000000000e+00
3.584081381729192550e+00 1.878338449415429268e-01 0.000000000000000000e+00
3.631129646882305995e+00 3.176827796508042145e-01 0.000000000000000000e+00
3.648900734547717128e+00 3.835150213476554715e-01 0.000000000000000000e+00
3.691279226055825813e+00 4.532322000831856545e-01 0.000000000000000000e+00
3.709544222500897437e+00 5.213425429948361778e-01 0.000000000000000000e+00
3.767043207705524033e+00 5.966411333223088365e-01 0.000000000000000000e+00
3.784616113218520539e+00 6.673300361371213851e-01 0.000000000000000000e+00
3.827364299307444817e+00 7.439643607506789547e-01 0.000000000000000000e+00
3.867274862254990175e+00 8.928308586842942374e-01 0.000000000000000000e+00
3.882153105292410533e+00 9.679295878779407003e-01 0.000000000000000000e+00
3.905238302286023089e+00 1.046405557805135222e+00 0.000000000000000000e+00
3.962320890385670147e+00 1.136177342746335306e+00 0.000000000000000000e+00
4.017436452595447349e+00 1.228253697009780820e+00 0.000000000000000000e+00
4.044843123486351999e+00 1.314249313052803902e+00 0.000000000000000000e+00
4.084640373215073339e+00 1.406454586773335125e+00 0.000000000000000000e+00
4.112421934969241022e+00 1.578610996159423685e+00 0.000000000000000000e+00
4.176036212156034821e+00 1.687228271022733317e+00 0.000000000000000000e+00
6.135703522643011221e-01 2.861125724234668266e-01 0.000000000000000000e+00
6.057872022752031071e-01 2.954621786015260709e-01 0.000000000000000000e+00
5.996473638137383988e-01 3.055356109316637037e-01 0.000000000000000000e+00
5.924578305676071466e-01 3.150154347305034186e-01 0.000000000000000000e+00
5.886190358836513870e-01 3.262768779296988386e-01 0.000000000000000000e+00
5.845671498175779579e-01 3.375000199220845598e-01 0.000000000000000000e+00
5.794450861887588955e-01 3.481657519089636499e-01 0.000000000000000000e+00
5.775207401085094006e-01 3.608750295477549108e-01 0.000000000000000000e+00
5.654036001629497710e-01 3.813695629660895925e-01 0.000000000000000000e+00
5.611191431726714196e-01 3.928998732902591606e-01 0.000000000000000000e+00
5.574127082672738487e-01 4.049840578565266358e-01 0.000000000000000000e+00
5.542530389626694198e-01 4.176596422241984907e-01 0.000000000000000000e+00
5.492435065212982748e-01 4.291160772658200173e-01 0.000000000000000000e+00
5.463336079170091342e-01 4.424122529933046666e-01 0.000000000000000000e+00
5.350890754825851081e-01 4.651458579073889377e-01 0.000000000000000000e+00
5.372936906090152176e-01 4.837814336579142616e-01 0.000000000000000000e+00
5.273060194958689717e-01 4.917208400039554395e-01 0.000000000000000000e+00
5.243986834160963006e-01 5.064059443847477304e-01 0.000000000000000000e+00
5.218447759144773102e-01 5.218447987250383058e-01 0.000000000000000000e+00
1.987371463459355780e+00 2.946399491114681801e+00 0.000000000000000000e+00
1.975312512870961656e+00 3.876769275555823402e+00 0.000000000000000000e+00
1.928394672047830882e+00 3.953795197722392185e+00 0.000000000000000000e+00
1.864591769990943559e+00 3.998630154608429965e+00 0.000000000000000000e+00
1.802250083137790559e+00 4.047920169665720103e+00 0.000000000000000000e+00
1.703196993812007065e+00 4.012480877975924010e+00 0.000000000000000000e+00
2.419700226066902271e+00 6.303534949411502275e+00 0.000000000000000000e+00
9.738188513397055823e-01 5.522801700217195631e+00 0.000000000000000000e+00
8.652389548139205466e-01 5.462904362169179961e+00 0.000000000000000000e+00
7.611375787643324120e-01 5.415775944782710738e+00 0.000000000000000000e+00
6.533414684755782798e-01 5.321039990451971846e+00 0.000000000000000000e+00
5.559867840759346036e-01 5.289861739261928264e+00 0.000000000000000000e+00
-8.597063318763793760e-02 4.925249863233707615e+00 0.000000000000000000e+00
-1.056139847750283967e-01 2.015234287132508406e+00 0.000000000000000000e+00
-5.035136700591861247e-01 4.790611875198750091e+00 0.000000000000000000e+00
-5.753452633939486471e-01 4.685810566468424199e+00 0.000000000000000000e+00
-6.542528457300176292e-01 4.655250393087153604e+00 0.000000000000000000e+00
-7.294539942255893195e-01 4.605590827074482085e+00 0.000000000000000000e+00
-7.968715915628223900e-01 4.519282988730223494e+00 0.000000000000000000e+00
-1.086471336068362881e+00 4.357598261890139213e+00 0.000000000000000000e+00
-1.307486356829914653e+00 4.276594967786934376e+00 0.000000000000000000e+00
-1.375434764438341784e+00 4.233152738851606145e+00 0.000000000000000000e+00
-1.453336370498262031e+00 4.220795115092227157e+00 0.000000000000000000e+00
-1.592945650913720756e+00 4.149765135438960861e+00 0.000000000000000000e+00
-1.667748659586111293e+00 4.127822630054873265e+00 0.000000000000000000e+00
-1.735236987421054256e+00 4.087962018164716049e+00 0.000000000000000000e+00
-1.803877039521269543e+00 4.051574029774417163e+00 0.000000000000000000e+00
-1.877270331459323760e+00 4.025819087236519600e+00 0.000000000000000000e+00
-1.929709814919054356e+00 3.956491323585246800e+00 0.000000000000000000e+00
-1.326560240624022002e+00 2.603520986418182304e+00 0.000000000000000000e+00
-7.671165244693062268e-01 1.442736307856111067e+00 0.000000000000000000e+00
-7.708473288543753466e-01 1.390645354409968393e+00 0.000000000000000000e+00
-7.770000257806431998e-01 1.345803485721929427e+00 0.000000000000000000e+00
-8.178805091734370203e-01 1.361181714725892000e+00 0.000000000000000000e+00
-8.733069644628574935e-01 1.397583254088031079e+00 0.000000000000000000e+00
-9.567790544915284467e-01 1.418483247486994836e+00 0.000000000000000000e+00
-9.647556046743666069e-01 1.377813761435229711e+00 0.000000000000000000e+00
-2.693819959314085466e+00 3.707725003980988365e+00 0.000000000000000000e+00
-2.846203128415728312e+00 3.642973797885842302e+00 0.000000000000000000e+00
-2.891097827542310483e+00 3.570208409855139653e+00 0.000000000000000000e+00
-2.995390200053763330e+00 3.569766957001921703e+00 0.000000000000000000e+00
-3.068388144725024524e+00 3.529776709864671513e+00 0.000000000000000000e+00
-3.134207805528787638e+00 3.480890342241013791e+00 0.000000000000000000e+00
-2.885921804470061858e+00 2.691165569270986602e+00 0.000000000000000000e+00
-2.191627140748580782e+00 1.592310294919641489e+00 0.000000000000000000e+00
-2.385141186915779699e+00 1.608798015988120111e+00 0.000000000000000000e+00
-5.003663866718301989e+00 2.660495223371072360e+00 0.000000000000000000e+00
-3.742227245477036668e+00 1.906759985167649107e+00 0.000000000000000000e+00
-5.626125669799423967e+00 2.388148615084788151e+00 0.000000000000000000e+00
-5.859802135597589334e+00 2.367513696147451441e+00 0.000000000000000000e+00
-4.355058517970451959e+00 1.499566875160672108e+00 0.000000000000000000e+00
-4.397685408907375582e+00 1.428894577836749225e+00 0.000000000000000000e+00
-6.672117427873489603e+00 1.913198844042185431e+00 0.000000000000000000e+00
-2.847109265921823340e+00 6.573069500822807942e-01 0.000000000000000000e+00
-3.942257131370077161e+00 5.540480890185398577e-01 0.000000000000000000e+00
