-7.214075483406184652e+00 -1.142597685480452041e+00 0.000000000000000000e+00
-7.150689184440600421e+00 -1.260859809337515625e+00 0.000000000000000000e+00
-6.668032036589078615e+00 -1.417334315820137025e+00 0.000000000000000000e+00
-6.613049727264932010e+00 -1.526743180241582731e+00 0.000000000000000000e+00
-6.589278087026639419e+00 -1.642891898240797843e+00 0.000000000000000000e+00
-6.503578309236205612e+00 -1.742628906124107147e+00 0.000000000000000000e+00
-6.860882402761949272e+00 -2.633646392183449869e+00 0.000000000000000000e+00
-6.732281978923171373e+00 -2.720018865292062049e+00 0.000000000000000000e+00
-3.636824338694991887e+00 -1.619218732679146067e+00 0.000000000000000000e+00
-3.389934711747152107e+00 -2.286540069775918393e+00 0.000000000000000000e+00
-2.550043155195329536e+00 -1.921595536535958715e+00 0.000000000000000000e+00
-2.458112665535522545e+00 -1.990540579647538610e+00 0.000000000000000000e+00
-2.402315216318315017e+00 -2.015782003848928028e+00 0.000000000000000000e+00
-2.389410350427513929e+00 -2.077082924869551039e+00 0.000000000000000000e+00
-3.017565189132070724e+00 -2.813925324389327187e+00 0.000000000000000000e+00
-2.981663325291834976e+00 -2.879359070433980872e+00 0.000000000000000000e+00
-2.923122410675236260e+00 -3.026982146168665011e+00 0.000000000000000000e+00
-2.893036971162660898e+00 -3.102402610447435816e+00 0.000000000000000000e+00
-2.206123451037042660e+00 -2.450148539580889739e+00 0.000000000000000000e+00
-2.812525027207119166e+00 -3.235440234121579550e+00 0.000000000000000000e+00
-2.919541047132458989e+00 -3.479373853264213334e+00 0.000000000000000000e+00
-2.757052505090998640e+00 -3.404676614869554196e+00 0.000000000000000000e+00
-2.622717873916152520e+00 -3.356926109391452417e+00 0.000000000000000000e+00
-2.485495965700896814e+00 -3.298364860012694244e+00 0.000000000000000000e+00
-2.325852202000506797e+00 -3.321661503265444626e+00 0.000000000000000000e+00
-2.044968348721637241e+00 -3.031790548015896647e+00 0.000000000000000000e+00
3.695127267367676271e+00 -5.913439284338081414e+00 0.000000000000000000e+00
8.665207309765851074e-01 -1.334324809920563348e+00 0.000000000000000000e+00
3.545544001638743836e+00 -3.192421942483063990e+00 0.000000000000000000e+00
3.526003209607571520e+00 -3.065107620334977412e+00 0.000000000000000000e+00
3.415026363250630137e+00 -2.865547167797377615e+00 0.000000000000000000e+00
3.307533333527055586e+00 -2.678387500864119364e+00 0.000000000000000000e+00
3.267092596739713084e+00 -2.552532312268210202e+00 0.000000000000000000e+00
3.277328018000729148e+00 -2.381118019026864818e+00 0.000000000000000000e+00
3.179948283678828425e+00 -2.226623604516398292e+00 0.000000000000000000e+00
3.103916704977206731e+00 -2.093618106139335300e+00 0.000000000000000000e+00
3.025084896610442442e+00 -1.964512962572802834e+00 0.000000000000000000e+00
1.748675240264414121e+00 -1.092693485630075623e+00 0.000000000000000000e+00
2.983799385572119878e+00 -1.792847415383843623e+00 0.000000000000000000e+00
2.915041508477314025e+00 -1.682999875260055456e+00 0.000000000000000000e+00
2.826771041820918207e+00 -1.566904657131277023e+00 0.000000000000000000e+00
2.812016545529159917e+00 -1.432793882452558121e+00 0.000000000000000000e+00
2.779969969565744936e+00 -1.355881841146726829e+00 0.000000000000000000e+00
2.766957690032173289e+00 -1.290253455149036332e+00 0.000000000000000000e+00
2.744290545814561888e+00 -1.221836769274172729e+00 0.000000000000000000e+00
2.716409835515024795e+00 -1.153047466140923794e+00 0.000000000000000000e+00
2.739828253727054186e+00 -1.106962370264567452e+00 0.000000000000000000e+00
2.836217468925272822e+00 -1.088721781700883628e+00 0.000000000000000000e+00
2.905578570057130605e+00 -1.000470835098759670e+00 0.000000000000000000e+00
2.966345263691149814e+00 -9.638239023909864756e-01 0.000000000000000000e+00
3.150067809535379126e+00 -9.630722738949485384e-01 0.000000000000000000e+00
3.249064670324656401e+00 -9.316541963994753317e-01 0.000000000000000000e+00
3.347899018179920194e+00 -8.970667307302425675e-01 0.000000000000000000e+00
3.445520264377003095e+00 -8.590645770946573334e-01 0.000000000000000000e+00
3.544758331142879193e+00 -8.183718330076891201e-01 0.000000000000000000e+00
3.614255342123593007e+00 -7.682335768471398874e-01 0.000000000000000000e+00
3.755071945941101941e+00 -6.621203851587204037e-01 0.000000000000000000e+00
3.770006326803434060e+00 -5.971102294132184518e-01 0.000000000000000000e+00
3.799658489486930524e+00 -5.340070632475499846e-01 0.000000000000000000e+00
3.812369861487416411e+00 -4.681000476575596370e-01 0.000000000000000000e+00
3.865706702441617182e+00 -4.063020343512972476e-01 0.000000000000000000e+00
3.894125004785951916e+00 -3.406916799856511413e-01 0.000000000000000000e+00
3.902644219999363617e+00 -2.045288059766051658e-01 0.000000000000000000e+00
4.046533249093714701e+00 -1.413079405400773647e-01 0.000000000000000000e+00
4.022387043110118299e+00 -7.021091404148062376e-02 0.000000000000000000e+00
4.084000110626218927e+00 1.141056449327493151e-07 0.000000000000000000e+00
4.110373933818900483e+00 7.174695821568301268e-02 0.000000000000000000e+00
4.167459820890361932e+00 1.455310192226538790e-01 0.000000000000000000e+00
4.204230373344744365e+00 2.203344935388607262e-01 0.000000000000000000e+00
4.232831334298851722e+00 3.703248726543381109e-01 0.000000000000000000e+00
4.266498881026745238e+00 4.484272191744170244e-01 0.000000000000000000e+00
4.287799531261045516e+00 5.264757001722699670e-01 0.000000000000000000e+00
4.305685595744306760e+00 6.051247655185568730e-01 0.000000000000000000e+00
1.045961963334156364e+00 1.656641288157219283e-01 0.000000000000000000e+00
1.036017796392782353e+00 1.826779183999044376e-01 0.000000000000000000e+00
1.024818803270636680e+00 1.992046239231721749e-01 0.000000000000000000e+00
1.013344824082101914e+00 2.339491144678956525e-01 0.000000000000000000e+00
1.008137286366157515e+00 2.513568840926177494e-01 0.000000000000000000e+00
1.002630988751448626e+00 2.686541915874952058e-01 0.000000000000000000e+00
9.958671224655858412e-01 2.855603299765195335e-01 0.000000000000000000e+00
9.897753827424533579e-01 3.026047300081858293e-01 0.000000000000000000e+00
9.824413659349946482e-01 3.192145778899406205e-01 0.000000000000000000e+00
9.776662355992904452e-01 3.366375092428829929e-01 0.000000000000000000e+00
9.653221882006578491e-01 3.705524980723149397e-01 0.000000000000000000e+00
9.624168198377736072e-01 3.888416633484430007e-01 0.000000000000000000e+00
9.573250023861012981e-01 4.063603824940976161e-01 0.000000000000000000e+00
9.592226764169579090e-01 4.270734795227711378e-01 0.000000000000000000e+00
4.643169888438993809e+00 2.264625409224076069e+00 0.000000000000000000e+00
4.605612799088445009e+00 2.346677072562389554e+00 0.000000000000000000e+00
4.582497998607671263e+00 2.436557548408213147e+00 0.000000000000000000e+00
4.424523905319545314e+00 2.554500208670779760e+00 0.000000000000000000e+00
2.642466492687050472e+00 3.773833419100760977e+00 0.000000000000000000e+00
2.577320129458124498e+00 3.821034395178808829e+00 0.000000000000000000e+00
2.524401973300975044e+00 3.887238325460482535e+00 0.000000000000000000e+00
2.458295355366295620e+00 3.934095115715978697e+00 0.000000000000000000e+00
3.464499831429049159e+00 6.000690005621199141e+00 0.000000000000000000e+00
2.692078168357195267e+00 5.773180551262647064e+00 0.000000000000000000e+00
2.244642642183971581e+00 5.555685794139489708e+00 0.000000000000000000e+00
2.115087517898586178e+00 5.509991670252929907e+00 0.000000000000000000e+00
1.900341181570894156e+00 5.518991859634151176e+00 0.000000000000000000e+00
1.782718957166308682e+00 5.486645125753582874e+00 0.000000000000000000e+00
1.519313033368061561e+00 5.298474575933044051e+00 0.000000000000000000e+00
1.391152275012617512e+00 5.191851341065846448e+00 0.000000000000000000e+00
1.272751040414593637e+00 5.104725990177301220e+00 0.000000000000000000e+00
3.987745867865603588e-01 1.876087088352751620e+00 0.000000000000000000e+00
3.516609576274779547e-01 1.809138958524029395e+00 0.000000000000000000e+00
7.793564015429440550e-01 4.920663201749923665e+00 0.000000000000000000e+00
6.889067405951576628e-01 4.901826763002486764e+00 0.000000000000000000e+00
5.933817471320917969e-01 4.832707180612924702e+00 0.000000000000000000e+00
4.961965595721363198e-01 4.720995661788174758e+00 0.000000000000000000e+00
4.139025508126644159e-01 4.730928700248892227e+00 0.000000000000000000e+00
3.287621715557861313e-01 4.701519195383460747e+00 0.000000000000000000e+00
2.452462084634873252e-01 4.679577874305399732e+00 0.000000000000000000e+00
8.139795004413075130e-02 4.663289685831246700e+00 0.000000000000000000e+00
-7.248679492895733833e-08 4.596000194549559659e+00 0.000000000000000000e+00
-1.040354439875865317e-01 2.979184000358011009e+00 0.000000000000000000e+00
-2.328427314059852427e-01 4.442902678451662979e+00 0.000000000000000000e+00
-3.099978206081028809e-01 4.433174402503412992e+00 0.000000000000000000e+00
-3.855770538264720604e-01 4.407165125727174448e+00 0.000000000000000000e+00
-5.788209762455509555e-01 4.118524810064212893e+00 0.000000000000000000e+00
-6.808028914167343348e-01 4.298419881960395372e+00 0.000000000000000000e+00
-7.506811254945613410e-01 4.257323860366245327e+00 0.000000000000000000e+00
-2.696131279146377069e-01 1.387039194190271774e+00 0.000000000000000000e+00
-3.097576148420387865e-01 1.341707549779033615e+00 0.000000000000000000e+00
-3.244172705986357874e-01 1.301166526494360376e+00 0.000000000000000000e+00
-3.514762916440555829e-01 1.311727305959467182e+00 0.000000000000000000e+00
-3.825846711853254645e-01 1.334231239756743292e+00 0.000000000000000000e+00
-4.271550693865319714e-01 1.397161209874680177e+00 0.000000000000000000e+00
-4.520918996006486612e-01 1.391395733543640656e+00 0.000000000000000000e+00
-4.681670122623493580e-01 1.359655671265408428e+00 0.000000000000000000e+00
-5.332515395342009024e-01 1.389167700673821670e+00 0.000000000000000000e+00
-8.230107218062714391e-01 2.037022942709379336e+00 0.000000000000000000e+00
-1.788520478013719162e+00 3.835494418485688062e+00 0.000000000000000000e+00
-1.858255269373720875e+00 3.809987798912705781e+00 0.000000000000000000e+00
-1.924919660778252384e+00 3.777867435290896747e+00 0.000000000000000000e+00
-1.991029025038999700e+00 3.744580872386166437e+00 0.000000000000000000e+00
-2.060440930098402124e+00 3.717133730924302881e+00 0.000000000000000000e+00
-2.138999982369922392e+00 3.704856546613902513e+00 0.000000000000000000e+00
-2.211573612911797326e+00 3.680676491127203409e+00 0.000000000000000000e+00
-2.345760451924227663e+00 3.612154243979617263e+00 0.000000000000000000e+00
-2.411799145683871437e+00 3.575639191092168101e+00 0.000000000000000000e+00
-2.474408859823537199e+00 3.533821997989694097e+00 0.000000000000000000e+00
-2.243527259190218892e+00 2.770525373508118783e+00 0.000000000000000000e+00
-2.111420912236280589e+00 2.111420871326527227e+00 0.000000000000000000e+00
-1.876440770884904463e+00 1.689554827452014019e+00 0.000000000000000000e+00
-1.695256410735917374e+00 1.422489002965736216e+00 0.000000000000000000e+00
-1.810506681029883991e+00 1.364314617798938478e+00 0.000000000000000000e+00
-4.135694891439375631e+00 3.004758167959255211e+00 0.000000000000000000e+00
-4.216994554874590406e+00 2.952771323526169223e+00 0.000000000000000000e+00
-1.651997660678298674e+00 1.032282689367938877e+00 0.000000000000000000e+00
-4.836751934562150801e+00 2.792499982025240968e+00 0.000000000000000000e+00
-1.622850071795538085e+00 6.888589731034095998e-01 0.000000000000000000e+00
-6.502331121155450866e+00 2.238932110872092540e+00 0.000000000000000000e+00
-2.232281713395133593e+00 5.153628286482815346e-01 0.000000000000000000e+00
-3.472423939820644012e+00 7.380864743416577500e-01 0.000000000000000000e+00
-5.855029918398866329e+00 7.189072505610915043e-01 0.000000000000000000e+00
