-7.231898174150270364e+00 -1.262336293730493275e-01 0.000000000000000000e+00
-3.996515242463869022e+00 -2.094486965969951098e-01 0.000000000000000000e+00
-3.960329293744947243e+00 -2.769334076468012995e-01 0.000000000000000000e+00
-3.155822095084056755e+00 -9.049175951901220483e-01 0.000000000000000000e+00
-3.045830546483093926e+00 -9.312040150343963152e-01 0.000000000000000000e+00
-3.007240599590170316e+00 -9.771118678290136028e-01 0.000000000000000000e+00
-2.965669762698917022e+00 -1.079415684774211348e+00 0.000000000000000000e+00
-2.957582718991522253e+00 -1.135309804220004493e+00 0.000000000000000000e+00
-3.769929463427684535e+00 -1.523150588975159758e+00 0.000000000000000000e+00
-3.793400249849320893e+00 -1.610203093975146382e+00 0.000000000000000000e+00
-3.793954091251199756e+00 -1.689177415063994880e+00 0.000000000000000000e+00
-3.821899857707279136e+00 -1.782181399859001258e+00 0.000000000000000000e+00
-3.784104808212270576e+00 -1.928097935111444450e+00 0.000000000000000000e+00
-2.902248610693018094e+00 -1.543153139848485678e+00 0.000000000000000000e+00
-3.738999231212829955e+00 -2.072561353586767297e+00 0.000000000000000000e+00
-3.893649945139522117e+00 -2.248000094290232287e+00 0.000000000000000000e+00
-3.744963792599730557e+00 -2.250201507744577167e+00 0.000000000000000000e+00
-3.581307044821075536e+00 -2.237849250856962513e+00 0.000000000000000000e+00
-3.446936039200209301e+00 -2.238466671440785927e+00 0.000000000000000000e+00
-3.256129189530462043e+00 -2.279966434603067693e+00 0.000000000000000000e+00
-2.948866827494444287e+00 -2.142477373196070900e+00 0.000000000000000000e+00
-2.677824710388835072e+00 -2.017885854451247241e+00 0.000000000000000000e+00
-2.870722980987890693e+00 -2.242854820648992664e+00 0.000000000000000000e+00
-2.766639473013957407e+00 -2.240380686167283475e+00 0.000000000000000000e+00
-2.662004262095162499e+00 -2.233687007121532453e+00 0.000000000000000000e+00
-2.534314697663758498e+00 -2.203046364062789753e+00 0.000000000000000000e+00
-2.443460163027480814e+00 -2.200101619037245104e+00 0.000000000000000000e+00
-2.317712649308997452e+00 -2.238189296168859421e+00 0.000000000000000000e+00
-2.230214715865204589e+00 -2.230214921899693614e+00 0.000000000000000000e+00
-2.150662181895915737e+00 -2.227076089343545728e+00 0.000000000000000000e+00
-2.060998993347566977e+00 -2.210151035339646519e+00 0.000000000000000000e+00
-1.981964683780111702e+00 -2.201194984433898050e+00 0.000000000000000000e+00
-1.907819551109400491e+00 -2.194695540623383678e+00 0.000000000000000000e+00
-1.827445033527290041e+00 -2.177864385286691462e+00 0.000000000000000000e+00
-1.779088584580472254e+00 -2.196991638177955064e+00 0.000000000000000000e+00
-1.715232779145970499e+00 -2.195398047675504394e+00 0.000000000000000000e+00
-1.611707122557205052e+00 -2.218324754388540931e+00 0.000000000000000000e+00
-1.598557391828220542e+00 -2.282976770677476619e+00 0.000000000000000000e+00
-1.606561052931119393e+00 -2.381824940289110515e+00 0.000000000000000000e+00
2.202344661037136664e+00 -3.524487925285137102e+00 0.000000000000000000e+00
2.221582743691576933e+00 -3.420937164259452601e+00 0.000000000000000000e+00
2.179174901148987598e+00 -3.230759404531919010e+00 0.000000000000000000e+00
2.117070724777574853e+00 -3.023490108078638272e+00 0.000000000000000000e+00
2.185332771272936458e+00 -2.513937603843444446e+00 0.000000000000000000e+00
2.115791018645176269e+00 -2.349823821373882460e+00 0.000000000000000000e+00
2.106011053648459530e+00 -2.258420201619674383e+00 0.000000000000000000e+00
2.111066886347876981e+00 -2.186073605814098375e+00 0.000000000000000000e+00
2.107885348671491688e+00 -2.107885205235549897e+00 0.000000000000000000e+00
2.139209609694938674e+00 -1.994845098457294741e+00 0.000000000000000000e+00
2.188561527668055895e+00 -1.970589517482357111e+00 0.000000000000000000e+00
2.293562506964803571e+00 -1.993763334831117007e+00 0.000000000000000000e+00
2.364013191314956241e+00 -1.983642462589988664e+00 0.000000000000000000e+00
2.458889914862693260e+00 -1.991169657221899980e+00 0.000000000000000000e+00
2.547638863811860332e+00 -1.990433490118837856e+00 0.000000000000000000e+00
2.666644023580744260e+00 -2.009460266424837993e+00 0.000000000000000000e+00
2.815425670315362616e+00 -1.971382140540100858e+00 0.000000000000000000e+00
2.907434805457228766e+00 -1.961089400809049588e+00 0.000000000000000000e+00
3.013343359645889397e+00 -1.956887919853096847e+00 0.000000000000000000e+00
3.140322221613495834e+00 -1.962290970516387345e+00 0.000000000000000000e+00
3.280379239737783337e+00 -1.971050557179140350e+00 0.000000000000000000e+00
3.354982539005388009e+00 -1.936999928894725942e+00 0.000000000000000000e+00
3.440846893093051584e+00 -1.829530605937225385e+00 0.000000000000000000e+00
3.469579508620536767e+00 -1.767838920627256893e+00 0.000000000000000000e+00
3.499005174778362370e+00 -1.706578715057667228e+00 0.000000000000000000e+00
3.551820188023232294e+00 -1.656240818634197920e+00 0.000000000000000000e+00
3.598455508296316552e+00 -1.602135480639709009e+00 0.000000000000000000e+00
3.667291354640769274e+00 -1.556672689365126594e+00 0.000000000000000000e+00
3.771783818936744304e+00 -1.523899445396296182e+00 0.000000000000000000e+00
3.817410619167658670e+00 -1.465366508852001370e+00 0.000000000000000000e+00
3.889863312996693079e+00 -1.339387217843264200e+00 0.000000000000000000e+00
3.975416114086948394e+00 -1.291690862694610864e+00 0.000000000000000000e+00
4.029868494115953936e+00 -1.232054307649428582e+00 0.000000000000000000e+00
4.074788213911713974e+00 -1.168426585535040640e+00 0.000000000000000000e+00
4.150583242567670084e+00 -1.112145294650524585e+00 0.000000000000000000e+00
4.203320902811914728e+00 -1.048005472816499140e+00 0.000000000000000000e+00
1.050530530722067812e+00 -2.232971250806939645e-01 0.000000000000000000e+00
1.041506437297713639e+00 -2.024483114445705667e-01 0.000000000000000000e+00
1.037987396758883740e+00 -1.830251523342369124e-01 0.000000000000000000e+00
1.036085098559127227e+00 -1.640997274974901887e-01 0.000000000000000000e+00
1.038791232901021377e+00 -1.459925562109347374e-01 0.000000000000000000e+00
1.038203282085347290e+00 -1.274753036770616410e-01 0.000000000000000000e+00
1.037286322931520566e+00 -1.090231555709233469e-01 0.000000000000000000e+00
1.040459289368800055e+00 -7.275597128489802445e-02 0.000000000000000000e+00
1.041570589153674842e+00 -5.458637193937833365e-02 0.000000000000000000e+00
1.042364616452087667e+00 -3.640014505643344306e-02 0.000000000000000000e+00
1.042841129395635669e+00 -1.820283033686002222e-02 0.000000000000000000e+00
1.047000050544738325e+00 2.925284348087586419e-08 0.000000000000000000e+00
1.047840362084182075e+00 1.829015069811706917e-02 0.000000000000000000e+00
1.052358513147670482e+00 3.674919821381672502e-02 0.000000000000000000e+00
5.165386615711085483e+00 3.611991607101840418e-01 0.000000000000000000e+00
5.160574229340727292e+00 5.423983494516978476e-01 0.000000000000000000e+00
5.154291989367163929e+00 6.328676199086026299e-01 0.000000000000000000e+00
5.217722487390238584e+00 7.333032165292406868e-01 0.000000000000000000e+00
8.602295344126083876e+00 1.516817001018352817e+00 0.000000000000000000e+00
8.589237811002556455e+00 1.669578936751422882e+00 0.000000000000000000e+00
3.813971968725150319e+00 2.670572054932690786e+00 0.000000000000000000e+00
3.627213563492088344e+00 2.833889954620235851e+00 0.000000000000000000e+00
1.820704821361024850e+00 1.639370058017081799e+00 0.000000000000000000e+00
4.606651843592960205e+00 4.448592170578334226e+00 0.000000000000000000e+00
4.302713688200800135e+00 4.455590649366802047e+00 0.000000000000000000e+00
3.984672614890543141e+00 4.425427464492043939e+00 0.000000000000000000e+00
3.844505903210478248e+00 4.422598322815291638e+00 0.000000000000000000e+00
3.717883389091077184e+00 4.430801076377034242e+00 0.000000000000000000e+00
3.551254953626965527e+00 4.385434833067090921e+00 0.000000000000000000e+00
3.439084887992933659e+00 4.401828114501798339e+00 0.000000000000000000e+00
3.295538874916018823e+00 4.373327987432506170e+00 0.000000000000000000e+00
3.007834720080288182e+00 4.295633347550224634e+00 0.000000000000000000e+00
1.005403603420051750e+00 1.548185851978230998e+00 0.000000000000000000e+00
2.582915791094520852e+00 4.298693950139403697e+00 0.000000000000000000e+00
2.487499866889104183e+00 4.308476350558367862e+00 0.000000000000000000e+00
2.371688674156861243e+00 4.278639827523695871e+00 0.000000000000000000e+00
2.196860046678047240e+00 4.311580813751441532e+00 0.000000000000000000e+00
2.060782773210014351e+00 4.225231043401622699e+00 0.000000000000000000e+00
2.000674855967510712e+00 4.290461288841482812e+00 0.000000000000000000e+00
1.893359077985880656e+00 4.252554333000841069e+00 0.000000000000000000e+00
1.820025512564410253e+00 4.287711634723026854e+00 0.000000000000000000e+00
1.722815634610105118e+00 4.264118558227182554e+00 0.000000000000000000e+00
1.640966760041764561e+00 4.274864799909236623e+00 0.000000000000000000e+00
1.319181078276052688e+00 4.314847162999248198e+00 0.000000000000000000e+00
1.215836238425624938e+00 4.240125146241415344e+00 0.000000000000000000e+00
1.140874273049668597e+00 4.257801055220012287e+00 0.000000000000000000e+00
1.067359371139314783e+00 4.280944937149143925e+00 0.000000000000000000e+00
9.785369906446681476e-01 4.238509706045680225e+00 0.000000000000000000e+00
8.985942597316667335e-01 4.227553972121113723e+00 0.000000000000000000e+00
7.449506032223019991e-01 4.224825235611255891e+00 0.000000000000000000e+00
2.138458882364329683e-01 1.350169949213615217e+00 0.000000000000000000e+00
1.839868211222816519e-01 1.309134416420153046e+00 0.000000000000000000e+00
1.639142480483809783e-01 1.334974605094887856e+00 0.000000000000000000e+00
1.182703200921339376e-01 1.351836200605457838e+00 0.000000000000000000e+00
9.856587354219410735e-02 1.409557992257422843e+00 0.000000000000000000e+00
7.651514505721628001e-02 1.459996393429771944e+00 0.000000000000000000e+00
4.987135857659816957e-02 1.428129512625290642e+00 0.000000000000000000e+00
2.462532327478666322e-02 1.410785111606788211e+00 0.000000000000000000e+00
-3.757506675031587612e-02 2.152672203414713881e+00 0.000000000000000000e+00
-2.935353182236372649e-01 4.197749701681963153e+00 0.000000000000000000e+00
-3.678844705705213158e-01 4.204938008901019764e+00 0.000000000000000000e+00
-5.146543053842110860e-01 4.191522439972811043e+00 0.000000000000000000e+00
-5.880063997454142433e-01 4.183882487355930380e+00 0.000000000000000000e+00
-6.628128874951381144e-01 4.184835478151216925e+00 0.000000000000000000e+00
-7.378311798312342518e-01 4.184448203287681523e+00 0.000000000000000000e+00
-8.120831520071706278e-01 4.177805322343759009e+00 0.000000000000000000e+00
-8.898621395573393933e-01 4.186471923773281034e+00 0.000000000000000000e+00
-9.632404877589137993e-01 4.172252667099169088e+00 0.000000000000000000e+00
-1.154790265783894654e+00 3.353754307480565355e+00 0.000000000000000000e+00
-1.044638423898875734e+00 2.141826106954345832e+00 0.000000000000000000e+00
-1.142694096844206086e+00 2.242663371842495756e+00 0.000000000000000000e+00
-1.179782069248997756e+00 2.218847296818002857e+00 0.000000000000000000e+00
-1.083500049643186802e+00 1.876677085209449203e+00 0.000000000000000000e+00
-1.154715439250724174e+00 1.921769163087436283e+00 0.000000000000000000e+00
-1.201326972795043080e+00 1.922524986269048775e+00 0.000000000000000000e+00
-2.019562611720699508e+00 2.884234250650511644e+00 0.000000000000000000e+00
-1.147592982728505850e+00 1.468852003210560531e+00 0.000000000000000000e+00
-2.960655978548001332e+00 2.960655921183927397e+00 0.000000000000000000e+00
-2.916057578420007346e+00 1.893709900189450179e+00 0.000000000000000000e+00
-2.929158135404102303e+00 1.830341113411386944e+00 0.000000000000000000e+00
-2.915107447676346109e+00 1.615870415529879756e+00 0.000000000000000000e+00
-4.293455375564643184e+00 1.562689928186077104e+00 0.000000000000000000e+00
-6.714305205086028572e+00 1.063441438897126279e+00 0.000000000000000000e+00
-6.675397229550909195e+00 9.381658667168106813e-01 0.000000000000000000e+00
-6.712589638659289371e+00 8.242023403004367088e-01 0.000000000000000000e+00
-6.729929866357588608e+00 7.073441019546456987e-01 0.000000000000000000e+00
-6.782865723077797782e+00 2.368628640992095358e-01 0.000000000000000000e+00
-7.348999977111815518e+00 -2.648394788845293490e-08 0.000000000000000000e+00
