-8.529358640089393262e+00 -1.657939818767238949e+00 0.000000000000000000e+00
-6.017709565153778861e+00 -1.389298042232157249e+00 0.000000000000000000e+00
-4.775517604761977175e+00 -1.738146529438374888e+00 0.000000000000000000e+00
-4.740721379892650411e+00 -1.819792706762478618e+00 0.000000000000000000e+00
-5.328949684630127415e+00 -2.599102745675665460e+00 0.000000000000000000e+00
-5.304748910185406174e+00 -2.820585358090919925e+00 0.000000000000000000e+00
-5.252965856981765214e+00 -2.911766853549130563e+00 0.000000000000000000e+00
-5.199616541444077811e+00 -3.002000344183609393e+00 0.000000000000000000e+00
-4.139322668902646107e+00 -2.586536149435861631e+00 0.000000000000000000e+00
-3.236359946674557619e+00 -2.528521754215534045e+00 0.000000000000000000e+00
-3.089155005097204310e+00 -2.501548639605438495e+00 0.000000000000000000e+00
-2.964591790616279976e+00 -2.487588114869073053e+00 0.000000000000000000e+00
-2.896035318658404467e+00 -2.607602157702024748e+00 0.000000000000000000e+00
-2.871294594640283915e+00 -2.677525775661663499e+00 0.000000000000000000e+00
-1.202016755334969655e+00 -1.160774195372515250e+00 0.000000000000000000e+00
-2.802251677136151642e+00 -2.901816826002479477e+00 0.000000000000000000e+00
-2.700350739131154310e+00 -3.218152992095732579e+00 0.000000000000000000e+00
-2.658878443164910621e+00 -3.283441733702328946e+00 0.000000000000000000e+00
-2.640571935889975741e+00 -3.379778268746712389e+00 0.000000000000000000e+00
-2.614885992794827363e+00 -3.470071241552671104e+00 0.000000000000000000e+00
-2.597422956540037742e+00 -3.575046335321587776e+00 0.000000000000000000e+00
-1.562995634265551992e+00 -2.232189312651220892e+00 0.000000000000000000e+00
6.205000668794585783e-01 -1.074737552454900325e+00 0.000000000000000000e+00
6.304066295841848078e-01 -1.049172733798412693e+00 0.000000000000000000e+00
6.528605673817998722e-01 -1.044795225443215569e+00 0.000000000000000000e+00
6.933992421419981067e-01 -1.028006573251370792e+00 0.000000000000000000e+00
7.083669428864987072e-01 -1.011652761356024666e+00 0.000000000000000000e+00
8.300736351033980442e-01 -1.025055498693113742e+00 0.000000000000000000e+00
8.528767403162912375e-01 -9.811223888230250489e-01 0.000000000000000000e+00
8.712081134224769485e-01 -9.675745667949892104e-01 0.000000000000000000e+00
8.934178455138356290e-01 -9.580732766337956008e-01 0.000000000000000000e+00
9.218117054428942581e-01 -9.545638993397201899e-01 0.000000000000000000e+00
9.489373380334626962e-01 -9.489372734608231275e-01 0.000000000000000000e+00
9.739861016384533388e-01 -9.405673813827364338e-01 0.000000000000000000e+00
1.001223218341745991e+00 -9.336556925132231122e-01 0.000000000000000000e+00
1.044518046965192237e+00 -9.079856242350777817e-01 0.000000000000000000e+00
1.075526461840054404e+00 -9.024737963320709211e-01 0.000000000000000000e+00
1.105101626194072262e+00 -8.948935911785583786e-01 0.000000000000000000e+00
1.131583463155963143e+00 -8.840898346794168194e-01 0.000000000000000000e+00
1.164410558378828453e+00 -8.774462321093403627e-01 0.000000000000000000e+00
1.197345195645114213e+00 -8.699221453228347389e-01 0.000000000000000000e+00
1.230366377576573189e+00 -8.615117524320172748e-01 0.000000000000000000e+00
1.280649942609053626e+00 -8.316637379640400285e-01 0.000000000000000000e+00
1.317018697239430658e+00 -8.229645607087863191e-01 0.000000000000000000e+00
1.351752878105946687e+00 -8.122150119972740834e-01 0.000000000000000000e+00
1.390836777919579603e+00 -8.029999287963712762e-01 0.000000000000000000e+00
1.431752455010930625e+00 -7.936332856199860286e-01 0.000000000000000000e+00
1.478054317271739304e+00 -7.858953608527121659e-01 0.000000000000000000e+00
1.516493148121778711e+00 -7.726917926086483979e-01 0.000000000000000000e+00
1.574256638702179689e+00 -7.340878665019188176e-01 0.000000000000000000e+00
1.585001404084791288e+00 -7.056880321275028622e-01 0.000000000000000000e+00
1.597075954956784338e+00 -6.779184639303043047e-01 0.000000000000000000e+00
1.611445592080745781e+00 -6.510662227588653872e-01 0.000000000000000000e+00
1.629097867936904143e+00 -6.253520235235910940e-01 0.000000000000000000e+00
1.638823909497983067e+00 -5.964830653886522560e-01 0.000000000000000000e+00
1.661495730410764260e+00 -5.398526322245402742e-01 0.000000000000000000e+00
1.677358508217672295e+00 -5.128199043069168184e-01 0.000000000000000000e+00
1.693743088944437369e+00 -4.856729602368973775e-01 0.000000000000000000e+00
1.704859083272225240e+00 -4.568155598128566530e-01 0.000000000000000000e+00
1.715482863293266602e+00 -4.277178618581216618e-01 0.000000000000000000e+00
1.731455568674442169e+00 -3.997379609939789580e-01 0.000000000000000000e+00
1.751862372317777528e+00 -3.723697882504450329e-01 0.000000000000000000e+00
1.772653917618282726e+00 -3.125666595962849903e-01 0.000000000000000000e+00
1.783765145700525467e+00 -2.825205909592303777e-01 0.000000000000000000e+00
1.799317119407236598e+00 -2.528774766059155299e-01 0.000000000000000000e+00
1.820329640047371189e+00 -2.235083221768500716e-01 0.000000000000000000e+00
1.829920326203095637e+00 -1.923323232896860246e-01 0.000000000000000000e+00
1.832998282329393991e+00 -1.603665171123442867e-01 0.000000000000000000e+00
1.875420413466704295e+00 -1.311421168934653880e-01 0.000000000000000000e+00
1.891846844082492707e+00 -6.606469412166954269e-02 0.000000000000000000e+00
1.911708734957048073e+00 -3.336894640517626409e-02 0.000000000000000000e+00
1.927000045776366299e+00 5.383975931749773074e-08 0.000000000000000000e+00
1.947703263449977795e+00 3.399734109579235358e-02 0.000000000000000000e+00
1.968799955918100641e+00 6.875206397768292288e-02 0.000000000000000000e+00
1.995261833274393437e+00 1.045672968587069568e-01 0.000000000000000000e+00
2.016076850382753083e+00 1.409778822887266803e-01 0.000000000000000000e+00
2.027830173018118742e+00 2.131335952033950043e-01 0.000000000000000000e+00
2.054570460828349265e+00 2.522695881725947609e-01 0.000000000000000000e+00
2.083524099429423515e+00 2.928202731211135279e-01 0.000000000000000000e+00
2.103776269595393877e+00 3.332054846571581574e-01 0.000000000000000000e+00
2.116351781801757870e+00 3.731699778204382589e-01 0.000000000000000000e+00
2.147800230766039320e+00 4.174901317836799963e-01 0.000000000000000000e+00
2.192028699415384363e+00 4.659301437243536514e-01 0.000000000000000000e+00
2.208393080870689751e+00 5.506142974437524540e-01 0.000000000000000000e+00
2.233220529879831329e+00 5.983896995230360005e-01 0.000000000000000000e+00
2.267616292789048860e+00 6.502285718859543984e-01 0.000000000000000000e+00
2.298000421828796824e+00 7.025692993893590810e-01 0.000000000000000000e+00
2.321528922524991767e+00 7.543105377671344147e-01 0.000000000000000000e+00
2.356232367195107535e+00 8.113159342194211643e-01 0.000000000000000000e+00
2.375962233769102649e+00 9.120465185718998891e-01 0.000000000000000000e+00
2.424585764078561745e+00 9.795963058856140826e-01 0.000000000000000000e+00
2.451304497228245616e+00 1.040517097767625687e+00 0.000000000000000000e+00
2.505855190641290697e+00 1.115678686251347695e+00 0.000000000000000000e+00
2.539474431681168376e+00 1.184176451112066486e+00 0.000000000000000000e+00
2.582235180254956575e+00 1.259440326824586842e+00 0.000000000000000000e+00
2.598514801458851498e+00 1.381654908756916544e+00 0.000000000000000000e+00
2.637853029971817698e+00 1.462185893741167364e+00 0.000000000000000000e+00
2.688142895566403734e+00 1.552000109979136511e+00 0.000000000000000000e+00
2.732649284581285087e+00 1.641941429044759593e+00 0.000000000000000000e+00
2.804494946289897594e+00 1.752443031602189061e+00 0.000000000000000000e+00
2.810385089522169366e+00 1.825085510754042017e+00 0.000000000000000000e+00
2.937280059083726691e+00 1.981220515962281103e+00 0.000000000000000000e+00
2.937540691280712490e+00 2.134248343514803192e+00 0.000000000000000000e+00
2.594131398246340314e+00 2.026757669977842014e+00 0.000000000000000000e+00
2.571575951117405445e+00 2.082421241876215579e+00 0.000000000000000000e+00
2.564716785061901039e+00 2.152053006894467213e+00 0.000000000000000000e+00
2.540352350068482146e+00 2.208294707183034333e+00 0.000000000000000000e+00
2.537839499787716502e+00 2.285081051685785347e+00 0.000000000000000000e+00
2.511468570700880143e+00 2.341982434430079696e+00 0.000000000000000000e+00
2.460731558235177197e+00 2.460731665797176060e+00 0.000000000000000000e+00
5.059196792960426237e+00 5.238951870266531863e+00 0.000000000000000000e+00
4.966993936158963230e+00 5.326449110526668029e+00 0.000000000000000000e+00
1.629524600704421511e+00 6.081469035005750534e+00 0.000000000000000000e+00
5.405482680675773866e-01 3.846201250432239149e+00 0.000000000000000000e+00
4.777277703995664870e-01 3.890780998145949798e+00 0.000000000000000000e+00
2.938139594674478716e-01 5.606306056677055061e+00 0.000000000000000000e+00
9.581362003050300502e-02 5.489163619085712043e+00 0.000000000000000000e+00
-8.661824812101857644e-08 5.492000102996825284e+00 0.000000000000000000e+00
-9.508079464616125964e-02 5.447170195955893135e+00 0.000000000000000000e+00
-2.817245296677599042e-01 5.375622678399189169e+00 0.000000000000000000e+00
-4.641915845863371914e-01 5.305733167839480124e+00 0.000000000000000000e+00
-5.529556454060235993e-01 5.261020780287664955e+00 0.000000000000000000e+00
-6.405453513923375919e-01 5.216822605179396000e+00 0.000000000000000000e+00
-7.327464345638881049e-01 5.213761238945186172e+00 0.000000000000000000e+00
-8.136157608603765690e-01 5.136967258586195406e+00 0.000000000000000000e+00
-9.862917979687071401e-01 5.074031043192084311e+00 0.000000000000000000e+00
-1.390866164512533754e+00 4.850526502444052035e+00 0.000000000000000000e+00
-1.478523822783302410e+00 4.836033284200999205e+00 0.000000000000000000e+00
-1.643468060765044036e+00 4.772977614472690533e+00 0.000000000000000000e+00
-2.168031788708177476e+00 4.649359024351060299e+00 0.000000000000000000e+00
-2.333057205954264912e+00 4.578882445141559288e+00 0.000000000000000000e+00
-2.417309210076276749e+00 4.546297274856269333e+00 0.000000000000000000e+00
-2.718370948896194239e+00 4.524128876990905823e+00 0.000000000000000000e+00
-2.040217888746906461e+00 3.141659967638640971e+00 0.000000000000000000e+00
-3.063471840799175894e+00 4.375091100348772244e+00 0.000000000000000000e+00
-3.148177827137717433e+00 4.333094944336660426e+00 0.000000000000000000e+00
-3.281095638058808994e+00 4.354160878165098225e+00 0.000000000000000000e+00
-3.541815069910451808e+00 4.373777264913705665e+00 0.000000000000000000e+00
-1.679603990910850664e+00 2.001674048173922138e+00 0.000000000000000000e+00
-4.112533068432479233e+00 4.112532988750254859e+00 0.000000000000000000e+00
-4.202383157832552563e+00 4.058194165377890350e+00 0.000000000000000000e+00
-2.811622449694158199e+00 2.196680167530143724e+00 0.000000000000000000e+00
-2.332125788395860599e+00 1.632972028116822516e+00 0.000000000000000000e+00
-2.318818046337108196e+00 1.564062493595400838e+00 0.000000000000000000e+00
-8.990548759413854452e-01 5.838530528283611964e-01 0.000000000000000000e+00
-8.897396516690798673e-01 5.346095084358509775e-01 0.000000000000000000e+00
-8.807478048556900418e-01 5.084999732265431671e-01 0.000000000000000000e+00
-8.702466164039385221e-01 4.823855679086549997e-01 0.000000000000000000e+00
-8.591080023856876302e-01 4.567958195413417410e-01 0.000000000000000000e+00
-8.491292287624738755e-01 4.326529442051990082e-01 0.000000000000000000e+00
-8.421700033061083612e-01 4.107537483034585102e-01 0.000000000000000000e+00
-8.356157741579696152e-01 3.896540276603211450e-01 0.000000000000000000e+00
-8.294992710989637086e-01 3.693168631288143433e-01 0.000000000000000000e+00
-8.307567615424891194e-01 3.356475125961511652e-01 0.000000000000000000e+00
-8.252851021807929843e-01 3.167972632769651686e-01 0.000000000000000000e+00
-8.335073794027900718e-01 3.033718701898036052e-01 0.000000000000000000e+00
-8.642039560390394337e-01 2.975692796116283789e-01 0.000000000000000000e+00
-8.949441690773369817e-01 2.907849815885171774e-01 0.000000000000000000e+00
-9.247467079809554846e-01 2.827234352395195383e-01 0.000000000000000000e+00
-9.747194172138604618e-01 2.794962892122511700e-01 0.000000000000000000e+00
-1.009107519696115229e+00 2.515987566484638727e-01 0.000000000000000000e+00
