-7.241896879939710097e+00 -1.264081579532975730e-01 0.000000000000000000e+00
-3.992520775763545693e+00 -2.092393552600489981e-01 0.000000000000000000e+00
-3.940378031838951411e+00 -2.755382784702432031e-01 0.000000000000000000e+00
-3.047743245342116936e+00 -9.317887858645169663e-01 0.000000000000000000e+00
-3.009142801477775908e+00 -9.777299307933270400e-01 0.000000000000000000e+00
-2.964730138203298893e+00 -1.079073689373669653e+00 0.000000000000000000e+00
-2.954781958177883805e+00 -1.134234692714050086e+00 0.000000000000000000e+00
-3.809798573521595788e+00 -1.539258757340262962e+00 0.000000000000000000e+00
-3.800764632645087460e+00 -1.613329089436192687e+00 0.000000000000000000e+00
-3.793040612026586267e+00 -1.688770707856096287e+00 0.000000000000000000e+00
-3.835494353197724582e+00 -1.788520618024197484e+00 0.000000000000000000e+00
-3.783922879216337076e+00 -1.845542729210205790e+00 0.000000000000000000e+00
-2.916375800444036326e+00 -1.550664700760668646e+00 0.000000000000000000e+00
-3.825586559880328696e+00 -2.120557499081657582e+00 0.000000000000000000e+00
-3.746678002897925186e+00 -2.251231509317679347e+00 0.000000000000000000e+00
-3.574522747601357242e+00 -2.233609950997797355e+00 0.000000000000000000e+00
-3.446097429444515914e+00 -2.237922071840701133e+00 0.000000000000000000e+00
-3.307030838563041808e+00 -2.230620695482897986e+00 0.000000000000000000e+00
-2.988266559648051768e+00 -2.092406982975638208e+00 0.000000000000000000e+00
-2.678623478395470325e+00 -2.018487769376942076e+00 0.000000000000000000e+00
-2.868359120157407904e+00 -2.241007969979630587e+00 0.000000000000000000e+00
-2.766639473013957407e+00 -2.240380686167283475e+00 0.000000000000000000e+00
-2.664302411406393123e+00 -2.235615383544521606e+00 0.000000000000000000e+00
-2.536578842146885560e+00 -2.205014555020236688e+00 0.000000000000000000e+00
-2.446432703933894448e+00 -2.202778107142028041e+00 0.000000000000000000e+00
-2.354958838105706942e+00 -2.196034848329529332e+00 0.000000000000000000e+00
-2.228800436281900943e+00 -2.228800642185734038e+00 0.000000000000000000e+00
-2.147188976331387611e+00 -2.223479479363954958e+00 0.000000000000000000e+00
-2.072592937580710171e+00 -2.222584019505704500e+00 0.000000000000000000e+00
-1.982633925387524476e+00 -2.201938252606972846e+00 0.000000000000000000e+00
-1.906507371804997630e+00 -2.193186050867816039e+00 0.000000000000000000e+00
-1.835158538370004644e+00 -2.187056983244212383e+00 0.000000000000000000e+00
-1.779718009365253595e+00 -2.197768913127056578e+00 0.000000000000000000e+00
-1.718926773618184134e+00 -2.200126145430527647e+00 0.000000000000000000e+00
-1.616997086358126445e+00 -2.225605765612704179e+00 0.000000000000000000e+00
-1.587085874775910677e+00 -2.266593744901403529e+00 0.000000000000000000e+00
-1.603765157926497542e+00 -2.377679855083485450e+00 0.000000000000000000e+00
2.197045346802461108e+00 -3.516007250410383644e+00 0.000000000000000000e+00
2.180734917704960196e+00 -3.358037033083325795e+00 0.000000000000000000e+00
2.175819720086855202e+00 -3.225785144427933293e+00 0.000000000000000000e+00
2.106746412948258484e+00 -3.008745463828768951e+00 0.000000000000000000e+00
2.187956973707242625e+00 -2.516956403207285309e+00 0.000000000000000000e+00
2.119136748380824109e+00 -2.353539630432254448e+00 0.000000000000000000e+00
2.112148919440352657e+00 -2.265002256388678248e+00 0.000000000000000000e+00
2.110372278301164251e+00 -2.185354318174694388e+00 0.000000000000000000e+00
2.095157505750336213e+00 -2.095157363180490062e+00 0.000000000000000000e+00
2.139209609694938674e+00 -1.994845098457294741e+00 0.000000000000000000e+00
2.183359536411231261e+00 -1.965905623832971516e+00 0.000000000000000000e+00
2.267902440949122411e+00 -1.971457381260610431e+00 0.000000000000000000e+00
2.366311340780872019e+00 -1.985570838828631057e+00 0.000000000000000000e+00
2.453449916702798550e+00 -1.986764433870561231e+00 0.000000000000000000e+00
2.546850910152317571e+00 -1.989817873292256456e+00 0.000000000000000000e+00
2.669838524571771288e+00 -2.011867495419694229e+00 0.000000000000000000e+00
2.808872342880124773e+00 -1.966793451588674024e+00 0.000000000000000000e+00
2.938109147295773660e+00 -1.981779504175582129e+00 0.000000000000000000e+00
3.043535511924676751e+00 -1.976494931407089650e+00 0.000000000000000000e+00
3.139474032775704249e+00 -1.961760963345073661e+00 0.000000000000000000e+00
3.285522279609459861e+00 -1.974140807075208004e+00 0.000000000000000000e+00
3.314279197264317744e+00 -1.913499845320042247e+00 0.000000000000000000e+00
3.369035169731740442e+00 -1.867486548925160417e+00 0.000000000000000000e+00
3.443495754441288970e+00 -1.830939030391452560e+00 0.000000000000000000e+00
3.510689507845389024e+00 -1.712277544615155689e+00 0.000000000000000000e+00
3.556351830743293529e+00 -1.658353958165793784e+00 0.000000000000000000e+00
3.639565124158995690e+00 -1.620438659327681608e+00 0.000000000000000000e+00
3.740931893124031848e+00 -1.587931240704924640e+00 0.000000000000000000e+00
3.781982986478321873e+00 -1.528020176198014113e+00 0.000000000000000000e+00
3.829547175539494752e+00 -1.470025295923736541e+00 0.000000000000000000e+00
3.904991866452772076e+00 -1.344596396031050078e+00 0.000000000000000000e+00
3.983024921835683685e+00 -1.294163113941521726e+00 0.000000000000000000e+00
4.026999331756647038e+00 -1.231177116780969527e+00 0.000000000000000000e+00
4.087284627067545806e+00 -1.172009873938903102e+00 0.000000000000000000e+00
4.151549098392137260e+00 -1.112404094907673002e+00 0.000000000000000000e+00
4.204291590892162311e+00 -1.048247492506172884e+00 0.000000000000000000e+00
1.049396588340853365e+00 -2.422722592983176937e-01 0.000000000000000000e+00
1.041506437297713639e+00 -2.024483114445705667e-01 0.000000000000000000e+00
1.039956986917062620e+00 -1.833724441605754096e-01 0.000000000000000000e+00
1.037072715317374882e+00 -1.642561505954825973e-01 0.000000000000000000e+00
1.037800918552972629e+00 -1.458533766351500782e-01 0.000000000000000000e+00
1.039195874622231841e+00 -1.275971786867541591e-01 0.000000000000000000e+00
1.040269909492541167e+00 -1.093367430680400182e-01 0.000000000000000000e+00
1.039031055610137866e+00 -9.090340845710476181e-02 0.000000000000000000e+00
1.040459289368800055e+00 -7.275597128489802445e-02 0.000000000000000000e+00
1.042364616452087667e+00 -3.640014505643344306e-02 0.000000000000000000e+00
1.042841129395635669e+00 -1.820283033686002222e-02 0.000000000000000000e+00
1.047000050544738325e+00 2.925284348087586419e-08 0.000000000000000000e+00
1.047840362084182075e+00 1.829015069811706917e-02 0.000000000000000000e+00
1.054357269066256597e+00 3.681899636389150687e-02 0.000000000000000000e+00
5.146432845516795140e+00 3.598737834643360167e-01 0.000000000000000000e+00
5.154607056253732722e+00 5.417711741240227585e-01 0.000000000000000000e+00
5.131463662703386497e+00 6.300646532175412373e-01 0.000000000000000000e+00
5.220693076263596133e+00 7.337207056504200242e-01 0.000000000000000000e+00
8.536230040728813862e+00 1.659275268523744629e+00 0.000000000000000000e+00
3.187123653638483045e+00 1.554464166030183891e+00 0.000000000000000000e+00
3.871605466124245165e+00 2.611430992245884042e+00 0.000000000000000000e+00
3.777929157494272161e+00 2.645334605563976371e+00 0.000000000000000000e+00
3.763546954623351759e+00 2.734377051350093790e+00 0.000000000000000000e+00
3.700078171838222740e+00 2.788209025148175702e+00 0.000000000000000000e+00
5.434581632431897624e+00 4.400837637001926872e+00 0.000000000000000000e+00
1.822191003257034092e+00 1.640708222266717309e+00 0.000000000000000000e+00
4.533998646040442893e+00 4.378431790160367321e+00 0.000000000000000000e+00
4.314523018028376455e+00 4.467819568920369022e+00 0.000000000000000000e+00
3.980657803270196027e+00 4.420968564269464274e+00 0.000000000000000000e+00
3.843193567452682924e+00 4.421088653154868098e+00 0.000000000000000000e+00
3.722382882628990419e+00 4.436163364196343828e+00 0.000000000000000000e+00
3.542444506791900150e+00 4.374554836854507300e+00 0.000000000000000000e+00
3.443394499416379428e+00 4.407344165818976478e+00 0.000000000000000000e+00
3.295538874916018823e+00 4.373327987432506170e+00 0.000000000000000000e+00
3.069781133117760685e+00 4.384101997715212029e+00 0.000000000000000000e+00
2.587036042509623712e+00 4.305551200341761309e+00 0.000000000000000000e+00
2.485500011916280449e+00 4.305012499979057772e+00 0.000000000000000000e+00
2.372658223085636120e+00 4.280388940173510015e+00 0.000000000000000000e+00
2.195497957465879058e+00 4.308907563025851317e+00 0.000000000000000000e+00
2.072618771965984763e+00 4.249498438307826476e+00 0.000000000000000000e+00
2.001097443580841517e+00 4.291367530948106079e+00 0.000000000000000000e+00
1.893359077985880656e+00 4.252554333000841069e+00 0.000000000000000000e+00
1.819634809773198469e+00 4.286791196579696539e+00 0.000000000000000000e+00
1.719818820585114816e+00 4.256701182831464259e+00 0.000000000000000000e+00
1.641325101999696834e+00 4.275798312677195234e+00 0.000000000000000000e+00
1.318303887372681560e+00 4.311978000650615428e+00 0.000000000000000000e+00
1.215560621065034930e+00 4.239163954212059160e+00 0.000000000000000000e+00
1.139580148290634920e+00 4.252971315524093576e+00 0.000000000000000000e+00
9.787619253776499439e-01 4.239484005492798246e+00 0.000000000000000000e+00
8.998417384988103285e-01 4.233422898791921796e+00 0.000000000000000000e+00
7.446033320724715354e-01 4.222855762855536099e+00 0.000000000000000000e+00
2.133765816095249956e-01 1.347206863461331006e+00 0.000000000000000000e+00
1.835692989495018301e-01 1.306163591430240745e+00 0.000000000000000000e+00
1.639142480483809783e-01 1.334974605094887856e+00 0.000000000000000000e+00
1.182703200921339376e-01 1.351836200605457838e+00 0.000000000000000000e+00
9.863563325938760895e-02 1.410555602925030128e+00 0.000000000000000000e+00
7.651514505721628001e-02 1.459996393429771944e+00 0.000000000000000000e+00
4.987135857659816957e-02 1.428129512625290642e+00 0.000000000000000000e+00
2.462532327478666322e-02 1.410785111606788211e+00 0.000000000000000000e+00
-3.750525379982058011e-02 2.148672625743482723e+00 0.000000000000000000e+00
-2.936050696566773754e-01 4.198747193428467916e+00 0.000000000000000000e+00
-4.407965931400706361e-01 4.193898833761064537e+00 0.000000000000000000e+00
-5.135575025462879584e-01 4.182589698792400945e+00 0.000000000000000000e+00
-5.878672367170697521e-01 4.182892291063117440e+00 0.000000000000000000e+00
-6.626564643539756272e-01 4.183847861399806689e+00 0.000000000000000000e+00
-7.373101902113922135e-01 4.181493524577603260e+00 0.000000000000000000e+00
-8.122739471868757333e-01 4.178786878376881120e+00 0.000000000000000000e+00
-8.886146606050697727e-01 4.180602997141821930e+00 0.000000000000000000e+00
-9.630155529951992532e-01 4.171278367659145836e+00 0.000000000000000000e+00
-1.154139176643885101e+00 3.351863407398913974e+00 0.000000000000000000e+00
-1.230588536829046786e+00 3.381014080107068498e+00 0.000000000000000000e+00
-1.027542038210023545e+00 2.106773322789775360e+00 0.000000000000000000e+00
-1.140878158181837909e+00 2.239099391653175619e+00 0.000000000000000000e+00
-1.180721056272587832e+00 2.220613274512821089e+00 0.000000000000000000e+00
-1.084000013413708219e+00 1.877543047838506229e+00 0.000000000000000000e+00
-1.155230440005987624e+00 1.922626268255333004e+00 0.000000000000000000e+00
-1.203976629809188070e+00 1.926765323770907479e+00 0.000000000000000000e+00
-2.897737763386075027e+00 4.296072801424370091e+00 0.000000000000000000e+00
-1.985721592690356196e+00 2.835904267911788512e+00 0.000000000000000000e+00
-2.967020152734801020e+00 2.967020095247417721e+00 0.000000000000000000e+00
-2.905154851381788639e+00 1.886629586589289920e+00 0.000000000000000000e+00
-2.938486594954543119e+00 1.836170181782122546e+00 0.000000000000000000e+00
-2.832893314973073284e+00 1.570298378423816921e+00 0.000000000000000000e+00
-4.290636502020457321e+00 1.561663942141969130e+00 0.000000000000000000e+00
-6.683687201832351654e+00 1.058592023739235666e+00 0.000000000000000000e+00
-6.731842195967796094e+00 9.460986891421007128e-01 0.000000000000000000e+00
-6.682813045848943645e+00 8.205462345645643252e-01 0.000000000000000000e+00
-6.704072274303214840e+00 7.046263596313799837e-01 0.000000000000000000e+00
-6.681926940732964226e+00 2.333380045396964697e-01 0.000000000000000000e+00
-7.282999992370604581e+00 -2.624610054024653508e-08 0.000000000000000000e+00
