-7.322884394423135213e+00 -1.278218045009892334e-01 0.000000000000000000e+00
-3.972548204170094355e+00 -2.081926360974418466e-01 0.000000000000000000e+00
-3.995244120999340343e+00 -2.793748920214036979e-01 0.000000000000000000e+00
-3.126023080111608454e+00 -8.963728635305309167e-01 0.000000000000000000e+00
-3.044874311053991534e+00 -9.309116644727649659e-01 0.000000000000000000e+00
-3.008191813908742684e+00 -9.774209361488723768e-01 0.000000000000000000e+00
-2.967549235730328583e+00 -1.080099757119262094e+00 0.000000000000000000e+00
-2.957582718991522253e+00 -1.135309804220004493e+00 0.000000000000000000e+00
-3.779201514004205453e+00 -1.526896741107087063e+00 0.000000000000000000e+00
-3.805366823228805373e+00 -1.615282603705418429e+00 0.000000000000000000e+00
-3.797608443762064301e+00 -1.690804437842754693e+00 0.000000000000000000e+00
-3.825525258179967025e+00 -1.783871952079105760e+00 0.000000000000000000e+00
-3.790341826535700953e+00 -1.931275855058207203e+00 0.000000000000000000e+00
-2.903131704778841637e+00 -1.543622689357889932e+00 0.000000000000000000e+00
-3.727629165315547333e+00 -2.066258822425561803e+00 0.000000000000000000e+00
-3.977654512683949761e+00 -2.296500159376056782e+00 0.000000000000000000e+00
-3.746678002897925186e+00 -2.251231509317679347e+00 0.000000000000000000e+00
-3.586395368831071906e+00 -2.241028788922640125e+00 0.000000000000000000e+00
-3.427646415182140416e+00 -2.225939841822244247e+00 0.000000000000000000e+00
-3.256129189530462043e+00 -2.279966434603067693e+00 0.000000000000000000e+00
-2.941585623874309441e+00 -2.137187268583572219e+00 0.000000000000000000e+00
-2.670637131195876091e+00 -2.012469624507236432e+00 0.000000000000000000e+00
-2.868359120157407904e+00 -2.241007969979630587e+00 0.000000000000000000e+00
-2.762753839703306902e+00 -2.237234162051068509e+00 0.000000000000000000e+00
-2.656641974582031551e+00 -2.229187513218730210e+00 0.000000000000000000e+00
-2.531295898331848093e+00 -2.200422161591750747e+00 0.000000000000000000e+00
-2.439001263078097725e+00 -2.196086807113482031e+00 0.000000000000000000e+00
-2.311238717622499994e+00 -2.231937492430735581e+00 0.000000000000000000e+00
-2.213951259300450669e+00 -2.213951463832468214e+00 0.000000000000000000e+00
-2.146494202722919020e+00 -2.222760020164852079e+00 0.000000000000000000e+00
-2.059634932954991449e+00 -2.208688259521391029e+00 0.000000000000000000e+00
-1.978619113875689006e+00 -2.197479352286688226e+00 0.000000000000000000e+00
-1.903883169612845094e+00 -2.190167251293473782e+00 0.000000000000000000e+00
-1.821660058147754224e+00 -2.170970119457785508e+00 0.000000000000000000e+00
-1.781605983636268098e+00 -2.200100367402275658e+00 0.000000000000000000e+00
-1.676656562166957354e+00 -2.224998617288717728e+00 0.000000000000000000e+00
-1.613470350398234832e+00 -2.220751629540136385e+00 0.000000000000000000e+00
-1.596263115768012719e+00 -2.279700204582476797e+00 0.000000000000000000e+00
-1.607679490926149146e+00 -2.383483092966140138e+00 0.000000000000000000e+00
2.246596211153831124e+00 -3.738963675163345268e+00 0.000000000000000000e+00
2.176378476120606198e+00 -3.482933346284348808e+00 0.000000000000000000e+00
2.167118889141373295e+00 -3.337070189388189778e+00 0.000000000000000000e+00
2.140590585578430183e+00 -3.173555808651991939e+00 0.000000000000000000e+00
2.092406946614516983e+00 -2.988266585108385609e+00 0.000000000000000000e+00
2.155810063741153915e+00 -2.479975616174084241e+00 0.000000000000000000e+00
2.119136748380824109e+00 -2.353539630432254448e+00 0.000000000000000000e+00
2.109420961021612584e+00 -2.262076879339309343e+00 0.000000000000000000e+00
2.128391477043675817e+00 -2.128391332212346665e+00 0.000000000000000000e+00
2.122771802432147581e+00 -2.049936762062611439e+00 0.000000000000000000e+00
2.120194396114970736e+00 -1.977113126127791443e+00 0.000000000000000000e+00
2.189304795832987427e+00 -1.971258759098813984e+00 0.000000000000000000e+00
2.272430550294343377e+00 -1.975393606395610346e+00 0.000000000000000000e+00
2.373971778120847365e+00 -1.991998708539938434e+00 0.000000000000000000e+00
2.461998458770341180e+00 -1.993686906273855586e+00 0.000000000000000000e+00
2.614732668440752139e+00 -1.970342257193890001e+00 0.000000000000000000e+00
2.720724149037578865e+00 -1.976721664872261863e+00 0.000000000000000000e+00
2.836723642703010917e+00 -1.986295140317510644e+00 0.000000000000000000e+00
2.952202950789936775e+00 -1.991285893999907630e+00 0.000000000000000000e+00
3.057792878287366900e+00 -1.985753772725241451e+00 0.000000000000000000e+00
3.175092100440586318e+00 -1.984017600605096021e+00 0.000000000000000000e+00
3.282950759673621821e+00 -1.972595682127174177e+00 0.000000000000000000e+00
3.357665103328898670e+00 -1.861184018676007801e+00 0.000000000000000000e+00
3.432017425435965663e+00 -1.824835895066713398e+00 0.000000000000000000e+00
3.531949906836530317e+00 -1.799618223331604483e+00 0.000000000000000000e+00
3.513385908883103426e+00 -1.713592667168100547e+00 0.000000000000000000e+00
3.565414900102798157e+00 -1.662580136468946534e+00 0.000000000000000000e+00
3.594801373461152583e+00 -1.600508555127649668e+00 0.000000000000000000e+00
3.670052888550482617e+00 -1.557844890862716047e+00 0.000000000000000000e+00
3.827679704829013208e+00 -1.469308441147449074e+00 0.000000000000000000e+00
3.856498644749802640e+00 -1.403650581344155324e+00 0.000000000000000000e+00
3.946594374025599983e+00 -1.358921286750756519e+00 0.000000000000000000e+00
3.998241630334972818e+00 -1.299107321733800502e+00 0.000000000000000000e+00
4.041343775548242867e+00 -1.235562652882228107e+00 0.000000000000000000e+00
4.112277453379211245e+00 -1.179176450746627580e+00 0.000000000000000000e+00
4.166038317527133827e+00 -1.116286469008469950e+00 0.000000000000000000e+00
4.242407380367761327e+00 -9.794367852201465441e-01 0.000000000000000000e+00
1.044661604036080105e+00 -2.220496463849633006e-01 0.000000000000000000e+00
1.035616632972622186e+00 -2.013034496389657646e-01 0.000000000000000000e+00
1.036017806600704860e+00 -1.826778605078984430e-01 0.000000000000000000e+00
1.042011152333490953e+00 -1.650383220307586885e-01 0.000000000000000000e+00
1.037800918552972629e+00 -1.458533766351500782e-01 0.000000000000000000e+00
1.041264477864964233e+00 -1.094412763873323924e-01 0.000000000000000000e+00
1.039031055610137866e+00 -9.090340845710476181e-02 0.000000000000000000e+00
1.038464186950789792e+00 -7.261646019040508826e-02 0.000000000000000000e+00
1.039573355795116782e+00 -5.448170143111392277e-02 0.000000000000000000e+00
1.040365860529601338e+00 -3.633034701804784689e-02 0.000000000000000000e+00
1.042841129395635669e+00 -1.820283033686002222e-02 0.000000000000000000e+00
1.047000050544738325e+00 2.925284348087586419e-08 0.000000000000000000e+00
1.047840362084182075e+00 1.829015069811706917e-02 0.000000000000000000e+00
5.242199188233905183e+00 3.665704211387537659e-01 0.000000000000000000e+00
5.168258282781922119e+00 4.521641519016437183e-01 0.000000000000000000e+00
5.139689360648741712e+00 5.402032607263690389e-01 0.000000000000000000e+00
5.140396403870449937e+00 6.311614561641576415e-01 0.000000000000000000e+00
5.225644529915800085e+00 7.344165872153043395e-01 0.000000000000000000e+00
8.455599719943853287e+00 1.339235660877896139e+00 0.000000000000000000e+00
5.109075769992043270e+00 1.660039491286694036e+00 0.000000000000000000e+00
4.436574557874959801e+00 1.792492603095062309e+00 0.000000000000000000e+00
3.838443995369444028e+00 2.589063296664485758e+00 0.000000000000000000e+00
3.823801861842855754e+00 2.677455020533482610e+00 0.000000000000000000e+00
3.689695901247401988e+00 2.780385422721831645e+00 0.000000000000000000e+00
3.590965066465921840e+00 2.805569523580151881e+00 0.000000000000000000e+00
4.580755773230457351e+00 4.423584625017104699e+00 0.000000000000000000e+00
4.343049895392110393e+00 4.343050085232861512e+00 0.000000000000000000e+00
4.133591876201925253e+00 4.432734779882236964e+00 0.000000000000000000e+00
3.955900170522107295e+00 4.393472426315804036e+00 0.000000000000000000e+00
3.815639209038710344e+00 4.389390988389644477e+00 0.000000000000000000e+00
3.712098413543763353e+00 4.423906810688910340e+00 0.000000000000000000e+00
3.513495767155254690e+00 4.338806119053697508e+00 0.000000000000000000e+00
3.337064257296227243e+00 4.428434033467794961e+00 0.000000000000000000e+00
3.214597372750422011e+00 4.424513897480760960e+00 0.000000000000000000e+00
3.056588737622701224e+00 4.365261303562596673e+00 0.000000000000000000e+00
1.032635593277967612e+00 1.590119440912888704e+00 0.000000000000000000e+00
9.665727073781962275e-01 1.546839747624358052e+00 0.000000000000000000e+00
2.577765538222963393e+00 4.290122489568762632e+00 0.000000000000000000e+00
2.403686100558764416e+00 4.336364715479367860e+00 0.000000000000000000e+00
2.290551758335134025e+00 4.307901515396427072e+00 0.000000000000000000e+00
2.199129834565774821e+00 4.316035523519053285e+00 0.000000000000000000e+00
2.116017503748424122e+00 4.338479029156708577e+00 0.000000000000000000e+00
1.988841395193835293e+00 4.265084349049870660e+00 0.000000000000000000e+00
1.817290406710814876e+00 4.281268128788796368e+00 0.000000000000000000e+00
1.719818820585114816e+00 4.256701182831464259e+00 0.000000000000000000e+00
1.528145900628024245e+00 4.198546596966083122e+00 0.000000000000000000e+00
1.381305822626865520e+00 4.251222453446834137e+00 0.000000000000000000e+00
1.296668417076551894e+00 4.241211561406802666e+00 0.000000000000000000e+00
1.212528698664421700e+00 4.228590383523838980e+00 0.000000000000000000e+00
1.139321348021734126e+00 4.252005459702775880e+00 0.000000000000000000e+00
1.059133931294371500e+00 4.247954497366478677e+00 0.000000000000000000e+00
9.023366960330974074e-01 4.245160752133538828e+00 0.000000000000000000e+00
8.221958909867703724e-01 4.229831562644630338e+00 0.000000000000000000e+00
2.457121409126157008e-01 1.393502937152343302e+00 0.000000000000000000e+00
2.125944101141581943e-01 1.342268426454732433e+00 0.000000000000000000e+00
1.835692989495018301e-01 1.306163591430240745e+00 0.000000000000000000e+00
1.402771763703251351e-01 1.334648393498026664e+00 0.000000000000000000e+00
1.190547271151965042e-01 1.360802015604174908e+00 0.000000000000000000e+00
9.947270828762096173e-02 1.422526336341807918e+00 0.000000000000000000e+00
7.646280667146782006e-02 1.458997717228170954e+00 0.000000000000000000e+00
4.969686133966105118e-02 1.423132563252862859e+00 0.000000000000000000e+00
2.591680019085730591e-02 1.484773842022433676e+00 0.000000000000000000e+00
-3.748780264268759821e-02 2.147672850516808563e+00 0.000000000000000000e+00
-2.210671427898326380e-01 4.218211128549562261e+00 0.000000000000000000e+00
-3.675358312482089329e-01 4.200953043905037099e+00 0.000000000000000000e+00
-4.406920722380699429e-01 4.192904383949459302e+00 0.000000000000000000e+00
-5.150198869595726814e-01 4.194499862605318263e+00 0.000000000000000000e+00
-5.881455627737586234e-01 4.184872683648742431e+00 0.000000000000000000e+00
-6.623436180716505417e-01 4.181872627896986216e+00 0.000000000000000000e+00
-7.369629189994377771e-01 4.179524051832837372e+00 0.000000000000000000e+00
-8.107474947644091046e-01 4.170933962035588749e+00 0.000000000000000000e+00
-9.634654225226283453e-01 4.173226966539192340e+00 0.000000000000000000e+00
-1.036635343434839651e+00 4.157717024649890902e+00 0.000000000000000000e+00
-1.155766977115408878e+00 3.356590883032237294e+00 0.000000000000000000e+00
-1.018774518899357995e+00 2.088797244825187693e+00 0.000000000000000000e+00
-1.125442517192050795e+00 2.208805241395194852e+00 0.000000000000000000e+00
-1.168514784619642199e+00 2.197656617035728566e+00 0.000000000000000000e+00
-1.086943241764586787e+00 1.960897460608297393e+00 0.000000000000000000e+00
-1.139779312196250283e+00 1.896911273936955133e+00 0.000000000000000000e+00
-2.861390192061012971e+00 4.242185312176563805e+00 0.000000000000000000e+00
-2.994068924616912764e+00 4.275973466269896939e+00 0.000000000000000000e+00
-2.086637648928407973e+00 2.872010268700330826e+00 0.000000000000000000e+00
-1.502442450091057591e+00 1.611172239923589267e+00 0.000000000000000000e+00
-2.932371734000512209e+00 2.932371677184458569e+00 0.000000000000000000e+00
-2.911025519793960736e+00 1.890442043165981856e+00 0.000000000000000000e+00
-2.812777059956759196e+00 1.559147756384815731e+00 0.000000000000000000e+00
-6.696527161573087916e+00 1.060625673513113432e+00 0.000000000000000000e+00
-6.737783845937459937e+00 9.469337335599581351e-01 0.000000000000000000e+00
-6.751298972671295751e+00 8.289552487011562221e-01 0.000000000000000000e+00
-6.738880388905258201e+00 7.082848397422941700e-01 0.000000000000000000e+00
-6.672932598657753900e+00 2.330239152282460591e-01 0.000000000000000000e+00
-7.374999999999999112e+00 -2.657764543280098125e-08 0.000000000000000000e+00
