-7.229898623698195692e+00 -1.261987269857919869e-01 0.000000000000000000e+00
-3.961326785488906044e+00 -2.770031591162536722e-01 0.000000000000000000e+00
-3.963658029060423971e+00 -9.882511524534680625e-01 0.000000000000000000e+00
-3.048699480771219328e+00 -9.320811364261484266e-01 0.000000000000000000e+00
-3.011995990934414724e+00 -9.786569884020951404e-01 0.000000000000000000e+00
-2.985002153394189062e+00 -1.027818833109237939e+00 0.000000000000000000e+00
-2.956649206247947692e+00 -1.134951462198549033e+00 0.000000000000000000e+00
-3.803525946995318208e+00 -1.614501197997728177e+00 0.000000000000000000e+00
-3.796694964537450812e+00 -1.690397730634856321e+00 0.000000000000000000e+00
-3.820087373551544818e+00 -1.781336224509004973e+00 0.000000000000000000e+00
-3.821672063689044219e+00 -1.863954238947858721e+00 0.000000000000000000e+00
-2.951013567287930961e+00 -1.503616695083500376e+00 0.000000000000000000e+00
-3.738124674920910273e+00 -2.072076579062868795e+00 0.000000000000000000e+00
-3.666104396673877108e+00 -2.202817997131515604e+00 0.000000000000000000e+00
-3.595723625865371975e+00 -2.246857731472036157e+00 0.000000000000000000e+00
-3.446936039200209301e+00 -2.238466671440785927e+00 0.000000000000000000e+00
-3.315321206115657393e+00 -2.236212619580001615e+00 0.000000000000000000e+00
-2.992362413477656080e+00 -2.095274930992739204e+00 0.000000000000000000e+00
-2.684213902394232409e+00 -2.022700456437346972e+00 0.000000000000000000e+00
-2.876239219888208520e+00 -2.247164579232934223e+00 0.000000000000000000e+00
-2.769748016719683736e+00 -2.242897935468591619e+00 0.000000000000000000e+00
-2.668132721138184227e+00 -2.238829395333675976e+00 0.000000000000000000e+00
-2.538088151844451357e+00 -2.206326578047421272e+00 0.000000000000000000e+00
-2.445689435822646640e+00 -2.202108865465949972e+00 0.000000000000000000e+00
-2.357152914459914150e+00 -2.198080857820552847e+00 0.000000000000000000e+00
-2.231628826861122405e+00 -2.231629033026250930e+00 0.000000000000000000e+00
-2.148578192309417378e+00 -2.224918054754199126e+00 0.000000000000000000e+00
-2.061680942243319326e+00 -2.210882336064615039e+00 0.000000000000000000e+00
-1.979288195949941542e+00 -2.198222443280222205e+00 0.000000000000000000e+00
-1.907163539665525764e+00 -2.193940885713996369e+00 0.000000000000000000e+00
-1.831301785948647343e+00 -2.182460684265452144e+00 0.000000000000000000e+00
-1.778459309837355784e+00 -2.196214548514896503e+00 0.000000000000000000e+00
-1.718926773618184134e+00 -2.200126145430527647e+00 0.000000000000000000e+00
-1.615821601130773333e+00 -2.223987848844974025e+00 0.000000000000000000e+00
-1.586512339948676242e+00 -2.265774652202921846e+00 0.000000000000000000e+00
-1.595377206268694836e+00 -2.365244204150678708e+00 0.000000000000000000e+00
2.268742963652217615e+00 -3.775822057948461374e+00 0.000000000000000000e+00
2.186446971018320973e+00 -3.499046305041712213e+00 0.000000000000000000e+00
2.206332916358348939e+00 -3.397454491277355437e+00 0.000000000000000000e+00
2.169109357962589524e+00 -3.215836624219961415e+00 0.000000000000000000e+00
2.096421964367655821e+00 -2.994000624277838085e+00 0.000000000000000000e+00
2.181396389413142956e+00 -2.509409314829292192e+00 0.000000000000000000e+00
2.118467506713789916e+00 -2.352796362312863376e+00 0.000000000000000000e+00
2.113512979950265436e+00 -2.266465032097515042e+00 0.000000000000000000e+00
2.134048258655878438e+00 -2.134048113439620753e+00 0.000000000000000000e+00
2.129965193810783752e+00 -2.056883338898649605e+00 0.000000000000000000e+00
2.123119947718285605e+00 -1.979841246948541356e+00 0.000000000000000000e+00
2.186332077532339824e+00 -1.968582111699311410e+00 0.000000000000000000e+00
2.267902440949122411e+00 -1.971457381260610431e+00 0.000000000000000000e+00
2.367843501304560228e+00 -1.986856474071893475e+00 0.000000000000000000e+00
2.463552823367185951e+00 -1.994945605820666934e+00 0.000000000000000000e+00
2.613135513150012468e+00 -1.969138714438400273e+00 0.000000000000000000e+00
2.718297081022751360e+00 -1.974958296862783458e+00 0.000000000000000000e+00
2.821978802449529145e+00 -1.975970692740254941e+00 0.000000000000000000e+00
2.936451192290317813e+00 -1.980661199482346868e+00 0.000000000000000000e+00
3.018375418351462169e+00 -1.960155776754105350e+00 0.000000000000000000e+00
3.158979140998089186e+00 -1.973949106803825071e+00 0.000000000000000000e+00
3.275236404230720932e+00 -1.967960430077712042e+00 0.000000000000000000e+00
3.324671574981450828e+00 -1.919499886949201262e+00 0.000000000000000000e+00
3.427602586351865988e+00 -1.822488483666089287e+00 0.000000000000000000e+00
3.469579508620536767e+00 -1.767838920627256893e+00 0.000000000000000000e+00
3.521475111996245300e+00 -1.717538034826935567e+00 0.000000000000000000e+00
3.567227600406946308e+00 -1.663425412433592543e+00 0.000000000000000000e+00
3.586579624533587474e+00 -1.596847996968907779e+00 0.000000000000000000e+00
3.664529820731055487e+00 -1.555500487867536918e+00 0.000000000000000000e+00
3.761395401170075203e+00 -1.443864283226192313e+00 0.000000000000000000e+00
3.856498644749802640e+00 -1.403650581344155324e+00 0.000000000000000000e+00
3.907828216617939443e+00 -1.345573029617083805e+00 0.000000000000000000e+00
3.984926897023322034e+00 -1.294781103077863760e+00 0.000000000000000000e+00
4.020305227587125607e+00 -1.229130523972803424e+00 0.000000000000000000e+00
4.091129853563686858e+00 -1.173112474768599034e+00 0.000000000000000000e+00
4.155412982279336198e+00 -1.113439419350790383e+00 0.000000000000000000e+00
4.227791959388215837e+00 -9.760625498732327099e-01 0.000000000000000000e+00
1.046617990667596976e+00 -2.224654891402078616e-01 0.000000000000000000e+00
1.037579979093705917e+00 -2.016850854049682396e-01 0.000000000000000000e+00
1.036017806600704860e+00 -1.826778605078984430e-01 0.000000000000000000e+00
1.042011152333490953e+00 -1.650383220307586885e-01 0.000000000000000000e+00
1.037800918552972629e+00 -1.458533766351500782e-01 0.000000000000000000e+00
1.041264477864964233e+00 -1.094412763873323924e-01 0.000000000000000000e+00
1.039031055610137866e+00 -9.090340845710476181e-02 0.000000000000000000e+00
1.040459289368800055e+00 -7.275597128489802445e-02 0.000000000000000000e+00
1.041570589153674842e+00 -5.458637193937833365e-02 0.000000000000000000e+00
1.045362809904152535e+00 -3.650484419418226212e-02 0.000000000000000000e+00
1.041841354168198563e+00 -1.818537922342860005e-02 0.000000000000000000e+00
1.047000050544738325e+00 2.925284348087586419e-08 0.000000000000000000e+00
1.048361001310498253e+00 3.660960191366714744e-02 0.000000000000000000e+00
5.179352451501488375e+00 3.621757474676527977e-01 0.000000000000000000e+00
5.162281072805635418e+00 4.516412136249965403e-01 0.000000000000000000e+00
5.140683810459075076e+00 5.403077816404702194e-01 0.000000000000000000e+00
5.140396403870449937e+00 6.311614561641576415e-01 0.000000000000000000e+00
5.229605787276885742e+00 7.349733057397954683e-01 0.000000000000000000e+00
8.459550186941880767e+00 1.339861353490615414e+00 0.000000000000000000e+00
8.487148494578274693e+00 1.649734781062661026e+00 0.000000000000000000e+00
5.095760583423055934e+00 1.655713124535941771e+00 0.000000000000000000e+00
4.346638053823228987e+00 1.756155894186427924e+00 0.000000000000000000e+00
3.816888999847231734e+00 2.574524267872180694e+00 0.000000000000000000e+00
3.750602849582702181e+00 2.724972608094792470e+00 0.000000000000000000e+00
3.716050866530325347e+00 2.800245314498876592e+00 0.000000000000000000e+00
3.599632932095290894e+00 2.812341602727159273e+00 0.000000000000000000e+00
4.582194348526169136e+00 4.424973841093025051e+00 0.000000000000000000e+00
4.083124079375634707e+00 4.378614691359737243e+00 0.000000000000000000e+00
3.948539629373749804e+00 4.385297716847894378e+00 0.000000000000000000e+00
3.803174052756203682e+00 4.375051465793878158e+00 0.000000000000000000e+00
3.657461443579096638e+00 4.358793002644326897e+00 0.000000000000000000e+00
3.336462485908765263e+00 4.427635455829747713e+00 0.000000000000000000e+00
3.215773138294990119e+00 4.426132199989255334e+00 0.000000000000000000e+00
3.060603755055425701e+00 4.370995342956406127e+00 0.000000000000000000e+00
1.031546329265898398e+00 1.588442121350060132e+00 0.000000000000000000e+00
9.649829385184808261e-01 1.544295585511180180e+00 0.000000000000000000e+00
2.575705289720770175e+00 4.286693660102971037e+00 0.000000000000000000e+00
2.401261997061594045e+00 4.331991516803651798e+00 0.000000000000000000e+00
2.283509523972103050e+00 4.294656998229817724e+00 0.000000000000000000e+00
2.194590042310788025e+00 4.307125679118806616e+00 0.000000000000000000e+00
2.087085015893464401e+00 4.279158635257454435e+00 0.000000000000000000e+00
1.992222499140646974e+00 4.272335150225321954e+00 0.000000000000000000e+00
1.821197620938045603e+00 4.290472949153016025e+00 0.000000000000000000e+00
1.643833666588369269e+00 4.282333347218748365e+00 0.000000000000000000e+00
1.381305822626865520e+00 4.251222453446834137e+00 0.000000000000000000e+00
1.297545607979923021e+00 4.244080723755436324e+00 0.000000000000000000e+00
1.215285003704445144e+00 4.238202762182702088e+00 0.000000000000000000e+00
1.138544947215031744e+00 4.249107892238821904e+00 0.000000000000000000e+00
9.677393726064481561e-01 4.191740080273006264e+00 0.000000000000000000e+00
9.017129070795197876e-01 4.242226055589572553e+00 0.000000000000000000e+00
8.231499577152987523e-01 4.234739810916651415e+00 0.000000000000000000e+00
2.434547128349263956e-01 1.380700425054298908e+00 0.000000000000000000e+00
2.136894651264232836e-01 1.349182332457270928e+00 0.000000000000000000e+00
1.839868211222816519e-01 1.309134416420153046e+00 0.000000000000000000e+00
1.402771763703251351e-01 1.334648393498026664e+00 0.000000000000000000e+00
1.191418765245775280e-01 1.361798138100257294e+00 0.000000000000000000e+00
9.961221940639022887e-02 1.424521438758120651e+00 0.000000000000000000e+00
7.641047452464960754e-02 1.457999160072487532e+00 0.000000000000000000e+00
4.959216216543032435e-02 1.420134369802071861e+00 0.000000000000000000e+00
2.565501458252384542e-02 1.469776140893859662e+00 0.000000000000000000e+00
-2.936748210897174305e-01 4.199744685174973569e+00 0.000000000000000000e+00
-3.669257436034900621e-01 4.193979711429054014e+00 0.000000000000000000e+00
-4.412147265911359750e-01 4.197877107232479865e+00 0.000000000000000000e+00
-5.155073871718931500e-01 4.198470232731548180e+00 0.000000000000000000e+00
-5.885631182217049284e-01 4.187843744723790174e+00 0.000000000000000000e+00
-6.639079240770483503e-01 4.191749266377589045e+00 0.000000000000000000e+00
-7.371365546054150508e-01 4.180508788205219872e+00 0.000000000000000000e+00
-8.892383505111913777e-01 4.183537227248991464e+00 0.000000000000000000e+00
-9.645902036062290463e-01 4.178098928355160169e+00 0.000000000000000000e+00
-1.034941897454246140e+00 4.150924984200537793e+00 0.000000000000000000e+00
-1.157069233016928100e+00 3.360372908624734478e+00 0.000000000000000000e+00
-1.456765784486599768e+00 3.795004468291371946e+00 0.000000000000000000e+00
-1.132706271841523060e+00 2.223061162152474068e+00 0.000000000000000000e+00
-1.183068355935445348e+00 2.225027902983203187e+00 0.000000000000000000e+00
-1.072883741208733976e+00 1.935533450899164842e+00 0.000000000000000000e+00
-1.187019178677940268e+00 1.899627729892190420e+00 0.000000000000000000e+00
-2.872014887267104744e+00 4.257937070211761821e+00 0.000000000000000000e+00
-2.983744749897701887e+00 4.261229017069840808e+00 0.000000000000000000e+00
-2.005523276167949565e+00 2.760365915102636958e+00 0.000000000000000000e+00
-2.924444276145202526e+00 1.899156285277876499e+00 0.000000000000000000e+00
-2.985977283722063280e+00 1.865845657170351890e+00 0.000000000000000000e+00
-1.690639873426595940e+00 9.371369679573213762e-01 0.000000000000000000e+00
-6.700477628590851609e+00 1.061251366001221497e+00 0.000000000000000000e+00
-6.710056460876770323e+00 9.430369038518925384e-01 0.000000000000000000e+00
-6.725492749996624831e+00 8.257866431006765096e-01 0.000000000000000000e+00
-6.758184754581058939e+00 5.912645228948686382e-01 0.000000000000000000e+00
-7.380000114440917081e+00 -2.659566458788357851e-08 0.000000000000000000e+00
