-6.997925879781654146e+00 -1.615598861859986579e+00 0.000000000000000000e+00
-6.688780363525350658e+00 -2.173316852463675453e+00 0.000000000000000000e+00
-6.392932532212640240e+00 -2.582912769637003336e+00 0.000000000000000000e+00
-6.336755117393607861e+00 -2.689793331509198193e+00 0.000000000000000000e+00
-6.145054652403871387e+00 -2.997143783409260021e+00 0.000000000000000000e+00
-5.981086988018210704e+00 -3.180200735133881906e+00 0.000000000000000000e+00
-5.871652255893336836e+00 -3.390000388033007184e+00 0.000000000000000000e+00
-1.471756219323161474e+00 -8.843204493185344850e-01 0.000000000000000000e+00
-1.463730928862839953e+00 -9.146406944773772807e-01 0.000000000000000000e+00
-1.448384024268642989e+00 -9.405916816851976892e-01 0.000000000000000000e+00
-1.414675531829561406e+00 -9.905665717430433004e-01 0.000000000000000000e+00
-1.396363244846019258e+00 -1.014517383067844669e+00 0.000000000000000000e+00
-1.379243475195705670e+00 -1.039334609036998813e+00 0.000000000000000000e+00
-1.361682567404778776e+00 -1.063863121145365520e+00 0.000000000000000000e+00
-1.342908205117464560e+00 -1.087465727062429499e+00 0.000000000000000000e+00
-1.302275538616030071e+00 -1.092739028152177383e+00 0.000000000000000000e+00
-1.304892790322700558e+00 -1.134326103961056598e+00 0.000000000000000000e+00
-1.265241862932076966e+00 -1.179857234701906732e+00 0.000000000000000000e+00
-1.245896473646392666e+00 -1.203148350716065851e+00 0.000000000000000000e+00
-1.233194139754713703e+00 -1.233194253681198838e+00 0.000000000000000000e+00
-1.211484111152363985e+00 -1.254528637402536173e+00 0.000000000000000000e+00
-1.198953069004915717e+00 -1.285719874360941484e+00 0.000000000000000000e+00
-1.179008044840208047e+00 -1.309421210250691248e+00 0.000000000000000000e+00
-1.157944115973496224e+00 -1.332062451158091854e+00 0.000000000000000000e+00
-1.117043616509987070e+00 -1.379434113749437030e+00 0.000000000000000000e+00
-1.098340032447487902e+00 -1.405811264940767691e+00 0.000000000000000000e+00
-1.078452490217294502e+00 -1.431154926828785534e+00 0.000000000000000000e+00
-1.060952283881704705e+00 -1.460275680128297449e+00 0.000000000000000000e+00
-1.040467594928774497e+00 -1.485941863587659340e+00 0.000000000000000000e+00
-1.030033264191856590e+00 -1.527087261018491349e+00 0.000000000000000000e+00
-1.007582158612038814e+00 -1.551540615601660011e+00 0.000000000000000000e+00
1.247422256631974813e+00 -2.076059098640525402e+00 0.000000000000000000e+00
1.290883459202845751e+00 -2.065845208246458231e+00 0.000000000000000000e+00
1.356151276820788842e+00 -2.088289673840850291e+00 0.000000000000000000e+00
1.441397663936055507e+00 -2.058529045682301994e+00 0.000000000000000000e+00
1.462409729307965867e+00 -2.012834162573477137e+00 0.000000000000000000e+00
1.837087090200419937e+00 -2.189354985371138262e+00 0.000000000000000000e+00
1.868456221392921668e+00 -2.149412857319131120e+00 0.000000000000000000e+00
1.975749372492504374e+00 -2.118731660237186620e+00 0.000000000000000000e+00
2.019371999403099860e+00 -2.091120777254097618e+00 0.000000000000000000e+00
2.160211337227664341e+00 -2.160211190231079659e+00 0.000000000000000000e+00
2.239304811367648362e+00 -2.162471373054218216e+00 0.000000000000000000e+00
2.084521348172480248e+00 -1.876911325428320287e+00 0.000000000000000000e+00
2.146394184920151549e+00 -1.865831872902249833e+00 0.000000000000000000e+00
2.180928501458548663e+00 -1.830016177261488908e+00 0.000000000000000000e+00
2.248982821058111092e+00 -1.757097832554726624e+00 0.000000000000000000e+00
2.296875726028291709e+00 -1.730819887302367022e+00 0.000000000000000000e+00
2.341295280733397988e+00 -1.701050474714983496e+00 0.000000000000000000e+00
2.379636719662209465e+00 -1.666239453442946106e+00 0.000000000000000000e+00
2.432396303908265445e+00 -1.640671908174204052e+00 0.000000000000000000e+00
2.463175540278035314e+00 -1.599604785766647330e+00 0.000000000000000000e+00
5.819308946243713976e+00 -3.496593321267358334e+00 0.000000000000000000e+00
5.114746248164584230e+00 -2.952999905014842330e+00 0.000000000000000000e+00
5.974527194862644386e+00 -3.311734253424834851e+00 0.000000000000000000e+00
6.102050718458745138e+00 -3.244517671161487815e+00 0.000000000000000000e+00
6.133688854889896902e+00 -3.125270326778931906e+00 0.000000000000000000e+00
6.269837562810823606e+00 -2.923673031858255555e+00 0.000000000000000000e+00
6.608966396293904921e+00 -2.670195512104969637e+00 0.000000000000000000e+00
6.797768471488863540e+00 -1.321352129339432357e+00 0.000000000000000000e+00
6.696692942908015311e+00 -1.180807445098546626e+00 0.000000000000000000e+00
6.240163543666335855e+00 -5.459433886852731455e-01 0.000000000000000000e+00
4.153300161215196518e+00 -2.176651200954014820e-01 0.000000000000000000e+00
3.162805261353460295e+00 7.301912167936364106e-01 0.000000000000000000e+00
3.233995581005550957e+00 8.063257488877441093e-01 0.000000000000000000e+00
4.481186182075894031e+00 1.720166338650652715e+00 0.000000000000000000e+00
4.221635609176840553e+00 2.059029391285355892e+00 0.000000000000000000e+00
4.158327233775442444e+00 2.118773680159129480e+00 0.000000000000000000e+00
4.065973629737121620e+00 2.161916653793372944e+00 0.000000000000000000e+00
4.063483025195049336e+00 2.252425548879182227e+00 0.000000000000000000e+00
4.020956003344777763e+00 2.321500158977768180e+00 0.000000000000000000e+00
3.934397984874025145e+00 2.364024935861731791e+00 0.000000000000000000e+00
3.849290280772307060e+00 2.405303649442259051e+00 0.000000000000000000e+00
3.563214197522153626e+00 2.885434097737166859e+00 0.000000000000000000e+00
3.503121137085170478e+00 2.939467788603313370e+00 0.000000000000000000e+00
3.407318984865732592e+00 3.067963931532001531e+00 0.000000000000000000e+00
3.306805079742308529e+00 3.193344686516777831e+00 0.000000000000000000e+00
2.317896060340920439e+00 2.317896161659381171e+00 0.000000000000000000e+00
2.774389080124894047e+00 3.962238407616215596e+00 0.000000000000000000e+00
2.716558932103596558e+00 4.027464418353199349e+00 0.000000000000000000e+00
2.574347597727363102e+00 4.119817534644982793e+00 0.000000000000000000e+00
2.608667792220159765e+00 4.341552479180281310e+00 0.000000000000000000e+00
1.657999935430598759e+00 2.871740258609027041e+00 0.000000000000000000e+00
2.425987344147219282e+00 4.376597225783356748e+00 0.000000000000000000e+00
2.372709144483865717e+00 4.462417093140183866e+00 0.000000000000000000e+00
6.489413400237915575e-01 3.338514084573187990e+00 0.000000000000000000e+00
5.888409189147536527e-01 3.339483132479857730e+00 0.000000000000000000e+00
1.885517093348563766e-01 2.696415699425344314e+00 0.000000000000000000e+00
1.394752783375365068e-01 2.661347674282581011e+00 0.000000000000000000e+00
9.265812018079640222e-02 2.653382618629331002e+00 0.000000000000000000e+00
4.644081144077896739e-02 2.660594730899294991e+00 0.000000000000000000e+00
-3.444511103772893712e-01 1.000358618679663136e+00 0.000000000000000000e+00
-3.570690525633939960e-01 9.810391192153919970e-01 0.000000000000000000e+00
-3.719859397174029025e-01 9.690564663190678329e-01 0.000000000000000000e+00
-3.865939962869822666e-01 9.568536825643655375e-01 0.000000000000000000e+00
-3.985457554951096770e-01 9.389149279178174989e-01 0.000000000000000000e+00
-4.156848426881146197e-01 9.336434115559189006e-01 0.000000000000000000e+00
-4.458234499291959807e-01 9.140735036214219233e-01 0.000000000000000000e+00
-4.608003617034345245e-01 9.043716037197325752e-01 0.000000000000000000e+00
-4.751052156836876872e-01 8.935429271229198278e-01 0.000000000000000000e+00
-4.891728900082121800e-01 8.824912294944607938e-01 0.000000000000000000e+00
-5.190000043327841484e-01 8.989343523110058243e-01 0.000000000000000000e+00
-5.191583978652294373e-01 8.640246469923958950e-01 0.000000000000000000e+00
-5.362782865279590583e-01 8.582246372482411623e-01 0.000000000000000000e+00
-5.675807984268892437e-01 8.414731179412162643e-01 0.000000000000000000e+00
-3.796851044511480922e+00 5.038591404185050138e+00 0.000000000000000000e+00
-4.022116468350679597e+00 5.148074204528970021e+00 0.000000000000000000e+00
-3.947777327084616150e+00 3.947777250594610710e+00 0.000000000000000000e+00
-4.596350741469373169e+00 4.138572719377644482e+00 0.000000000000000000e+00
-4.911877143765931208e+00 4.121554224291453572e+00 0.000000000000000000e+00
-4.976842621750952489e+00 4.030167617672045566e+00 0.000000000000000000e+00
-4.636417882546668423e+00 2.785840869788901220e+00 0.000000000000000000e+00
-3.911518536682357716e+00 1.993018204867645249e+00 0.000000000000000000e+00
-3.975365953725028767e+00 1.938915492074336555e+00 0.000000000000000000e+00
-4.037601135251211559e+00 1.882764295614051120e+00 0.000000000000000000e+00
-4.137669222716180428e+00 1.756336350066079577e+00 0.000000000000000000e+00
-4.191798132750942152e+00 1.693596346962847221e+00 0.000000000000000000e+00
-4.291669345184303097e+00 1.647417480154864888e+00 0.000000000000000000e+00
-4.322585975923028734e+00 1.573292599414743531e+00 0.000000000000000000e+00
-2.137817426426078526e+00 7.361095573300711070e-01 0.000000000000000000e+00
-4.584092580794701277e+00 1.489461938257798712e+00 0.000000000000000000e+00
-4.801502069144207852e+00 1.376808533071735452e+00 0.000000000000000000e+00
-4.876706349154709130e+00 1.215899426016057827e+00 0.000000000000000000e+00
-4.925440516324188778e+00 1.137127514685853269e+00 0.000000000000000000e+00
-5.245815538729488026e+00 1.019683218382474665e+00 0.000000000000000000e+00
-5.546857898332987702e+00 8.785359563775657632e-01 0.000000000000000000e+00
-5.726720237748298636e+00 8.048380149585911969e-01 0.000000000000000000e+00
-5.827898442345396113e+00 6.125367829746484194e-01 0.000000000000000000e+00
-5.941305405854459210e+00 5.197968439356471793e-01 0.000000000000000000e+00
-1.669999957084655540e+00 -6.018259895890011500e-09 0.000000000000000000e+00
