-3.107526673766077163e+00 -5.424224193382576331e-02 0.000000000000000000e+00
-2.950201618787095637e+00 -1.030234642967879505e-01 0.000000000000000000e+00
-4.481849255986772640e+00 -2.348839996996779644e-01 0.000000000000000000e+00
-4.442152768234123528e+00 -3.106258121863068600e-01 0.000000000000000000e+00
-4.428085584035891920e+00 -3.874075199620969912e-01 0.000000000000000000e+00
-4.371918137339462440e+00 -4.595073399529198688e-01 0.000000000000000000e+00
-4.384076142428732226e+00 -5.382970925367542847e-01 0.000000000000000000e+00
-4.368545355718122636e+00 -6.919098398459134769e-01 0.000000000000000000e+00
-4.352850304363681033e+00 -7.675251801989896316e-01 0.000000000000000000e+00
-4.335847046742380861e+00 -8.428035178508088698e-01 0.000000000000000000e+00
-1.445702182162370786e+00 -3.072935615772681706e-01 0.000000000000000000e+00
-1.389463502362881853e+00 -3.464322344245346907e-01 0.000000000000000000e+00
-1.411217580045534215e+00 -3.781346869192501736e-01 0.000000000000000000e+00
-1.428434803717875567e+00 -4.095971662914111855e-01 0.000000000000000000e+00
-1.487053822640798550e+00 -4.546380598271555495e-01 0.000000000000000000e+00
-1.480795010891513774e+00 -4.811395467197659426e-01 0.000000000000000000e+00
-1.457044108176061892e+00 -5.017006012378729674e-01 0.000000000000000000e+00
-2.171508007675457375e+00 -8.335639491080154562e-01 0.000000000000000000e+00
-4.032322481969631056e+00 -1.629164264990136113e+00 0.000000000000000000e+00
-4.007878132563298834e+00 -1.701243566266200657e+00 0.000000000000000000e+00
-3.947876581916415883e+00 -1.840925318606096317e+00 0.000000000000000000e+00
-3.945705649414438465e+00 -1.924449468269440411e+00 0.000000000000000000e+00
-3.905281406990350312e+00 -1.989840503494010537e+00 0.000000000000000000e+00
-3.892915765813779849e+00 -2.069900271481817544e+00 0.000000000000000000e+00
-3.865819068666777714e+00 -2.142858745407826504e+00 0.000000000000000000e+00
-3.837358658859382654e+00 -2.215500301384237591e+00 0.000000000000000000e+00
-3.802393924881322107e+00 -2.284709016336615939e+00 0.000000000000000000e+00
-3.761941131843038022e+00 -2.350721967790264877e+00 0.000000000000000000e+00
-3.708284983893957332e+00 -2.501270061762274732e+00 0.000000000000000000e+00
-3.669801051869611364e+00 -2.569622620268418256e+00 0.000000000000000000e+00
-2.950159473591206449e+00 -2.223104838430821850e+00 0.000000000000000000e+00
-2.878603268595088416e+00 -2.249011576687439451e+00 0.000000000000000000e+00
-1.777630695823986473e+00 -1.840790641914178405e+00 0.000000000000000000e+00
-1.857081476820181543e+00 -1.991476251057067826e+00 0.000000000000000000e+00
-3.235916552749858344e+00 -4.141784700432960875e+00 0.000000000000000000e+00
-3.235357327168009611e+00 -4.293464590076806253e+00 0.000000000000000000e+00
-1.143549454469630078e+00 -1.695381950247333958e+00 0.000000000000000000e+00
1.761907317849985333e+00 -2.713099136518360321e+00 0.000000000000000000e+00
1.777674278260787055e+00 -2.635510297800033985e+00 0.000000000000000000e+00
1.781528470679853760e+00 -2.544286142791434280e+00 0.000000000000000000e+00
2.766601040263500622e+00 -3.182610209931343803e+00 0.000000000000000000e+00
2.824400527617999312e+00 -3.136814355676567079e+00 0.000000000000000000e+00
2.312656546135644309e+00 -2.480020346594320024e+00 0.000000000000000000e+00
3.046216179035224680e+00 -3.046215971748387652e+00 0.000000000000000000e+00
2.705777184347081032e+00 -2.038949216192484926e+00 0.000000000000000000e+00
2.707779850586727655e+00 -1.967317082201350376e+00 0.000000000000000000e+00
2.816240757444320675e+00 -1.899578243056069260e+00 0.000000000000000000e+00
2.755792851389837761e+00 -1.655847278083744323e+00 0.000000000000000000e+00
2.750679010849839567e+00 -1.524726158789806441e+00 0.000000000000000000e+00
2.705351374162236588e+00 -1.438460731507558821e+00 0.000000000000000000e+00
2.669455635321174913e+00 -1.360155476271191821e+00 0.000000000000000000e+00
2.632567712853655983e+00 -1.283988962659557753e+00 0.000000000000000000e+00
2.591133971593293506e+00 -1.208265515459840067e+00 0.000000000000000000e+00
2.580765997233509079e+00 -1.149030955604036563e+00 0.000000000000000000e+00
2.539672982086118580e+00 -1.078027129240515247e+00 0.000000000000000000e+00
2.519158571396339585e+00 -1.017806039291614395e+00 0.000000000000000000e+00
2.491726104069349024e+00 -9.564839485178626699e-01 0.000000000000000000e+00
2.550063650427611073e+00 -8.780572434660199876e-01 0.000000000000000000e+00
2.629671393277792202e+00 -8.544319419921834191e-01 0.000000000000000000e+00
2.713992979057363808e+00 -8.297508332245141505e-01 0.000000000000000000e+00
2.810729247020458121e+00 -8.059635506324612786e-01 0.000000000000000000e+00
2.894879704367749440e+00 -7.756805859892120791e-01 0.000000000000000000e+00
2.974926704084380980e+00 -7.417324394677297095e-01 0.000000000000000000e+00
3.104640528491146245e+00 -6.599116200312411529e-01 0.000000000000000000e+00
3.234461662853397534e+00 -6.287155591431943247e-01 0.000000000000000000e+00
3.376905704844952005e+00 -5.954394850818899299e-01 0.000000000000000000e+00
3.515182835481895474e+00 -5.567501609748466418e-01 0.000000000000000000e+00
3.624381231372205026e+00 -5.093734562750017458e-01 0.000000000000000000e+00
3.740906511811936230e+00 -4.593254537424220629e-01 0.000000000000000000e+00
4.051523759878140396e+00 -3.544622821707639204e-01 0.000000000000000000e+00
4.198747206262349430e+00 -2.936048861236009722e-01 0.000000000000000000e+00
4.372998925850422935e+00 -2.291790382166350448e-01 0.000000000000000000e+00
1.498771647589108635e+00 2.616119810649907354e-02 0.000000000000000000e+00
6.975576493522678057e+00 7.331628242161952747e-01 0.000000000000000000e+00
6.532587706003459616e+00 2.249350518801203069e+00 0.000000000000000000e+00
6.466964528172159277e+00 2.353782779127907343e+00 0.000000000000000000e+00
6.466911594772217775e+00 2.482414965227699444e+00 0.000000000000000000e+00
3.751057062711135259e+00 1.592229367206813517e+00 0.000000000000000000e+00
2.458813051659185067e+00 1.146563429478688390e+00 0.000000000000000000e+00
1.281717596445162144e+00 7.400000401488878721e-01 0.000000000000000000e+00
1.255959166585056463e+00 7.848104316859626506e-01 0.000000000000000000e+00
1.288324384069163164e+00 8.689858132658020429e-01 0.000000000000000000e+00
3.314214947317910998e+00 3.431970193544570780e+00 0.000000000000000000e+00
3.141966286226220539e+00 3.369346479113323412e+00 0.000000000000000000e+00
2.928784497264866893e+00 3.252744856212108626e+00 0.000000000000000000e+00
2.775129637097043300e+00 3.192421597888870810e+00 0.000000000000000000e+00
2.632215060364481385e+00 3.136951889599213228e+00 0.000000000000000000e+00
2.533643842926839973e+00 3.128789711932486561e+00 0.000000000000000000e+00
2.352442495324286398e+00 3.010989216875790131e+00 0.000000000000000000e+00
2.160698595557055679e+00 2.973946611587549249e+00 0.000000000000000000e+00
2.052256468553585123e+00 2.930926112791569782e+00 0.000000000000000000e+00
1.017385702330905639e+00 1.566636667101316993e+00 0.000000000000000000e+00
1.754032677873530455e+00 2.807039185004793325e+00 0.000000000000000000e+00
1.661512810805202633e+00 2.765221805725554205e+00 0.000000000000000000e+00
1.579999988654057441e+00 2.736640381618150375e+00 0.000000000000000000e+00
1.499031296245570966e+00 2.704324170667506522e+00 0.000000000000000000e+00
1.369235309742538265e+00 2.687275732436367193e+00 0.000000000000000000e+00
1.292318069563720417e+00 2.649644832271230488e+00 0.000000000000000000e+00
1.222211945828995505e+00 2.621042107215888706e+00 0.000000000000000000e+00
1.155131982087057585e+00 2.594469043261322216e+00 0.000000000000000000e+00
1.111630022283846886e+00 2.618836355397071713e+00 0.000000000000000000e+00
1.088981340826423505e+00 2.695323545767545959e+00 0.000000000000000000e+00
1.070445009292160021e+00 2.788604743185111534e+00 0.000000000000000000e+00
9.949362251631774789e-01 2.889504779868845130e+00 0.000000000000000000e+00
9.690772147179362861e-01 2.982513174742106088e+00 0.000000000000000000e+00
9.411444914321698274e-01 3.078345123123941374e+00 0.000000000000000000e+00
9.120839575567236679e-01 3.180814982885728170e+00 0.000000000000000000e+00
8.859375577101807897e-01 3.306364213117133133e+00 0.000000000000000000e+00
8.498715617981059678e-01 3.408648912524292474e+00 0.000000000000000000e+00
8.111734283596979678e-01 3.513578415797892429e+00 0.000000000000000000e+00
7.717681109521733473e-01 3.630883802870670252e+00 0.000000000000000000e+00
6.478812786835579374e-01 3.674317684988271271e+00 0.000000000000000000e+00
5.864727578682842335e-01 3.702843670441378077e+00 0.000000000000000000e+00
5.246825250462909818e-01 3.733310609110492617e+00 0.000000000000000000e+00
4.645658782225149386e-01 3.783585973792882751e+00 0.000000000000000000e+00
4.005530098383952020e-01 3.811007926765658027e+00 0.000000000000000000e+00
3.349394507591892944e-01 3.828376165672485509e+00 0.000000000000000000e+00
2.040578267088959952e-01 3.893656488834007945e+00 0.000000000000000000e+00
1.360730726700367099e-01 3.896624766201445933e+00 0.000000000000000000e+00
6.937325070346586631e-02 3.974394493997263744e+00 0.000000000000000000e+00
-6.311839219287533365e-08 4.001999855041503018e+00 0.000000000000000000e+00
-7.042052039513185813e-02 4.034385296290257550e+00 0.000000000000000000e+00
-1.430182027032385339e-01 4.095503656468141074e+00 0.000000000000000000e+00
-2.161475686478127045e-01 4.124340089499123785e+00 0.000000000000000000e+00
-2.926982345021845178e-01 4.185778849372687738e+00 0.000000000000000000e+00
-4.420509436502041978e-01 4.205833179950317025e+00 0.000000000000000000e+00
-5.217227388477468919e-01 4.249090203747266870e+00 0.000000000000000000e+00
-6.002536753205069964e-01 4.271026371875960237e+00 0.000000000000000000e+00
-6.890939146485285383e-01 4.350767337517138955e+00 0.000000000000000000e+00
-7.725607850839858459e-01 4.381409565552159435e+00 0.000000000000000000e+00
-8.641739664445189373e-01 4.445789310515025683e+00 0.000000000000000000e+00
-2.074958866021259785e-01 9.761913277829376012e-01 0.000000000000000000e+00
-2.224766112922714478e-01 9.636520127917295175e-01 0.000000000000000000e+00
-2.554544076570714473e-01 9.533687759822734309e-01 0.000000000000000000e+00
-2.706758944180991389e-01 9.439589753108171832e-01 0.000000000000000000e+00
-2.868166567851749837e-01 9.381349676633868873e-01 0.000000000000000000e+00
-3.031456858416687328e-01 9.329864443376404415e-01 0.000000000000000000e+00
-3.203590851185618149e-01 9.303902998589808071e-01 0.000000000000000000e+00
-3.365478424116358225e-01 9.246575599960011882e-01 0.000000000000000000e+00
-3.537091740166079523e-01 9.214438656944068384e-01 0.000000000000000000e+00
-3.860423569610090810e-01 9.094587679374188660e-01 0.000000000000000000e+00
-4.034827546893522410e-01 9.062370741162407706e-01 0.000000000000000000e+00
-4.209277964536868311e-01 9.026825433257419373e-01 0.000000000000000000e+00
-4.374944267772664652e-01 8.969964759876416505e-01 0.000000000000000000e+00
-4.558064492020930669e-01 8.945704988747218422e-01 0.000000000000000000e+00
-3.663228874318124273e+00 2.661491519598218503e+00 0.000000000000000000e+00
-3.852537484984260630e+00 2.598569299110171649e+00 0.000000000000000000e+00
-3.904011690194038930e+00 2.535294790777604668e+00 0.000000000000000000e+00
-3.961232680010803975e+00 2.475252853841669154e+00 0.000000000000000000e+00
-5.484292478969118534e+00 2.215797949688570689e+00 0.000000000000000000e+00
-5.455843897735348946e+00 2.094302212776711691e+00 0.000000000000000000e+00
-5.344971829287464615e+00 1.945410610670984308e+00 0.000000000000000000e+00
-5.342180053661961026e+00 1.839460070756709920e+00 0.000000000000000000e+00
-5.354350316410698696e+00 1.636989136448612214e+00 0.000000000000000000e+00
-5.294629330976789561e+00 1.518210496916438945e+00 0.000000000000000000e+00
-5.158044067555805690e+00 1.382093711291337845e+00 0.000000000000000000e+00
-5.162943662826088520e+00 1.287266402101820084e+00 0.000000000000000000e+00
-1.925952548000183784e+00 3.743672414894697598e-01 0.000000000000000000e+00
-1.836666470364563430e+00 3.238538439028137428e-01 0.000000000000000000e+00
-4.913710054559221163e+00 6.905768890761263545e-01 0.000000000000000000e+00
-4.830722224966281786e+00 5.931380849245192488e-01 0.000000000000000000e+00
-4.805529580609006146e+00 5.050814901659707035e-01 0.000000000000000000e+00
-4.734913185192628937e+00 4.142512060644439886e-01 0.000000000000000000e+00
-4.658624192171615164e+00 3.257627183991761988e-01 0.000000000000000000e+00
-4.684571133280154953e+00 2.455079511549945193e-01 0.000000000000000000e+00
-4.666155920665999268e+00 1.629457372187103348e-01 0.000000000000000000e+00
-4.601299329885218725e+00 8.031596134805041309e-02 0.000000000000000000e+00
