-4.646292071156088888e+00 -8.110157211086145568e-02 0.000000000000000000e+00
-6.668032036589078615e+00 -1.417334315820137025e+00 0.000000000000000000e+00
-6.604280103146926706e+00 -1.524718552517970505e+00 0.000000000000000000e+00
-6.591219000475256884e+00 -1.643375822418500887e+00 0.000000000000000000e+00
-6.568295714567120136e+00 -1.759969886104134185e+00 0.000000000000000000e+00
-7.040280446212313414e+00 -2.018768314213477577e+00 0.000000000000000000e+00
-6.813711002273389106e+00 -2.479988372231716642e+00 0.000000000000000000e+00
-6.894491532525614197e+00 -2.646547730254901420e+00 0.000000000000000000e+00
-6.847252841800938405e+00 -2.766470115695042420e+00 0.000000000000000000e+00
-4.246288723105336338e+00 -1.802442871702657046e+00 0.000000000000000000e+00
-3.634083683214945903e+00 -1.617998514081867567e+00 0.000000000000000000e+00
-2.593169391991230199e+00 -1.954093490135590416e+00 0.000000000000000000e+00
-2.511390207811702524e+00 -1.962113262556180127e+00 0.000000000000000000e+00
-2.457335390644569184e+00 -1.989911154790949821e+00 0.000000000000000000e+00
-2.418402261496928496e+00 -2.029280638809852100e+00 0.000000000000000000e+00
-2.399976417994366784e+00 -2.086267868143192317e+00 0.000000000000000000e+00
-3.035746513055096685e+00 -2.733398693958601910e+00 0.000000000000000000e+00
-3.017565189132070724e+00 -2.813925324389327187e+00 0.000000000000000000e+00
-2.933078625639430115e+00 -2.933078896606772457e+00 0.000000000000000000e+00
-2.931458037782321391e+00 -3.035613941518090719e+00 0.000000000000000000e+00
-2.905994975788379620e+00 -3.116298370431748843e+00 0.000000000000000000e+00
-2.208130856792960284e+00 -2.452377989741032049e+00 0.000000000000000000e+00
-2.792843119724342404e+00 -3.212798787472029627e+00 0.000000000000000000e+00
-2.877760124493589089e+00 -3.429581284004835862e+00 0.000000000000000000e+00
-2.755164380778319266e+00 -3.402344975308292163e+00 0.000000000000000000e+00
-2.546279178387932607e+00 -3.379026915221084781e+00 0.000000000000000000e+00
-2.411095094668616934e+00 -3.318588010706228886e+00 0.000000000000000000e+00
-2.280539805369772299e+00 -3.256948688160706595e+00 0.000000000000000000e+00
-2.011975961070894492e+00 -2.982877317110133930e+00 0.000000000000000000e+00
3.747059384515526226e+00 -5.996548037958822519e+00 0.000000000000000000e+00
8.706634194731537324e-01 -1.290811503547367289e+00 0.000000000000000000e+00
3.495814854309877706e+00 -3.038865285212815515e+00 0.000000000000000000e+00
3.358338798184195451e+00 -2.817980656079198454e+00 0.000000000000000000e+00
3.305201693988768064e+00 -2.676499376523068463e+00 0.000000000000000000e+00
3.285586444986063892e+00 -2.475866802888106122e+00 0.000000000000000000e+00
3.272473881971074139e+00 -2.377591283007908007e+00 0.000000000000000000e+00
3.149639705781432930e+00 -2.205401311275958065e+00 0.000000000000000000e+00
3.059977734805191307e+00 -2.063980898617066018e+00 0.000000000000000000e+00
1.667262557499775255e+00 -1.041821198966293771e+00 0.000000000000000000e+00
2.967513160766682478e+00 -1.783061664977842353e+00 0.000000000000000000e+00
2.915907677604775206e+00 -1.683499958202007374e+00 0.000000000000000000e+00
2.847505950799097629e+00 -1.514045654874317082e+00 0.000000000000000000e+00
2.819144718499067004e+00 -1.436425867705484194e+00 0.000000000000000000e+00
2.778172511733404182e+00 -1.355005162455309664e+00 0.000000000000000000e+00
2.768770390336321441e+00 -1.291098731113682563e+00 0.000000000000000000e+00
2.768042748952446619e+00 -1.232411930562906655e+00 0.000000000000000000e+00
2.711807425309143316e+00 -1.151093859083310189e+00 0.000000000000000000e+00
2.742609824778587946e+00 -1.108086197818384466e+00 0.000000000000000000e+00
2.856665563204217495e+00 -1.039741135124285565e+00 0.000000000000000000e+00
2.931107524977218493e+00 -1.009261158344982423e+00 0.000000000000000000e+00
3.007240677969465814e+00 -9.771116266023535113e-01 0.000000000000000000e+00
3.104165315801284297e+00 -9.490384747227130768e-01 0.000000000000000000e+00
3.253870859670857651e+00 -9.330323488610056115e-01 0.000000000000000000e+00
3.353694383421387926e+00 -8.986195939803944821e-01 0.000000000000000000e+00
3.445520264377003095e+00 -8.590645770946573334e-01 0.000000000000000000e+00
3.547681461800373803e+00 -8.190466908035727300e-01 0.000000000000000000e+00
3.637910450664253226e+00 -7.071380469182929618e-01 0.000000000000000000e+00
3.764920014130229919e+00 -6.638568649908852537e-01 0.000000000000000000e+00
3.769018710045186626e+00 -5.969538063152259877e-01 0.000000000000000000e+00
3.790746250600259160e+00 -5.327545300191033339e-01 0.000000000000000000e+00
3.846116351251387400e+00 -4.722435945957433323e-01 0.000000000000000000e+00
3.877640811573201507e+00 -4.075563594182430860e-01 0.000000000000000000e+00
3.895487595482129972e+00 -2.723989170297210216e-01 0.000000000000000000e+00
3.906638686716479292e+00 -2.047381469931340015e-01 0.000000000000000000e+00
4.036539588617953811e+00 -1.409589545084902196e-01 0.000000000000000000e+00
4.024387070329527027e+00 -7.024582459028597126e-02 0.000000000000000000e+00
4.044000148773191583e+00 1.129880589090248445e-07 0.000000000000000000e+00
4.105374580922056538e+00 7.165969404722279112e-02 0.000000000000000000e+00
4.166460502499404583e+00 1.454961222277902366e-01 0.000000000000000000e+00
4.187773829302458672e+00 2.928377883249478342e-01 0.000000000000000000e+00
4.214899704369993394e+00 3.687560578243965215e-01 0.000000000000000000e+00
4.259537258129416415e+00 4.476955229326407548e-01 0.000000000000000000e+00
4.295739798218755290e+00 5.274506425816893884e-01 0.000000000000000000e+00
4.292812099566540418e+00 6.033155132676089050e-01 0.000000000000000000e+00
1.043986612093517952e+00 1.653512638609177521e-01 0.000000000000000000e+00
1.038972122901825168e+00 1.831988459542617798e-01 0.000000000000000000e+00
1.024120581679669906e+00 2.176835777471063382e-01 0.000000000000000000e+00
1.013344824082101914e+00 2.339491144678956525e-01 0.000000000000000000e+00
1.008137286366157515e+00 2.513568840926177494e-01 0.000000000000000000e+00
1.001665017794112433e+00 2.683953604227380385e-01 0.000000000000000000e+00
9.958671224655858412e-01 2.855603299765195335e-01 0.000000000000000000e+00
9.907317321790801712e-01 3.028971153999724941e-01 0.000000000000000000e+00
9.843434544628708593e-01 3.198326039702629742e-01 0.000000000000000000e+00
9.795572483876162639e-01 3.372886372166523095e-01 0.000000000000000000e+00
9.634549401131505819e-01 3.698357286332571436e-01 0.000000000000000000e+00
9.624168198377736072e-01 3.888416633484430007e-01 0.000000000000000000e+00
9.600865362303131478e-01 4.075325841459999099e-01 0.000000000000000000e+00
4.766272438405290579e+00 2.222549481393105264e+00 0.000000000000000000e+00
4.649461419259122152e+00 2.267693994027241366e+00 0.000000000000000000e+00
4.585119435153769629e+00 2.336235181464922928e+00 0.000000000000000000e+00
4.516536137562868092e+00 2.503557004078881043e+00 0.000000000000000000e+00
2.601168975162918784e+00 3.714854449191482111e+00 0.000000000000000000e+00
2.601924433016806759e+00 3.857511776895030664e+00 0.000000000000000000e+00
2.531482027064349438e+00 3.898140652675558648e+00 0.000000000000000000e+00
3.446499944580781349e+00 5.969513285641922629e+00 0.000000000000000000e+00
3.201796021021651839e+00 6.021702797484373093e+00 0.000000000000000000e+00
2.671792552276738508e+00 5.729677905016107076e+00 0.000000000000000000e+00
2.549425221110704243e+00 5.726103091986654903e+00 0.000000000000000000e+00
2.227785317682190680e+00 5.513962449629461027e+00 0.000000000000000000e+00
2.109712046763309257e+00 5.495988088401864147e+00 0.000000000000000000e+00
1.891876402554218295e+00 5.494408354872118316e+00 0.000000000000000000e+00
1.747800064692189403e+00 5.379175818592361047e+00 0.000000000000000000e+00
1.521793721047495218e+00 5.307125762562550975e+00 0.000000000000000000e+00
1.407975526636467301e+00 5.254636575344803440e+00 0.000000000000000000e+00
1.275896027603148131e+00 5.117339845778597685e+00 0.000000000000000000e+00
3.937847212879919678e-01 1.852611614878080237e+00 0.000000000000000000e+00
7.810772049405662054e-01 4.931527928002716443e+00 0.000000000000000000e+00
6.830614965391380577e-01 4.860235685340327905e+00 0.000000000000000000e+00
5.930161656506482970e-01 4.829729757968884485e+00 0.000000000000000000e+00
4.132924633879083154e-01 4.723955367753664980e+00 0.000000000000000000e+00
3.287621715557861313e-01 4.701519195383460747e+00 0.000000000000000000e+00
1.633993740891958035e-01 4.679148014844363601e+00 0.000000000000000000e+00
8.104890256635281787e-02 4.643292750993148310e+00 0.000000000000000000e+00
-7.237639342092802887e-08 4.589000225067137784e+00 0.000000000000000000e+00
-5.450391249792469611e-02 3.122524257675310722e+00 0.000000000000000000e+00
-1.037911484672745244e-01 2.972188295071652053e+00 0.000000000000000000e+00
-2.319530344631390573e-01 4.425926254465768928e+00 0.000000000000000000e+00
-3.102071081697090338e-01 4.436167353418535519e+00 0.000000000000000000e+00
-3.834853425699090712e-01 4.383256760819224773e+00 0.000000000000000000e+00
-6.789256645352389485e-01 4.286567539010472494e+00 0.000000000000000000e+00
-7.510283967065156663e-01 4.259293333111011215e+00 0.000000000000000000e+00
-2.917001210401659050e-01 1.372341076903669244e+00 0.000000000000000000e+00
-3.093077184983527017e-01 1.339758834745023997e+00 0.000000000000000000e+00
-3.278041913991616707e-01 1.314750723061330451e+00 0.000000000000000000e+00
-3.535468483071735335e-01 1.319454728201359783e+00 0.000000000000000000e+00
-3.861679601354233160e-01 1.346727652755945304e+00 0.000000000000000000e+00
-4.274474547666817781e-01 1.398117559314864700e+00 0.000000000000000000e+00
-4.520918996006486612e-01 1.391395733543640656e+00 0.000000000000000000e+00
-4.921670075039744630e-01 1.352217684737189174e+00 0.000000000000000000e+00
-5.275176405282444581e-01 1.374230383652743193e+00 0.000000000000000000e+00
-8.132709414948907645e-01 2.012916141393731539e+00 0.000000000000000000e+00
-1.784294400074455167e+00 3.826431565391529510e+00 0.000000000000000000e+00
-1.859570496560357666e+00 3.812684414182132109e+00 0.000000000000000000e+00
-1.922195915144359057e+00 3.772521783655679251e+00 0.000000000000000000e+00
-1.992437337678266918e+00 3.747229523161729858e+00 0.000000000000000000e+00
-2.070137113463620171e+00 3.734626108270135081e+00 0.000000000000000000e+00
-2.138999982369922392e+00 3.704856546613902513e+00 0.000000000000000000e+00
-2.274413426716749953e+00 3.639822247389734589e+00 0.000000000000000000e+00
-2.344126393511677175e+00 3.609638014743608458e+00 0.000000000000000000e+00
-2.405647936184565960e+00 3.566519648199180104e+00 0.000000000000000000e+00
-2.456054376374572357e+00 3.507609079653184470e+00 0.000000000000000000e+00
-2.242897834362003628e+00 2.769748098594189134e+00 0.000000000000000000e+00
-1.877926952823123941e+00 1.690892991654770361e+00 0.000000000000000000e+00
-1.719046796091312057e+00 1.392056622524395104e+00 0.000000000000000000e+00
-1.602902863907710307e+00 9.631211900431688733e-01 0.000000000000000000e+00
-4.854072426196313295e+00 2.802499972355827484e+00 0.000000000000000000e+00
-4.877004766845280059e+00 1.775084532667890569e+00 0.000000000000000000e+00
-6.469086480065637801e+00 2.101933570827986042e+00 0.000000000000000000e+00
-3.504809014004348633e+00 8.091488975117334670e-01 0.000000000000000000e+00
-3.467533323079994290e+00 7.370469416895332193e-01 0.000000000000000000e+00
