-7.365878066494475185e+00 -1.285722640808875106e-01 0.000000000000000000e+00
-7.391494451712849134e+00 -2.581170588127520427e-01 0.000000000000000000e+00
-4.554749166112054048e+00 -2.387045258909817891e-01 0.000000000000000000e+00
-3.967312211628265306e+00 -2.774217011954714374e-01 0.000000000000000000e+00
-3.097471135668531605e+00 -9.469921303790751477e-01 0.000000000000000000e+00
-3.025310723899036436e+00 -9.829832081260769794e-01 0.000000000000000000e+00
-2.989729628968091024e+00 -1.029446633753333229e+00 0.000000000000000000e+00
-2.966609611234710453e+00 -1.079757761718720621e+00 0.000000000000000000e+00
-2.972520035803291272e+00 -1.141043703771231099e+00 0.000000000000000000e+00
-3.716152719584697728e+00 -1.501423371038530963e+00 0.000000000000000000e+00
-3.801685070761831042e+00 -1.613719792290037924e+00 0.000000000000000000e+00
-3.780209696996855495e+00 -1.762740956168302286e+00 0.000000000000000000e+00
-3.801898742571681478e+00 -1.854310144661231785e+00 0.000000000000000000e+00
-3.789450459748060940e+00 -1.930821680940475016e+00 0.000000000000000000e+00
-3.771359899269674187e+00 -2.090499166847325174e+00 0.000000000000000000e+00
-3.864205151606702415e+00 -2.231000132924736867e+00 0.000000000000000000e+00
-3.517384057589823421e+00 -2.284216154297679324e+00 0.000000000000000000e+00
-3.388276361515493829e+00 -2.285421498305715726e+00 0.000000000000000000e+00
-3.239746164814164775e+00 -2.268494916037240738e+00 0.000000000000000000e+00
-2.789490463489092242e+00 -2.026683655243112447e+00 0.000000000000000000e+00
-2.714561945588875425e+00 -2.045569349548671312e+00 0.000000000000000000e+00
-2.839202582064687785e+00 -2.218228383635778567e+00 0.000000000000000000e+00
-2.732445121678910294e+00 -2.212690643769528620e+00 0.000000000000000000e+00
-2.629064365486485144e+00 -2.206047149395377271e+00 0.000000000000000000e+00
-2.483589908212877617e+00 -2.236234607284759868e+00 0.000000000000000000e+00
-2.390063711036414684e+00 -2.228770674983733269e+00 0.000000000000000000e+00
-2.290377832789207257e+00 -2.211792368247024854e+00 0.000000000000000000e+00
-2.204758863477442432e+00 -2.204759067160236619e+00 0.000000000000000000e+00
-2.126349246085858624e+00 -2.201899304974468841e+00 0.000000000000000000e+00
-2.049405049114423782e+00 -2.197718051173588538e+00 0.000000000000000000e+00
-1.969920408777765530e+00 -2.187818460652585451e+00 0.000000000000000000e+00
-1.859584381617767290e+00 -2.216166572377637589e+00 0.000000000000000000e+00
-1.788528455935544104e+00 -2.208648909554050910e+00 0.000000000000000000e+00
-1.728161613013592834e+00 -2.211946201941674683e+00 0.000000000000000000e+00
-1.662213044947170149e+00 -2.205831420757260020e+00 0.000000000000000000e+00
-1.611119239804612358e+00 -2.217515603119986967e+00 0.000000000000000000e+00
-1.608881839226061539e+00 -2.297721611056585900e+00 0.000000000000000000e+00
-1.613830566593892124e+00 -2.392602438544887633e+00 0.000000000000000000e+00
2.179126197695735456e+00 -3.626674725226480600e+00 0.000000000000000000e+00
2.222127343281457446e+00 -3.421775774021773131e+00 0.000000000000000000e+00
2.195950673137667231e+00 -3.255630507393893147e+00 0.000000000000000000e+00
2.156647504167312768e+00 -3.080011602421749650e+00 0.000000000000000000e+00
2.137203242260433012e+00 -2.373604503244785224e+00 0.000000000000000000e+00
2.125789036736223103e+00 -2.279629490372132139e+00 0.000000000000000000e+00
2.124960040998935984e+00 -2.200460387625978953e+00 0.000000000000000000e+00
2.118492024928621209e+00 -2.118491880770923430e+00 0.000000000000000000e+00
2.111262341925533637e+00 -2.038822206001058568e+00 0.000000000000000000e+00
2.119463095398300023e+00 -1.976431177223141100e+00 0.000000000000000000e+00
2.236959250813232547e+00 -1.944558878268735524e+00 0.000000000000000000e+00
2.340265890352803524e+00 -1.963716112460686558e+00 0.000000000000000000e+00
2.417701198549742525e+00 -1.957815694668904705e+00 0.000000000000000000e+00
2.538970622051253567e+00 -1.983661117885929359e+00 0.000000000000000000e+00
2.641087634833433118e+00 -1.990202147498236540e+00 0.000000000000000000e+00
2.764411180419786174e+00 -2.008462148903952915e+00 0.000000000000000000e+00
2.854744853722505304e+00 -1.998913727243570637e+00 0.000000000000000000e+00
2.994053934577626475e+00 -1.944361221633936543e+00 0.000000000000000000e+00
3.123361275523633296e+00 -1.951692595886393988e+00 0.000000000000000000e+00
3.252950034363199183e+00 -1.954569429057845031e+00 0.000000000000000000e+00
3.317743460821062307e+00 -1.915499938669283919e+00 0.000000000000000000e+00
3.371659047249749630e+00 -1.868940987874011972e+00 0.000000000000000000e+00
3.433783192660714523e+00 -1.825774770082374099e+00 0.000000000000000000e+00
3.480271449426628028e+00 -1.773286736147001497e+00 0.000000000000000000e+00
3.550007703799702430e+00 -1.655395643429590669e+00 0.000000000000000000e+00
3.600282684617004847e+00 -1.602948991882521490e+00 0.000000000000000000e+00
3.728965319337092854e+00 -1.582851731934554529e+00 0.000000000000000000e+00
3.751385925969309199e+00 -1.515658162419190047e+00 0.000000000000000000e+00
3.822078183029254728e+00 -1.467158218584868168e+00 0.000000000000000000e+00
3.870593908756300827e+00 -1.408780837397494157e+00 0.000000000000000000e+00
3.956049776292948739e+00 -1.362177042523495141e+00 0.000000000000000000e+00
4.043256702454995910e+00 -1.236147493265760566e+00 0.000000000000000000e+00
4.090168661530976024e+00 -1.172836857419705003e+00 0.000000000000000000e+00
4.150583242567670084e+00 -1.112145294650524585e+00 0.000000000000000000e+00
4.191677735252598680e+00 -1.045102505471103393e+00 0.000000000000000000e+00
1.084473923922861349e+00 -2.503704992164162424e-01 0.000000000000000000e+00
1.040749063981609268e+00 -2.212180104444771978e-01 0.000000000000000000e+00
1.033653403870618215e+00 -2.009218366191645733e-01 0.000000000000000000e+00
1.038060449817248543e+00 -1.644125923419130220e-01 0.000000000000000000e+00
1.036810722254077222e+00 -1.457142136500884644e-01 0.000000000000000000e+00
1.041180941375279279e+00 -1.278409141781847724e-01 0.000000000000000000e+00
1.037286322931520566e+00 -1.090231555709233469e-01 0.000000000000000000e+00
1.039031055610137866e+00 -9.090340845710476181e-02 0.000000000000000000e+00
1.040459289368800055e+00 -7.275597128489802445e-02 0.000000000000000000e+00
1.045362809904152535e+00 -3.650484419418226212e-02 0.000000000000000000e+00
1.045840693460214244e+00 -1.825518783812554030e-02 0.000000000000000000e+00
1.046000003814696822e+00 2.922490249801512288e-08 0.000000000000000000e+00
1.046840586857719968e+00 1.827269952881885318e-02 0.000000000000000000e+00
1.051359194756712467e+00 3.671430121895308263e-02 0.000000000000000000e+00
5.133464501472048802e+00 3.589669481520448291e-01 0.000000000000000000e+00
5.136379987915944412e+00 4.493751616125619130e-01 0.000000000000000000e+00
5.122530448253438173e+00 6.289677921590807186e-01 0.000000000000000000e+00
5.215742094808001106e+00 7.330248904484544248e-01 0.000000000000000000e+00
8.524496005352526495e+00 1.503098876378480275e+00 0.000000000000000000e+00
3.339019765080822655e+00 1.628548854249572075e+00 0.000000000000000000e+00
3.723207825199121856e+00 2.511335514522532897e+00 0.000000000000000000e+00
3.737658358772694367e+00 2.715567884561632450e+00 0.000000000000000000e+00
3.705668595939504595e+00 2.792421712072532092e+00 0.000000000000000000e+00
1.845228594440475378e+00 1.661451363467793652e+00 0.000000000000000000e+00
4.539753290231228533e+00 4.383988985702981900e+00 0.000000000000000000e+00
4.393961601406618733e+00 4.393961793472792365e+00 0.000000000000000000e+00
3.967275204224482987e+00 4.406105681647220607e+00 0.000000000000000000e+00
3.856971059492984910e+00 4.436937845411057957e+00 0.000000000000000000e+00
3.751308373375579652e+00 4.470635423193883184e+00 0.000000000000000000e+00
3.563212074355508019e+00 4.400200648090477173e+00 0.000000000000000000e+00
3.452629339099440031e+00 4.419164222105385065e+00 0.000000000000000000e+00
3.301557162726153294e+00 4.381314525451165842e+00 0.000000000000000000e+00
3.144063211745673492e+00 4.327431949284667567e+00 0.000000000000000000e+00
2.482000027295268030e+00 4.298950348512168063e+00 0.000000000000000000e+00
2.378475979008751739e+00 4.290884450174756282e+00 0.000000000000000000e+00
2.279284362443466438e+00 4.286710624747631648e+00 0.000000000000000000e+00
2.180062317431673335e+00 4.278613412280977357e+00 0.000000000000000000e+00
2.000252066834097509e+00 4.289554614573626523e+00 0.000000000000000000e+00
1.911255356081198453e+00 4.292750033776095542e+00 0.000000000000000000e+00
1.828230830125196382e+00 4.307042152525718315e+00 0.000000000000000000e+00
1.726561786111094232e+00 4.273390609058619560e+00 0.000000000000000000e+00
1.644908863345312389e+00 4.285134330688466164e+00 0.000000000000000000e+00
1.033926841442083466e+00 2.840690813530650338e+00 0.000000000000000000e+00
1.298130308973047375e+00 4.245993194653428837e+00 0.000000000000000000e+00
1.223278564332176188e+00 4.266079622860532439e+00 0.000000000000000000e+00
1.138544947215031744e+00 4.249107892238821904e+00 0.000000000000000000e+00
8.971388843600012208e-01 4.220706968741358089e+00 0.000000000000000000e+00
8.231499577152987523e-01 4.234739810916651415e+00 0.000000000000000000e+00
2.143151948633409687e-01 1.353133034965899428e+00 0.000000000000000000e+00
1.846826858800065252e-01 1.314085752053622436e+00 0.000000000000000000e+00
1.622080703833753690e-01 1.321078901202873190e+00 0.000000000000000000e+00
1.417405682452732574e-01 1.348571639356650476e+00 0.000000000000000000e+00
1.221051746287490358e-01 1.395668796835973335e+00 0.000000000000000000e+00
7.641047452464960754e-02 1.457999160072487532e+00 0.000000000000000000e+00
5.018545193894805717e-02 1.437123973840992885e+00 0.000000000000000000e+00
2.488710888312012370e-02 1.425782812735362448e+00 0.000000000000000000e+00
-3.398804055389052675e-08 2.154999971389770064e+00 0.000000000000000000e+00
-2.932562792289910569e-01 4.193759259020335861e+00 0.000000000000000000e+00
-3.676229806890110585e-01 4.201949166398370572e+00 0.000000000000000000e+00
-4.406920722380699429e-01 4.192904383949459302e+00 0.000000000000000000e+00
-5.139230841216495538e-01 4.185567121424909054e+00 0.000000000000000000e+00
-6.618742740543904768e-01 4.178909306676255042e+00 0.000000000000000000e+00
-7.369629189994377771e-01 4.179524051832837372e+00 0.000000000000000000e+00
-8.111290851238193156e-01 4.172897074101832970e+00 0.000000000000000000e+00
-8.861197027005305316e-01 4.168865143878904611e+00 0.000000000000000000e+00
-9.578416243696526999e-01 4.148867622075202988e+00 0.000000000000000000e+00
-1.156743688446923324e+00 3.359427458583908788e+00 0.000000000000000000e+00
-1.196044476975898663e+00 3.286105059543210860e+00 0.000000000000000000e+00
-1.200279857402421380e+00 2.695872607815656963e+00 0.000000000000000000e+00
-1.179312631702575276e+00 2.217964413226148235e+00 0.000000000000000000e+00
-1.102000020454688700e+00 1.908719973726549446e+00 0.000000000000000000e+00
-1.194968023377775301e+00 1.912348540207345460e+00 0.000000000000000000e+00
-1.207312148409357633e+00 1.545289047929868209e+00 0.000000000000000000e+00
-3.522935625980857299e+00 4.350463093788571101e+00 0.000000000000000000e+00
-1.306929033027310671e+00 1.218731016798833444e+00 0.000000000000000000e+00
-1.981399896335829913e+00 1.336471081708215936e+00 0.000000000000000000e+00
-2.965539154985053827e+00 1.925843611166783376e+00 0.000000000000000000e+00
-6.926152925473662236e+00 1.221267597882447653e+00 0.000000000000000000e+00
-6.731842195967796094e+00 9.460986891421007128e-01 0.000000000000000000e+00
-6.604401903611735847e+00 8.109185572572343847e-01 0.000000000000000000e+00
-6.733907665612110627e+00 7.077621854855769001e-01 0.000000000000000000e+00
-6.750215299598233187e+00 5.905672859637594030e-01 0.000000000000000000e+00
-7.371877201805606461e+00 1.286765676289012006e-01 0.000000000000000000e+00
