-5.972888538979479023e+00 -1.378950290609950224e+00 0.000000000000000000e+00
-4.709913233525537812e+00 -1.807966565638569945e+00 0.000000000000000000e+00
-4.566380569630045905e+00 -1.844937769152016127e+00 0.000000000000000000e+00
-5.341778023401385411e+00 -2.490912318459463037e+00 0.000000000000000000e+00
-5.338911052431819293e+00 -2.720311380804655954e+00 0.000000000000000000e+00
-5.284451968746689765e+00 -2.929219892285789939e+00 0.000000000000000000e+00
-5.242917562655960317e+00 -3.027000203220420627e+00 0.000000000000000000e+00
-5.146432484946426911e+00 -3.092288945494184205e+00 0.000000000000000000e+00
-4.187482041321074711e+00 -2.719382918671443772e+00 0.000000000000000000e+00
-1.991799685132764841e+00 -1.447127322789908854e+00 0.000000000000000000e+00
-3.103143729702016351e+00 -2.512876486523848651e+00 0.000000000000000000e+00
-2.965357962146170312e+00 -2.488231009178414332e+00 0.000000000000000000e+00
-2.932046592856895728e+00 -2.548789458393097007e+00 0.000000000000000000e+00
-2.908668750395306368e+00 -2.618977351797235897e+00 0.000000000000000000e+00
-1.273950749301099750e+00 -1.230240052312834731e+00 0.000000000000000000e+00
-2.793221110801143769e+00 -2.892465399949970983e+00 0.000000000000000000e+00
-1.134163208477392271e+00 -1.216241248807693243e+00 0.000000000000000000e+00
-2.743638820267360945e+00 -3.156195710658533216e+00 0.000000000000000000e+00
-2.711277948904166291e+00 -3.231175534803496063e+00 0.000000000000000000e+00
-2.689085731417810710e+00 -3.320744631533750102e+00 0.000000000000000000e+00
-2.596229932514971139e+00 -3.445313811042819196e+00 0.000000000000000000e+00
-2.574499312939658058e+00 -3.543494643734583338e+00 0.000000000000000000e+00
-2.562221590163688223e+00 -3.798650088563269467e+00 0.000000000000000000e+00
6.225000412551370266e-01 -1.078201609399001892e+00 0.000000000000000000e+00
6.304066295841848078e-01 -1.049172733798412693e+00 0.000000000000000000e+00
6.533905114395279767e-01 -1.045643313149732689e+00 0.000000000000000000e+00
6.928400230779785396e-01 -1.027177496957713876e+00 0.000000000000000000e+00
7.083669428864987072e-01 -1.011652761356024666e+00 0.000000000000000000e+00
7.129835803680092399e-01 -9.813376368863467869e-01 0.000000000000000000e+00
8.369961831092377347e-01 -1.033604132932615993e+00 0.000000000000000000e+00
8.356238964979213479e-01 -9.958577105309636135e-01 0.000000000000000000e+00
8.718771955563366927e-01 -9.683176577348524550e-01 0.000000000000000000e+00
8.968279154880747228e-01 -9.617301287217352446e-01 0.000000000000000000e+00
9.197277156832885936e-01 -9.524058649175413116e-01 0.000000000000000000e+00
9.454018073789861587e-01 -9.454017430469300320e-01 0.000000000000000000e+00
9.725474405131239175e-01 -9.391780825774743713e-01 0.000000000000000000e+00
1.000491917625075278e+00 -9.329737436085726587e-01 0.000000000000000000e+00
1.027769336793854071e+00 -9.254076048909448682e-01 0.000000000000000000e+00
1.077824519986353868e+00 -9.044020959444621921e-01 0.000000000000000000e+00
1.105878715849474059e+00 -8.955228659311305073e-01 0.000000000000000000e+00
1.131583463155963143e+00 -8.840898346794168194e-01 0.000000000000000000e+00
1.171598328415800028e+00 -8.828626049606738135e-01 0.000000000000000000e+00
1.198154154021827678e+00 -8.705098879463546435e-01 0.000000000000000000e+00
1.230366377576573189e+00 -8.615117524320172748e-01 0.000000000000000000e+00
1.278134013233591881e+00 -8.300298744395648853e-01 0.000000000000000000e+00
1.317018697239430658e+00 -8.229645607087863191e-01 0.000000000000000000e+00
1.350895670733231579e+00 -8.116999498821562131e-01 0.000000000000000000e+00
1.390836777919579603e+00 -8.029999287963712762e-01 0.000000000000000000e+00
1.430877898680124716e+00 -7.931485111662401888e-01 0.000000000000000000e+00
1.467458871878790649e+00 -7.802616630358032435e-01 0.000000000000000000e+00
1.523455978992907411e+00 -7.430390688808631294e-01 0.000000000000000000e+00
1.567006161606514292e+00 -7.307069137833926975e-01 0.000000000000000000e+00
1.580433681089283393e+00 -7.036543509940373919e-01 0.000000000000000000e+00
1.591552887137356986e+00 -6.755740609351252868e-01 0.000000000000000000e+00
1.604028106119632202e+00 -6.480693641675471239e-01 0.000000000000000000e+00
1.621629209301046481e+00 -6.224850743470783376e-01 0.000000000000000000e+00
1.637884284974931770e+00 -5.961410700634829363e-01 0.000000000000000000e+00
1.660544742816945085e+00 -5.395436376563693681e-01 0.000000000000000000e+00
1.670664404048151086e+00 -5.107733114987508261e-01 0.000000000000000000e+00
1.690859283663656898e+00 -4.848460424731553253e-01 0.000000000000000000e+00
1.703893227447758063e+00 -4.565567595557083469e-01 0.000000000000000000e+00
1.714512522217813473e+00 -4.274759286864494578e-01 0.000000000000000000e+00
1.731455568674442169e+00 -3.997379609939789580e-01 0.000000000000000000e+00
1.745015368920312948e+00 -3.709144129620935981e-01 0.000000000000000000e+00
1.767729883523718737e+00 -3.116984196802026208e-01 0.000000000000000000e+00
1.783765145700525467e+00 -2.825205909592303777e-01 0.000000000000000000e+00
1.800307315706131783e+00 -2.530166395909771437e-01 0.000000000000000000e+00
1.820329640047371189e+00 -2.235083221768500716e-01 0.000000000000000000e+00
1.830914776019269663e+00 -1.924368441482179615e-01 0.000000000000000000e+00
1.833994404826536861e+00 -1.604536665096045200e-01 0.000000000000000000e+00
1.877415515884714559e+00 -1.312816279879583381e-01 0.000000000000000000e+00
1.894845037534557575e+00 -6.616939325941835481e-02 0.000000000000000000e+00
1.913708523794189542e+00 -3.340385279301036348e-02 0.000000000000000000e+00
1.927999973297118252e+00 5.386769696968939818e-08 0.000000000000000000e+00
1.948703157867573088e+00 3.401479434558286191e-02 0.000000000000000000e+00
1.977794417120073200e+00 6.906615773319320362e-02 0.000000000000000000e+00
1.997259066627102397e+00 1.046719674785754756e-01 0.000000000000000000e+00
2.026259931281642057e+00 1.772748290101093249e-01 0.000000000000000000e+00
2.042747868623109309e+00 2.147015086010486962e-01 0.000000000000000000e+00
2.078391734984364803e+00 2.551944735126972508e-01 0.000000000000000000e+00
2.096397595607189412e+00 2.946295253720615515e-01 0.000000000000000000e+00
2.104763886344900747e+00 3.333619078103379763e-01 0.000000000000000000e+00
2.117336752968492330e+00 3.733436548393557208e-01 0.000000000000000000e+00
2.164487853480434154e+00 4.207338775037854917e-01 0.000000000000000000e+00
2.191050622715524199e+00 4.657222470770785439e-01 0.000000000000000000e+00
2.208393080870689751e+00 5.506142974437524540e-01 0.000000000000000000e+00
2.234186385689837184e+00 5.986484998341556896e-01 0.000000000000000000e+00
2.267616292789048860e+00 6.502285718859543984e-01 0.000000000000000000e+00
2.296087722955543420e+00 7.019845286057857514e-01 0.000000000000000000e+00
2.323431124427638661e+00 7.549286006851559927e-01 0.000000000000000000e+00
2.359068717305701224e+00 8.122925679639482199e-01 0.000000000000000000e+00
2.377829259273693374e+00 9.127632025693748208e-01 0.000000000000000000e+00
2.424585764078561745e+00 9.795963058856140826e-01 0.000000000000000000e+00
2.451304497228245616e+00 1.040517097767625687e+00 0.000000000000000000e+00
2.500373879621808459e+00 1.113238249190183771e+00 0.000000000000000000e+00
2.536755489336102620e+00 1.182908587393183941e+00 0.000000000000000000e+00
2.583134123435829377e+00 1.259878770736347020e+00 0.000000000000000000e+00
2.622232237911454877e+00 1.336094139928284852e+00 0.000000000000000000e+00
2.638727586275534609e+00 1.462670668243782890e+00 0.000000000000000000e+00
2.687276726466886867e+00 1.551500026988783754e+00 0.000000000000000000e+00
2.735220804430782415e+00 1.643486554136488254e+00 0.000000000000000000e+00
2.798558635584768250e+00 1.748733612784233449e+00 0.000000000000000000e+00
2.810385089522169366e+00 1.825085510754042017e+00 0.000000000000000000e+00
2.913237933489108755e+00 1.965003896669172967e+00 0.000000000000000000e+00
2.972702678232705953e+00 2.081508926969235951e+00 0.000000000000000000e+00
2.594131398246340314e+00 2.026757669977842014e+00 0.000000000000000000e+00
2.573130315643914479e+00 2.083679941509883893e+00 0.000000000000000000e+00
2.566248762874524747e+00 2.153338488970832909e+00 0.000000000000000000e+00
2.536578895807962475e+00 2.205014493290233357e+00 0.000000000000000000e+00
2.533380599740628902e+00 2.281066239870533696e+00 0.000000000000000000e+00
2.508543193618317346e+00 2.339254476046935594e+00 0.000000000000000000e+00
2.457195943484568268e+00 2.457196050892020978e+00 0.000000000000000000e+00
5.038356896570266308e+00 5.217371524880222822e+00 0.000000000000000000e+00
1.583211227018672007e+00 4.349837346516414627e+00 0.000000000000000000e+00
5.352596759999989073e-01 3.808570957958888226e+00 0.000000000000000000e+00
4.794339335366162302e-01 3.904676583717242799e+00 0.000000000000000000e+00
2.934999416308176068e-01 5.600314237559284258e+00 0.000000000000000000e+00
1.938317121806717169e-01 5.550616557251819572e+00 0.000000000000000000e+00
9.619757808142255506e-02 5.511160581142794612e+00 0.000000000000000000e+00
-8.702831301385278777e-08 5.518000125885008877e+00 0.000000000000000000e+00
-9.562182212710057527e-02 5.478165611805467350e+00 0.000000000000000000e+00
-1.875150840793390894e-01 5.369727055537064864e+00 0.000000000000000000e+00
-4.638429452640248085e-01 5.301748202843497459e+00 0.000000000000000000e+00
-5.537918624650918220e-01 5.268976853005502115e+00 0.000000000000000000e+00
-6.431045967553836729e-01 5.237665983455607410e+00 0.000000000000000000e+00
-7.355298942195158673e-01 5.233566581391263739e+00 0.000000000000000000e+00
-8.153364900069368648e-01 5.147831513818207583e+00 0.000000000000000000e+00
-8.970665399778706695e-01 5.087516730180062119e+00 0.000000000000000000e+00
-1.393346852464855568e+00 4.859177688995309552e+00 0.000000000000000000e+00
-1.480278065357351958e+00 4.841771152841286785e+00 0.000000000000000000e+00
-1.566716278841769006e+00 4.821856679979051208e+00 0.000000000000000000e+00
-1.640538004392001037e+00 4.764468113246870473e+00 0.000000000000000000e+00
-2.156621116296039364e+00 4.624888759187236964e+00 0.000000000000000000e+00
-2.246652183751482568e+00 4.606319459747086675e+00 0.000000000000000000e+00
-2.333511163559913726e+00 4.579773387080761538e+00 0.000000000000000000e+00
-2.403224964376150741e+00 4.519808661989539900e+00 0.000000000000000000e+00
-2.538000158313205024e+00 4.395945104878285825e+00 0.000000000000000000e+00
-2.707555196267772857e+00 4.506128442277423929e+00 0.000000000000000000e+00
-2.115967677011842074e+00 3.386256049615044894e+00 0.000000000000000000e+00
-2.976024696508691392e+00 4.412137950018767185e+00 0.000000000000000000e+00
-3.070354806280358062e+00 4.384920993550229795e+00 0.000000000000000000e+00
-3.155819042258873441e+00 4.343612174438675311e+00 0.000000000000000000e+00
-4.210296008215878238e+00 4.065835516023717844e+00 0.000000000000000000e+00
-2.794616863394551398e+00 2.263036073801038661e+00 0.000000000000000000e+00
-2.368987693100359948e+00 1.658783011205757996e+00 0.000000000000000000e+00
-2.347834432693899576e+00 1.583634292974839042e+00 0.000000000000000000e+00
-2.336536225731463468e+00 1.517364339978632737e+00 0.000000000000000000e+00
-8.887543905744591521e-01 5.553553702449368634e-01 0.000000000000000000e+00
-8.794536742584405653e-01 5.284290697907164658e-01 0.000000000000000000e+00
-8.677574361300682826e-01 5.009999804786033906e-01 0.000000000000000000e+00
-8.606258191866829055e-01 4.770526730235736812e-01 0.000000000000000000e+00
-8.580392855399902041e-01 4.371928448083688967e-01 0.000000000000000000e+00
-8.484615877953300966e-01 4.138223590371233884e-01 0.000000000000000000e+00
-8.410536049079326837e-01 3.921897297365455892e-01 0.000000000000000000e+00
-8.331534603460873933e-01 3.709438129731931211e-01 0.000000000000000000e+00
-8.302953893976960931e-01 3.524394762358878941e-01 0.000000000000000000e+00
-8.251936194941201785e-01 3.333998573531326004e-01 0.000000000000000000e+00
-8.206172044884205707e-01 3.150054252681451783e-01 0.000000000000000000e+00
-8.476027553045285545e-01 3.085021673581412882e-01 0.000000000000000000e+00
-8.844825686920253505e-01 2.873858016390398729e-01 0.000000000000000000e+00
-9.113584427413191635e-01 2.786302318706617709e-01 0.000000000000000000e+00
-9.516490897199305632e-01 2.728809793994068644e-01 0.000000000000000000e+00
-9.978013726928816052e-01 2.673600659969110893e-01 0.000000000000000000e+00
