-7.259894264301983036e+00 -1.267223044045559799e-01 0.000000000000000000e+00
-3.974545556566173143e+00 -2.082973130048532129e-01 0.000000000000000000e+00
-4.011204940253894513e+00 -2.804909820576488300e-01 0.000000000000000000e+00
-3.976271884447712068e+00 -9.913961405003617333e-01 0.000000000000000000e+00
-3.064956623070050679e+00 -9.370514445081713495e-01 0.000000000000000000e+00
-3.012946978503447948e+00 -9.789659830465498036e-01 0.000000000000000000e+00
-2.984056477936055440e+00 -1.027493210883212438e+00 0.000000000000000000e+00
-2.953848445434308800e+00 -1.133876350692594848e+00 0.000000000000000000e+00
-3.817215948713389206e+00 -1.542255571869985742e+00 0.000000000000000000e+00
-3.789718497382346563e+00 -1.608640282559765655e+00 0.000000000000000000e+00
-3.796694964537450812e+00 -1.690397730634856321e+00 0.000000000000000000e+00
-3.821899857707279136e+00 -1.782181399859001258e+00 0.000000000000000000e+00
-3.819874605927026323e+00 -1.863077560112257780e+00 0.000000000000000000e+00
-2.949231471010163474e+00 -1.502708671567376753e+00 0.000000000000000000e+00
-3.777482210364275339e+00 -2.093892819689877172e+00 0.000000000000000000e+00
-3.751821042521715999e+00 -2.254321759626297439e+00 0.000000000000000000e+00
-3.588939328645654125e+00 -2.242618431612870999e+00 0.000000000000000000e+00
-3.445258419779543946e+00 -2.237377212536467930e+00 0.000000000000000000e+00
-3.304543708531461732e+00 -2.228943104921568441e+00 0.000000000000000000e+00
-2.983351613172950501e+00 -2.088965500055632418e+00 0.000000000000000000e+00
-2.677824710388835072e+00 -2.017885854451247241e+00 0.000000000000000000e+00
-2.866783025060688939e+00 -2.239776589414912422e+00 0.000000000000000000e+00
-2.769748016719683736e+00 -2.242897935468591619e+00 0.000000000000000000e+00
-2.665068582936283459e+00 -2.236258277853862886e+00 0.000000000000000000e+00
-2.535069352512541396e+00 -2.203702375576382266e+00 0.000000000000000000e+00
-2.445689435822646640e+00 -2.202108865465949972e+00 0.000000000000000000e+00
-2.356421439429642994e+00 -2.197398746256153057e+00 0.000000000000000000e+00
-2.230921771363163497e+00 -2.230921977462972272e+00 0.000000000000000000e+00
-2.146494202722919020e+00 -2.222760020164852079e+00 0.000000000000000000e+00
-2.059634932954991449e+00 -2.208688259521391029e+00 0.000000000000000000e+00
-1.980626519631606630e+00 -2.199708802446830536e+00 0.000000000000000000e+00
-1.907819551109400491e+00 -2.194695540623383678e+00 0.000000000000000000e+00
-1.830016150724028234e+00 -2.180928523726120449e+00 0.000000000000000000e+00
-1.779718009365253595e+00 -2.197768913127056578e+00 0.000000000000000000e+00
-1.717695393199071052e+00 -2.198550050220049457e+00 0.000000000000000000e+00
-1.614645975764503971e+00 -2.222369739192555205e+00 0.000000000000000000e+00
-1.595689580940778285e+00 -2.278881111883994670e+00 0.000000000000000000e+00
-1.594818053932164359e+00 -2.364415226641146894e+00 0.000000000000000000e+00
2.264107465488507387e+00 -3.768107294091766146e+00 0.000000000000000000e+00
2.185917090131895613e+00 -3.498198318430403742e+00 0.000000000000000000e+00
2.178011660051414111e+00 -3.353843584362442343e+00 0.000000000000000000e+00
2.163517433966362979e+00 -3.207546256599303369e+00 0.000000000000000000e+00
2.092980481507455082e+00 -2.989085677760860982e+00 0.000000000000000000e+00
2.144000918161774294e+00 -2.466390749131628368e+00 0.000000000000000000e+00
2.109099718707055704e+00 -2.342392380436666421e+00 0.000000000000000000e+00
2.105328942092960176e+00 -2.257688726581103644e+00 0.000000000000000000e+00
2.134755482797953352e+00 -2.134755337533571051e+00 0.000000000000000000e+00
2.133561975252091347e+00 -2.060356710126396873e+00 0.000000000000000000e+00
2.125313849868298188e+00 -1.981887093662492605e+00 0.000000000000000000e+00
2.193020427939488481e+00 -1.974604329048448292e+00 0.000000000000000000e+00
2.294317161866208821e+00 -1.994419346284174388e+00 0.000000000000000000e+00
2.373205789178619796e+00 -1.991355967544558458e+00 0.000000000000000000e+00
2.473655730031572908e+00 -2.003126777770772637e+00 0.000000000000000000e+00
2.608343666458698085e+00 -1.965527799204177972e+00 0.000000000000000000e+00
2.717488122646037674e+00 -1.974370554239263553e+00 0.000000000000000000e+00
2.839181116078591582e+00 -1.988015881580386557e+00 0.000000000000000000e+00
2.947228690457639466e+00 -1.987930713276259809e+00 0.000000000000000000e+00
3.038503453219103978e+00 -1.973227074506081147e+00 0.000000000000000000e+00
3.143714370393383195e+00 -1.964410620173867583e+00 0.000000000000000000e+00
3.267521844423206367e+00 -1.963325055233610561e+00 0.000000000000000000e+00
3.365536735882925790e+00 -1.865547335522562911e+00 0.000000000000000000e+00
3.421421980043017452e+00 -1.819202197249804476e+00 0.000000000000000000e+00
3.514129793060531970e+00 -1.790538422558933807e+00 0.000000000000000000e+00
3.507094377891504688e+00 -1.710524082716502026e+00 0.000000000000000000e+00
3.551820188023232294e+00 -1.656240818634197920e+00 0.000000000000000000e+00
3.590233759368750999e+00 -1.598474922480967120e+00 0.000000000000000000e+00
3.675575956369910191e+00 -1.560189293857895176e+00 0.000000000000000000e+00
3.819277644712297359e+00 -1.466083192745148089e+00 0.000000000000000000e+00
3.833945863875114490e+00 -1.395442041188493798e+00 0.000000000000000000e+00
3.904991866452772076e+00 -1.344596396031050078e+00 0.000000000000000000e+00
3.987779859804779559e+00 -1.295708086782376478e+00 0.000000000000000000e+00
4.033693435926167581e+00 -1.233223709589135408e+00 0.000000000000000000e+00
4.116122679875351409e+00 -1.180279051576323512e+00 0.000000000000000000e+00
4.177629048010069290e+00 -1.119392195508773780e+00 0.000000000000000000e+00
4.231689157187637385e+00 -9.769622887577389392e-01 0.000000000000000000e+00
1.046617990667596976e+00 -2.224654891402078616e-01 0.000000000000000000e+00
1.035616632972622186e+00 -2.013034496389657646e-01 0.000000000000000000e+00
1.034048099044292623e+00 -1.823305479810875263e-01 0.000000000000000000e+00
1.042011152333490953e+00 -1.650383220307586885e-01 0.000000000000000000e+00
1.038791232901021377e+00 -1.459925562109347374e-01 0.000000000000000000e+00
1.039195874622231841e+00 -1.275971786867541591e-01 0.000000000000000000e+00
1.039031055610137866e+00 -9.090340845710476181e-02 0.000000000000000000e+00
1.038464186950789792e+00 -7.261646019040508826e-02 0.000000000000000000e+00
1.039573355795116782e+00 -5.448170143111392277e-02 0.000000000000000000e+00
1.040365860529601338e+00 -3.633034701804784689e-02 0.000000000000000000e+00
1.041841354168198563e+00 -1.818537922342860005e-02 0.000000000000000000e+00
1.047000050544738325e+00 2.925284348087586419e-08 0.000000000000000000e+00
1.048840256501777368e+00 1.830760394790757056e-02 0.000000000000000000e+00
5.265142925410821739e+00 3.681748041653118975e-01 0.000000000000000000e+00
5.159292230306168570e+00 4.513797237071180968e-01 0.000000000000000000e+00
5.179470198412045256e+00 5.443843963488244064e-01 0.000000000000000000e+00
5.181090686151239133e+00 6.361580868602959571e-01 0.000000000000000000e+00
5.249411129689094402e+00 7.377567656364141246e-01 0.000000000000000000e+00
5.258391249989729843e+00 1.708555035900935604e+00 0.000000000000000000e+00
3.826008147349457822e+00 2.580675210838488276e+00 0.000000000000000000e+00
3.807418446245262267e+00 2.665983228863785026e+00 0.000000000000000000e+00
3.684105477146120133e+00 2.776172735797474811e+00 0.000000000000000000e+00
3.609877080727746712e+00 2.820345209185667557e+00 0.000000000000000000e+00
4.598739336458607774e+00 4.440951150921838675e+00 0.000000000000000000e+00
4.393961601406618733e+00 4.393961793472792365e+00 0.000000000000000000e+00
4.184059998230369004e+00 4.486855217141362928e+00 0.000000000000000000e+00
3.965937040039810402e+00 4.404619499692718598e+00 0.000000000000000000e+00
3.826136018101180980e+00 4.401466186431564509e+00 0.000000000000000000e+00
3.647176667988860199e+00 4.346536083858431709e+00 0.000000000000000000e+00
3.536151159004945477e+00 4.366783199232902035e+00 0.000000000000000000e+00
3.340675172588756681e+00 4.433225880115172046e+00 0.000000000000000000e+00
3.222238587539828725e+00 4.435031127823806152e+00 0.000000000000000000e+00
3.054868133081197978e+00 4.362804025509023909e+00 0.000000000000000000e+00
1.032635593277967612e+00 1.590119440912888704e+00 0.000000000000000000e+00
9.702821259366675166e-01 1.552776058491631250e+00 0.000000000000000000e+00
2.574675288264315132e+00 4.284979449734688473e+00 0.000000000000000000e+00
2.482499991038473741e+00 4.299816311156995141e+00 0.000000000000000000e+00
2.293368607308051033e+00 4.313199238058626150e+00 0.000000000000000000e+00
2.189596075998724078e+00 4.297324467900015321e+00 0.000000000000000000e+00
2.114702276646847512e+00 4.335782413845794991e+00 0.000000000000000000e+00
1.993490261980639389e+00 4.275053876545190867e+00 0.000000000000000000e+00
1.804396283025261560e+00 4.250891475404302788e+00 0.000000000000000000e+00
1.719818820585114816e+00 4.256701182831464259e+00 0.000000000000000000e+00
1.528487895964626864e+00 4.199486221484973747e+00 0.000000000000000000e+00
1.380996828047122982e+00 4.250271465856775066e+00 0.000000000000000000e+00
1.296960767573114071e+00 4.242167796855798478e+00 0.000000000000000000e+00
1.217214456662699229e+00 4.244931564753496644e+00 0.000000000000000000e+00
1.134403772669029475e+00 4.233652817329748075e+00 0.000000000000000000e+00
1.052602052573118341e+00 4.221756560759642340e+00 0.000000000000000000e+00
9.021287994285754896e-01 4.244182675424591267e+00 0.000000000000000000e+00
8.216235055405399779e-01 4.226886894527209115e+00 0.000000000000000000e+00
2.455385053377004412e-01 1.392518200774483406e+00 0.000000000000000000e+00
2.127508518726073383e-01 1.343256160952702283e+00 0.000000000000000000e+00
1.835692989495018301e-01 1.306163591430240745e+00 0.000000000000000000e+00
1.402771763703251351e-01 1.334648393498026664e+00 0.000000000000000000e+00
1.190547271151965042e-01 1.360802015604174908e+00 0.000000000000000000e+00
9.940294857042746013e-02 1.421528725674200633e+00 0.000000000000000000e+00
7.646280667146782006e-02 1.458997717228170954e+00 0.000000000000000000e+00
4.969686133966105118e-02 1.423132563252862859e+00 0.000000000000000000e+00
2.591680019085730591e-02 1.484773842022433676e+00 0.000000000000000000e+00
-3.760996906458184685e-02 2.154671753868062645e+00 0.000000000000000000e+00
-2.182410055148737704e-01 4.164285232762445332e+00 0.000000000000000000e+00
-3.674486818074067518e-01 4.199956921411703625e+00 0.000000000000000000e+00
-4.396467635319378231e-01 4.182958937383417286e+00 0.000000000000000000e+00
-5.145324448590905542e-01 4.190529965761975006e+00 0.000000000000000000e+00
-5.878672367170697521e-01 4.182892291063117440e+00 0.000000000000000000e+00
-6.635950777947232648e-01 4.189774032874768572e+00 0.000000000000000000e+00
-7.374839086192798154e-01 4.182478730542915635e+00 0.000000000000000000e+00
-8.105566995847039991e-01 4.169952406002466638e+00 0.000000000000000000e+00
-9.643652688425145003e-01 4.177124628915136917e+00 0.000000000000000000e+00
-1.036877247809587788e+00 4.158687250046504857e+00 0.000000000000000000e+00
-1.156743688446923324e+00 3.359427458583908788e+00 0.000000000000000000e+00
-1.020528085470988167e+00 2.092392588991624169e+00 0.000000000000000000e+00
-1.124534493740980690e+00 2.207023145084280991e+00 0.000000000000000000e+00
-1.085488802701041866e+00 1.958273583153863795e+00 0.000000000000000000e+00
-1.139264188646338605e+00 1.896053964404449843e+00 0.000000000000000000e+00
-2.835108163559189709e+00 4.203220603485668505e+00 0.000000000000000000e+00
-3.037660856996024616e+00 4.338229196144372857e+00 0.000000000000000000e+00
-2.094866606708444490e+00 2.883336457153368393e+00 0.000000000000000000e+00
-1.503806347964290691e+00 1.612634841297313049e+00 0.000000000000000000e+00
-2.935907348862646593e+00 2.935907291978088196e+00 0.000000000000000000e+00
-2.911025519793960736e+00 1.890442043165981856e+00 0.000000000000000000e+00
-2.812777059956759196e+00 1.559147756384815731e+00 0.000000000000000000e+00
-6.746898912815089133e+00 1.068603774892834091e+00 0.000000000000000000e+00
-6.715998110846434166e+00 9.438719482697499608e-01 0.000000000000000000e+00
-6.690753786120294144e+00 8.215212348353497784e-01 0.000000000000000000e+00
-6.727940492505332770e+00 7.071350103461268022e-01 0.000000000000000000e+00
-6.373115159892790871e+00 2.225540607224820167e-01 0.000000000000000000e+00
-7.343999862670897549e+00 -2.646592873337033764e-08 0.000000000000000000e+00
