-7.365878066494475185e+00 -1.285722640808875106e-01 0.000000000000000000e+00
-7.355516606935533552e+00 -2.568606829151565685e-01 0.000000000000000000e+00
-4.569728951944894035e+00 -2.394895839797521742e-01 0.000000000000000000e+00
-3.970304924697944937e+00 -2.776309722350803200e-01 0.000000000000000000e+00
-3.088864332804155843e+00 -9.443607662038190353e-01 0.000000000000000000e+00
-3.026261711468069215e+00 -9.832922027705316426e-01 0.000000000000000000e+00
-2.985947603423130925e+00 -1.028144377713755331e+00 0.000000000000000000e+00
-2.970368333257358273e+00 -1.081125824864854534e+00 0.000000000000000000e+00
-3.766220554773935358e+00 -1.521652092397115741e+00 0.000000000000000000e+00
-3.782991469331015821e+00 -1.684296540674881326e+00 0.000000000000000000e+00
-3.768427685662144366e+00 -1.757246913353102125e+00 0.000000000000000000e+00
-3.802797471452690647e+00 -1.854748484079032256e+00 0.000000000000000000e+00
-3.745791331484048303e+00 -1.908576241313136412e+00 0.000000000000000000e+00
-3.820514260420357910e+00 -2.031403703694353968e+00 0.000000000000000000e+00
-3.773983985196597057e+00 -2.091953721594282722e+00 0.000000000000000000e+00
-3.902310397153747612e+00 -2.253000209148753985e+00 0.000000000000000000e+00
-3.599963963270507605e+00 -2.249507388640969996e+00 0.000000000000000000e+00
-3.520738896521876882e+00 -2.286394812402166909e+00 0.000000000000000000e+00
-3.384131078910209034e+00 -2.282625469596170742e+00 0.000000000000000000e+00
-3.239746164814164775e+00 -2.268494916037240738e+00 0.000000000000000000e+00
-2.761174993107470499e+00 -2.006111259759395971e+00 0.000000000000000000e+00
-2.696992095995490502e+00 -2.032329516925654112e+00 0.000000000000000000e+00
-2.832110623820445205e+00 -2.212687538057405590e+00 0.000000000000000000e+00
-2.730890757183032758e+00 -2.211431944098033675e+00 0.000000000000000000e+00
-2.631362514797715768e+00 -2.207975525818366425e+00 0.000000000000000000e+00
-2.485076267255847071e+00 -2.237572931103740004e+00 0.000000000000000000e+00
-2.374705350925268021e+00 -2.214448771147655037e+00 0.000000000000000000e+00
-2.290377832789207257e+00 -2.211792368247024854e+00 0.000000000000000000e+00
-2.203344583894138342e+00 -2.203344787446277042e+00 0.000000000000000000e+00
-2.127043854074873508e+00 -2.202618592669590925e+00 0.000000000000000000e+00
-2.048040988721848255e+00 -2.196255275355333048e+00 0.000000000000000000e+00
-1.971258732459430840e+00 -2.189304819819193781e+00 0.000000000000000000e+00
-1.896666574480262657e+00 -2.181865507479834321e+00 0.000000000000000000e+00
-1.789787155463442136e+00 -2.210203274166211429e+00 0.000000000000000000e+00
-1.728777376615712180e+00 -2.212734343485118771e+00 0.000000000000000000e+00
-1.673045646991041968e+00 -2.220206770553465603e+00 0.000000000000000000e+00
-1.611707122557205052e+00 -2.218324754388540931e+00 0.000000000000000000e+00
-1.608881839226061539e+00 -2.297721611056585900e+00 0.000000000000000000e+00
-1.627810441582906886e+00 -2.413328457546910055e+00 0.000000000000000000e+00
2.207453205096890692e+00 -3.673818778605172142e+00 0.000000000000000000e+00
2.165780100336466063e+00 -3.465972400915677376e+00 0.000000000000000000e+00
2.247396427231743932e+00 -3.331901968567128947e+00 0.000000000000000000e+00
2.192209265803911400e+00 -3.130799057595408552e+00 0.000000000000000000e+00
2.124975333200552541e+00 -2.444504318791194120e+00 0.000000000000000000e+00
2.144202959314074342e+00 -2.299376003415753100e+00 0.000000000000000000e+00
2.138853195649994987e+00 -2.214847169437859975e+00 0.000000000000000000e+00
2.140412264410155974e+00 -2.140412118760844695e+00 0.000000000000000000e+00
2.120613767868158472e+00 -2.047852772449854086e+00 0.000000000000000000e+00
2.142134986929938201e+00 -1.997573056676970493e+00 0.000000000000000000e+00
2.204167678618069726e+00 -1.984641357963676356e+00 0.000000000000000000e+00
2.299600106049625836e+00 -1.999011739288887313e+00 0.000000000000000000e+00
2.413815379700651409e+00 -1.954669020822709991e+00 0.000000000000000000e+00
2.512178318862709148e+00 -1.962728677930878129e+00 0.000000000000000000e+00
2.626712285169038097e+00 -1.979369545279445974e+00 0.000000000000000000e+00
2.729623462720175198e+00 -1.983187394286655136e+00 0.000000000000000000e+00
2.850649194963918998e+00 -1.996045916306292467e+00 0.000000000000000000e+00
2.967125534128863151e+00 -2.001351302848879410e+00 0.000000000000000000e+00
3.061147717394181456e+00 -1.987932430560619412e+00 0.000000000000000000e+00
3.256378659489445493e+00 -1.956629554723676945e+00 0.000000000000000000e+00
3.302154894245362904e+00 -1.906499876225545620e+00 0.000000000000000000e+00
3.357665103328898670e+00 -1.861184018676007801e+00 0.000000000000000000e+00
3.430251447700102929e+00 -1.823896908120316462e+00 0.000000000000000000e+00
3.453541278762630728e+00 -1.759667034987995260e+00 0.000000000000000000e+00
3.525070241950130079e+00 -1.719291496725589230e+00 0.000000000000000000e+00
3.571759027046389257e+00 -1.665538451205149650e+00 0.000000000000000000e+00
3.599174103442396078e+00 -1.527758634178061126e+00 0.000000000000000000e+00
3.651250031287669451e+00 -1.475200638421266586e+00 0.000000000000000000e+00
3.768864393680314784e+00 -1.446731360565060909e+00 0.000000000000000000e+00
3.869654284233249086e+00 -1.408438842072324837e+00 0.000000000000000000e+00
3.906882766562883802e+00 -1.345247485088405970e+00 0.000000000000000000e+00
3.991584263679147426e+00 -1.296944212405832131e+00 0.000000000000000000e+00
4.040387540095689012e+00 -1.235270302397301512e+00 0.000000000000000000e+00
4.111946246053006071e+00 -1.101792543877447628e+00 0.000000000000000000e+00
4.166450023973470529e+00 -1.038812531400964190e+00 0.000000000000000000e+00
1.043683527324603011e+00 -2.218417497923425297e-01 0.000000000000000000e+00
1.035616632972622186e+00 -2.013034496389657646e-01 0.000000000000000000e+00
1.033063362664319751e+00 -1.821569124181545152e-01 0.000000000000000000e+00
1.042011152333490953e+00 -1.650383220307586885e-01 0.000000000000000000e+00
1.041180941375279279e+00 -1.278409141781847724e-01 0.000000000000000000e+00
1.041264477864964233e+00 -1.094412763873323924e-01 0.000000000000000000e+00
1.039031055610137866e+00 -9.090340845710476181e-02 0.000000000000000000e+00
1.040459289368800055e+00 -7.275597128489802445e-02 0.000000000000000000e+00
1.040572031997354596e+00 -5.453403980471051987e-02 0.000000000000000000e+00
1.045362809904152535e+00 -3.650484419418226212e-02 0.000000000000000000e+00
1.049840032752230146e+00 -1.832499645282248055e-02 0.000000000000000000e+00
1.047840362084182075e+00 1.829015069811706917e-02 0.000000000000000000e+00
1.049360319701456046e+00 3.664449890853078984e-02 0.000000000000000000e+00
5.180349943247144928e+00 3.622454989128303104e-01 0.000000000000000000e+00
5.168258282781922119e+00 4.521641519016437183e-01 0.000000000000000000e+00
5.146650983546070535e+00 5.409349569681453085e-01 0.000000000000000000e+00
5.157269885278108035e+00 6.332332596320375817e-01 0.000000000000000000e+00
5.159683846824302478e+00 8.172137796712820590e-01 0.000000000000000000e+00
3.767280171717112047e+00 2.637878105080213142e+00 0.000000000000000000e+00
3.765164871311093453e+00 2.735552536687541725e+00 0.000000000000000000e+00
3.699279594226479784e+00 2.787607253725806977e+00 0.000000000000000000e+00
3.598844978470148614e+00 2.811725985856547538e+00 0.000000000000000000e+00
4.819620905823212453e+00 4.494369403515943162e+00 0.000000000000000000e+00
4.082442130462085039e+00 4.377883390651364337e+00 0.000000000000000000e+00
3.942517571476393812e+00 4.378609543693561257e+00 0.000000000000000000e+00
3.748737102851768199e+00 4.467571102177794629e+00 0.000000000000000000e+00
3.566358448165646511e+00 4.404086096329201006e+00 0.000000000000000000e+00
3.305168078018682731e+00 4.386106372098542927e+00 0.000000000000000000e+00
3.198139457904882299e+00 4.401861520055546428e+00 0.000000000000000000e+00
2.971125754836049015e+00 4.243207509719279180e+00 0.000000000000000000e+00
1.012483916887548130e+00 1.559088579102602568e+00 0.000000000000000000e+00
2.496499929522523420e+00 4.324064917024554866e+00 0.000000000000000000e+00
2.374597320943185874e+00 4.283887165473138303e+00 0.000000000000000000e+00
2.280692674999186043e+00 4.289359275567618646e+00 0.000000000000000000e+00
2.080070959092224836e+00 4.264777686948857394e+00 0.000000000000000000e+00
1.989686771940579524e+00 4.266897265424350216e+00 0.000000000000000000e+00
1.836827036792306966e+00 4.327293547402662810e+00 0.000000000000000000e+00
1.738549042211054996e+00 4.303060110641493630e+00 0.000000000000000000e+00
1.641325101999696834e+00 4.275798312677195234e+00 0.000000000000000000e+00
9.838669345820595380e-01 2.857357223839661842e+00 0.000000000000000000e+00
1.376979603808915709e+00 4.237907720187824800e+00 0.000000000000000000e+00
1.293744772697245971e+00 4.231648750915195656e+00 0.000000000000000000e+00
1.140874273049668597e+00 4.257801055220012287e+00 0.000000000000000000e+00
9.315221989710440464e-01 4.034866253890551313e+00 0.000000000000000000e+00
9.008813206614318947e-01 4.238313748753783194e+00 0.000000000000000000e+00
8.216235055405399779e-01 4.226886894527209115e+00 0.000000000000000000e+00
2.171310159763493730e-01 1.370911431737979580e+00 0.000000000000000000e+00
1.873269653230712484e-01 1.332900780241144556e+00 0.000000000000000000e+00
1.613549888148505251e-01 1.314131108417226690e+00 0.000000000000000000e+00
1.405907639037460022e-01 1.337631980055231429e+00 0.000000000000000000e+00
1.201005927561743514e-01 1.372756316846801994e+00 0.000000000000000000e+00
1.010771069425119018e-01 1.445470311426658050e+00 0.000000000000000000e+00
5.056934752434662922e-02 1.448117310115002665e+00 0.000000000000000000e+00
2.488710888312012370e-02 1.425782812735362448e+00 0.000000000000000000e+00
-2.320018878306900575e-08 1.470999956130981223e+00 0.000000000000000000e+00
-2.945119048111702331e-01 4.211715537484248095e+00 0.000000000000000000e+00
-3.670128930442921877e-01 4.194975833922387487e+00 0.000000000000000000e+00
-4.407965931400706361e-01 4.193898833761064537e+00 0.000000000000000000e+00
-5.142886656970111492e-01 4.188544544057417163e+00 0.000000000000000000e+00
-5.887022812500494195e-01 4.188833941016602225e+00 0.000000000000000000e+00
-7.367892833934606145e-01 4.178539315460453984e+00 0.000000000000000000e+00
-8.151360568521036631e-01 4.193511155026343751e+00 0.000000000000000000e+00
-8.852880170190086107e-01 4.164952370652225788e+00 0.000000000000000000e+00
-9.605410560642833051e-01 4.160560144587186038e+00 0.000000000000000000e+00
-1.159348277871461219e+00 3.366991735198098024e+00 0.000000000000000000e+00
-1.213829540723814882e+00 3.334969118607382210e+00 0.000000000000000000e+00
-1.245427650879344927e+00 2.797276208806812381e+00 0.000000000000000000e+00
-1.169453659712486937e+00 2.199422384219437365e+00 0.000000000000000000e+00
-1.226083577084324805e+00 2.211913263194016821e+00 0.000000000000000000e+00
-1.084499977184229635e+00 1.878409010467563034e+00 0.000000000000000000e+00
-1.197087673183531153e+00 1.915740688894580046e+00 0.000000000000000000e+00
-2.948182852745782068e+00 4.210441365729688634e+00 0.000000000000000000e+00
-3.050605538817185547e+00 4.198798213832890980e+00 0.000000000000000000e+00
-3.505944006410881553e+00 4.329480191547122381e+00 0.000000000000000000e+00
-1.917523890338367343e+00 1.444957867860053646e+00 0.000000000000000000e+00
-2.922766856618305376e+00 1.898066956319365950e+00 0.000000000000000000e+00
-7.056147518930919738e+00 1.244189151390940662e+00 0.000000000000000000e+00
-6.733071336319912170e+00 1.066413701996929309e+00 0.000000000000000000e+00
-6.731448068558694153e+00 8.265178642478510085e-01 0.000000000000000000e+00
-6.731918765984849173e+00 7.075531437201112439e-01 0.000000000000000000e+00
-6.750215299598233187e+00 5.905672859637594030e-01 0.000000000000000000e+00
-7.065746352697527044e+00 4.940850870181155985e-01 0.000000000000000000e+00
-7.373876752259631573e+00 1.287114699044249466e-01 0.000000000000000000e+00
