-7.365878066494475185e+00 -1.285722640808875106e-01 0.000000000000000000e+00
-7.386497383215624879e+00 -2.579425570754355079e-01 0.000000000000000000e+00
-4.493832894179577764e+00 -2.355120361883929481e-01 0.000000000000000000e+00
-3.966314719884306061e+00 -2.773519497260190092e-01 0.000000000000000000e+00
-3.107759056814312526e+00 -8.911357381341306061e-01 0.000000000000000000e+00
-3.025310723899036436e+00 -9.829832081260769794e-01 0.000000000000000000e+00
-2.988784178939149161e+00 -1.029121089148815615e+00 0.000000000000000000e+00
-2.966609611234710453e+00 -1.079757761718720621e+00 0.000000000000000000e+00
-2.996793147799551082e+00 -1.150361279861775943e+00 0.000000000000000000e+00
-3.727279003430240767e+00 -1.505918682146297538e+00 0.000000000000000000e+00
-3.800764632645087460e+00 -1.613329089436192687e+00 0.000000000000000000e+00
-3.775678054446300447e+00 -1.760627816273199420e+00 0.000000000000000000e+00
-3.809089002198141838e+00 -1.857817069035307744e+00 0.000000000000000000e+00
-3.794796536148859367e+00 -1.933545643249065860e+00 0.000000000000000000e+00
-2.858101274290527183e+00 -1.519679581954634484e+00 0.000000000000000000e+00
-3.816840162858804675e+00 -2.115709291492147592e+00 0.000000000000000000e+00
-3.922228776061535527e+00 -2.264500091853595354e+00 0.000000000000000000e+00
-3.566890059395946722e+00 -2.228840517556673007e+00 0.000000000000000000e+00
-3.391592666662903266e+00 -2.287658374602146605e+00 0.000000000000000000e+00
-3.260225043360066355e+00 -2.282834382620168689e+00 0.000000000000000000e+00
-2.889808625973147027e+00 -2.099569073885537929e+00 0.000000000000000000e+00
-2.688206980789261014e+00 -2.025709457130253632e+00 0.000000000000000000e+00
-2.854962781526289461e+00 -2.230541602142385837e+00 0.000000000000000000e+00
-2.731668032073986119e+00 -2.212061368954622242e+00 0.000000000000000000e+00
-2.632128686327606548e+00 -2.208618420127707704e+00 0.000000000000000000e+00
-2.521484665550556947e+00 -2.191893386248371822e+00 0.000000000000000000e+00
-2.395914639437067617e+00 -2.234226754493492617e+00 0.000000000000000000e+00
-2.306203361197905810e+00 -2.227074904803541422e+00 0.000000000000000000e+00
-2.207587254056663451e+00 -2.207587458000753511e+00 0.000000000000000000e+00
-2.128433070052903275e+00 -2.204057168059834648e+00 0.000000000000000000e+00
-2.050768946905928036e+00 -2.199180652623526022e+00 0.000000000000000000e+00
-1.972596896607935690e+00 -2.190791001806261296e+00 0.000000000000000000e+00
-1.897322585924137384e+00 -2.182620162389221630e+00 0.000000000000000000e+00
-1.786011206921413352e+00 -2.205540365615772824e+00 0.000000000000000000e+00
-1.730008610249699652e+00 -2.214310250819186088e+00 0.000000000000000000e+00
-1.673647418359069938e+00 -2.221005348206157581e+00 0.000000000000000000e+00
-1.611707122557205052e+00 -2.218324754388540931e+00 0.000000000000000000e+00
-1.607161097993087928e+00 -2.295264137660067760e+00 0.000000000000000000e+00
-1.612152976262331450e+00 -2.390115308358326196e+00 0.000000000000000000e+00
2.240415710661755710e+00 -3.728677595840558912e+00 0.000000000000000000e+00
2.182207671241707114e+00 -3.492262007770410737e+00 0.000000000000000000e+00
2.195984745038188635e+00 -3.381519706065423403e+00 0.000000000000000000e+00
2.179017006007332391e+00 -3.111958559481037945e+00 0.000000000000000000e+00
2.113675843980587832e+00 -2.909225001794631282e+00 0.000000000000000000e+00
2.116446557976556342e+00 -2.434693085906125098e+00 0.000000000000000000e+00
2.107761554439336216e+00 -2.340906198556939710e+00 0.000000000000000000e+00
2.143021175169206316e+00 -2.219163238282217954e+00 0.000000000000000000e+00
2.131927091991852041e+00 -2.131926946919934007e+00 0.000000000000000000e+00
2.122052514745477403e+00 -2.049242154064844001e+00 0.000000000000000000e+00
2.119463095398300023e+00 -1.976431177223141100e+00 0.000000000000000000e+00
2.198965687361244647e+00 -1.979957464314290760e+00 0.000000000000000000e+00
2.283751273499373902e+00 -1.985234560274748761e+00 0.000000000000000000e+00
2.392356791208940958e+00 -2.007425565196575779e+00 0.000000000000000000e+00
2.530302568167056343e+00 -1.976888892438148693e+00 0.000000000000000000e+00
2.621121860832353878e+00 -1.975156858667478588e+00 0.000000000000000000e+00
2.729623462720175198e+00 -1.983187394286655136e+00 0.000000000000000000e+00
2.839181116078591582e+00 -1.988015881580386557e+00 0.000000000000000000e+00
2.945570537794219401e+00 -1.986812275261053751e+00 0.000000000000000000e+00
3.040180872772511478e+00 -1.974316403423770128e+00 0.000000000000000000e+00
3.225126952062808972e+00 -2.015282843666353685e+00 0.000000000000000000e+00
3.312547271962495543e+00 -1.912499917854704412e+00 0.000000000000000000e+00
3.386527547501406499e+00 -1.877182731525762094e+00 0.000000000000000000e+00
3.434666286784203049e+00 -1.826244319520940573e+00 0.000000000000000000e+00
3.457105471463840729e+00 -1.761483081734339873e+00 0.000000000000000000e+00
3.516082309920817384e+00 -1.714907789721045628e+00 0.000000000000000000e+00
3.571759027046389257e+00 -1.665538451205149650e+00 0.000000000000000000e+00
3.617584183196846048e+00 -1.535573248723622219e+00 0.000000000000000000e+00
3.699463634770443488e+00 -1.494680196936544414e+00 0.000000000000000000e+00
3.812742610140219757e+00 -1.463574628235993824e+00 0.000000000000000000e+00
3.856498644749802640e+00 -1.403650581344155324e+00 0.000000000000000000e+00
3.950376625104218498e+00 -1.360223620108447884e+00 0.000000000000000000e+00
4.001094593116429898e+00 -1.300034305438313220e+00 0.000000000000000000e+00
4.049950806624517341e+00 -1.238194086073926670e+00 0.000000000000000000e+00
4.084401050969415081e+00 -1.171183021892220788e+00 0.000000000000000000e+00
4.170330925602222294e+00 -1.039780148730317766e+00 0.000000000000000000e+00
4.125483083299686271e+00 -9.524426879148205627e-01 0.000000000000000000e+00
1.044661604036080105e+00 -2.220496463849633006e-01 0.000000000000000000e+00
1.039543208195709889e+00 -2.020666984247694031e-01 0.000000000000000000e+00
1.037002542980677733e+00 -1.828514960708314541e-01 0.000000000000000000e+00
1.036085098559127227e+00 -1.640997274974901887e-01 0.000000000000000000e+00
1.038791232901021377e+00 -1.459925562109347374e-01 0.000000000000000000e+00
1.038280891303943854e+00 -1.091276888902157211e-01 0.000000000000000000e+00
1.039031055610137866e+00 -9.090340845710476181e-02 0.000000000000000000e+00
1.039461797619245953e+00 -7.268621989545970274e-02 0.000000000000000000e+00
1.039573355795116782e+00 -5.448170143111392277e-02 0.000000000000000000e+00
1.042364616452087667e+00 -3.640014505643344306e-02 0.000000000000000000e+00
1.048840257524792818e+00 -1.830754533939105838e-02 0.000000000000000000e+00
1.046840586857719968e+00 1.827269952881885318e-02 0.000000000000000000e+00
1.048361001310498253e+00 3.660960191366714744e-02 0.000000000000000000e+00
5.147430337262451694e+00 3.599435349095135295e-01 0.000000000000000000e+00
5.140364477885036365e+00 4.497237594242535774e-01 0.000000000000000000e+00
5.122782291198091364e+00 5.384262556574448411e-01 0.000000000000000000e+00
5.116575602997318839e+00 6.282366289358992661e-01 0.000000000000000000e+00
5.143452099196999860e+00 7.228651921447321049e-01 0.000000000000000000e+00
3.957220768094572350e+00 1.598821086649615975e+00 0.000000000000000000e+00
3.794312182489739005e+00 2.656806123731107139e+00 0.000000000000000000e+00
3.761929037935610065e+00 2.733201566012645412e+00 0.000000000000000000e+00
3.680911166699147863e+00 2.773765650107999470e+00 0.000000000000000000e+00
3.600420885720433617e+00 2.812957219597771008e+00 0.000000000000000000e+00
5.356867111827087413e+00 4.337905656152066136e+00 0.000000000000000000e+00
4.097445982166616929e+00 4.393973052445451444e+00 0.000000000000000000e+00
3.950546875650758682e+00 4.387526989779647835e+00 0.000000000000000000e+00
3.738452633766541133e+00 4.455314548670361141e+00 0.000000000000000000e+00
3.566988023011012920e+00 4.404863556549023507e+00 0.000000000000000000e+00
3.315398765541051507e+00 4.399682953583533340e+00 0.000000000000000000e+00
3.163460120035871626e+00 4.354129504327062250e+00 0.000000000000000000e+00
2.972846632880102646e+00 4.245665178374991022e+00 0.000000000000000000e+00
1.026099879353490785e+00 1.580055323581269544e+00 0.000000000000000000e+00
2.494999799874334734e+00 4.321466616136975247e+00 0.000000000000000000e+00
2.393504912105695492e+00 4.317997364451597875e+00 0.000000000000000000e+00
2.286795810463593259e+00 4.300837604498678246e+00 0.000000000000000000e+00
2.079194280378936277e+00 4.262980229127183662e+00 0.000000000000000000e+00
1.990109359553910329e+00 4.267803507530973484e+00 0.000000000000000000e+00
1.835654742103558945e+00 4.324531794041750921e+00 0.000000000000000000e+00
1.741920614287212343e+00 4.311405044812929965e+00 0.000000000000000000e+00
1.642041785915561380e+00 4.277665338213113344e+00 0.000000000000000000e+00
1.376979603808915709e+00 4.237907720187824800e+00 0.000000000000000000e+00
1.295206525180056634e+00 4.236429928160176495e+00 0.000000000000000000e+00
1.213079933385601272e+00 4.230512767582552236e+00 0.000000000000000000e+00
9.499682415207254538e-01 4.114764848560383825e+00 0.000000000000000000e+00
8.996338418942882997e-01 4.232444822082975122e+00 0.000000000000000000e+00
8.221958909867703724e-01 4.229831562644630338e+00 0.000000000000000000e+00
2.172874577347985170e-01 1.371899166235949652e+00 0.000000000000000000e+00
1.884403522535759434e-01 1.340822940864526247e+00 0.000000000000000000e+00
1.612331137930801683e-01 1.313138515881824953e+00 0.000000000000000000e+00
1.405907639037460022e-01 1.337631980055231429e+00 0.000000000000000000e+00
1.198391237484868338e-01 1.369767711847229563e+00 0.000000000000000000e+00
1.010771069425119018e-01 1.445470311426658050e+00 0.000000000000000000e+00
5.060424863587097144e-02 1.449116747644156433e+00 0.000000000000000000e+00
2.490456208920385078e-02 1.426782707153720686e+00 0.000000000000000000e+00
-2.313710274423359440e-08 1.467000007629394309e+00 0.000000000000000000e+00
-3.785430190837035108e-02 2.168669560570571697e+00 0.000000000000000000e+00
-2.942328658165239696e-01 4.207725094822620804e+00 0.000000000000000000e+00
-3.670128930442921877e-01 4.194975833922387487e+00 0.000000000000000000e+00
-4.407965931400706361e-01 4.193898833761064537e+00 0.000000000000000000e+00
-5.145324448590905542e-01 4.190529965761975006e+00 0.000000000000000000e+00
-5.896764888113734671e-01 4.195765787262899060e+00 0.000000000000000000e+00
-7.362682937736186872e-01 4.175584636750375722e+00 0.000000000000000000e+00
-8.151360568521036631e-01 4.193511155026343751e+00 0.000000000000000000e+00
-8.896541437819390774e-01 4.185493380653769968e+00 0.000000000000000000e+00
-9.600911865368542131e-01 4.158611545707139534e+00 0.000000000000000000e+00
-1.159022655679956548e+00 3.366046059728077910e+00 0.000000000000000000e+00
-1.215881676009183510e+00 3.340607313736352779e+00 0.000000000000000000e+00
-1.254375887534534106e+00 2.817374276718393578e+00 0.000000000000000000e+00
-1.172739946398934530e+00 2.205602990384638140e+00 0.000000000000000000e+00
-1.228022790639843764e+00 2.215411696958065946e+00 0.000000000000000000e+00
-1.099499963183497853e+00 1.904389747628175034e+00 0.000000000000000000e+00
-1.193378254437808206e+00 1.909804378144314585e+00 0.000000000000000000e+00
-2.953345213607949660e+00 4.217813980931846451e+00 0.000000000000000000e+00
-3.046491059927167289e+00 4.193135119606372641e+00 0.000000000000000000e+00
-3.513495904016060045e+00 4.338806008226003819e+00 0.000000000000000000e+00
-1.931100662108415911e+00 1.455188699031502608e+00 0.000000000000000000e+00
-2.931153554343500556e+00 1.903513341407792048e+00 0.000000000000000000e+00
-7.041375534108848200e+00 1.241584451983675841e+00 0.000000000000000000e+00
-6.668871537616231748e+00 1.056245453127540479e+00 0.000000000000000000e+00
-6.714574587085683888e+00 8.244460613122184256e-01 0.000000000000000000e+00
-6.725951592878071317e+00 7.069259685806612570e-01 0.000000000000000000e+00
-6.717340882149258618e+00 5.876911472587263985e-01 0.000000000000000000e+00
-7.381875430840265651e+00 1.288510873284741121e-01 0.000000000000000000e+00
