-6.088110916103936177e+00 -9.642623587304324229e-01 0.000000000000000000e+00
-5.868630601306151995e+00 -1.354880443581197191e+00 0.000000000000000000e+00
-4.581079126429811410e+00 -1.758511778131026215e+00 0.000000000000000000e+00
-5.363103953578798766e+00 -2.615760897742116953e+00 0.000000000000000000e+00
-5.349603205233416148e+00 -2.725759305421837642e+00 0.000000000000000000e+00
-5.298568304140167662e+00 -2.817299071178856362e+00 0.000000000000000000e+00
-5.287950610965531872e+00 -2.931159221556645988e+00 0.000000000000000000e+00
-5.193576537980436392e+00 -3.120615953468986348e+00 0.000000000000000000e+00
-4.049101433899649827e+00 -2.629517492053761618e+00 0.000000000000000000e+00
-3.161499093170149433e+00 -2.470034039701721973e+00 0.000000000000000000e+00
-3.027760479443487363e+00 -2.451832328227451896e+00 0.000000000000000000e+00
-2.932801247705678627e+00 -2.549445469906689077e+00 0.000000000000000000e+00
-2.904209850445923280e+00 -2.614962539873472380e+00 0.000000000000000000e+00
-2.903474090554816645e+00 -2.707533643861531836e+00 0.000000000000000000e+00
-2.816144830633171114e+00 -2.916203608928803703e+00 0.000000000000000000e+00
-1.143711224722743669e+00 -1.226480243614685994e+00 0.000000000000000000e+00
-2.702921703075392035e+00 -3.221216947895926719e+00 0.000000000000000000e+00
-2.672723687846792817e+00 -3.300539188577964467e+00 0.000000000000000000e+00
-2.648575541651396748e+00 -3.390022417923792108e+00 0.000000000000000000e+00
-2.611877135954688178e+00 -3.466078353289210767e+00 0.000000000000000000e+00
6.365870686789336652e-01 -1.059458710938896431e+00 0.000000000000000000e+00
6.523306233240718788e-01 -1.043947137736698449e+00 0.000000000000000000e+00
6.737185170611709184e-01 -1.037435458935260124e+00 0.000000000000000000e+00
6.956359850760917007e-01 -1.031322680768042899e+00 0.000000000000000000e+00
7.072198047249793618e-01 -1.010014478400542703e+00 0.000000000000000000e+00
8.510508310318668501e-01 -1.014242813888912131e+00 0.000000000000000000e+00
8.568131221760845184e-01 -9.856506778371769695e-01 0.000000000000000000e+00
8.758920074258440547e-01 -9.727765577330876878e-01 0.000000000000000000e+00
9.029658625805108141e-01 -9.683122706748914510e-01 0.000000000000000000e+00
9.259796021523717391e-01 -9.588798824320942105e-01 0.000000000000000000e+00
9.560083993424157711e-01 -9.560083342886094293e-01 0.000000000000000000e+00
9.997605297242464495e-01 -9.322917134033852360e-01 0.000000000000000000e+00
1.026283066233299790e+00 -9.240693609577749212e-01 0.000000000000000000e+00
1.052819880659416230e+00 -9.152022976770033402e-01 0.000000000000000000e+00
1.083952888122257097e+00 -9.095444070387582736e-01 0.000000000000000000e+00
1.112095896307790932e+00 -9.005574390558751530e-01 0.000000000000000000e+00
1.148919664862562806e+00 -8.976343589675420676e-01 0.000000000000000000e+00
1.194109072811229799e+00 -8.675709646203771941e-01 0.000000000000000000e+00
1.222994055100367738e+00 -8.563495970190257989e-01 0.000000000000000000e+00
1.258479068291710190e+00 -8.488547902551507596e-01 0.000000000000000000e+00
1.295746018748447304e+00 -8.414672437410363193e-01 0.000000000000000000e+00
1.333131656681928012e+00 -8.330330545100573802e-01 0.000000000000000000e+00
1.368896208101792134e+00 -8.225157631210734399e-01 0.000000000000000000e+00
1.410755364226384367e+00 -8.144999291127371643e-01 0.000000000000000000e+00
1.464810115786110645e+00 -7.788532945469441859e-01 0.000000000000000000e+00
1.504019004748825994e+00 -7.663358995958499120e-01 0.000000000000000000e+00
1.556711306072443790e+00 -7.592587743460923466e-01 0.000000000000000000e+00
1.574256638702179689e+00 -7.340878665019188176e-01 0.000000000000000000e+00
1.587742059662717420e+00 -7.069082505049387732e-01 0.000000000000000000e+00
1.603519460924295759e+00 -6.806535697054953982e-01 0.000000000000000000e+00
1.617008623654883515e+00 -6.533138332099173162e-01 0.000000000000000000e+00
1.640703382584267622e+00 -5.971671375829405992e-01 0.000000000000000000e+00
1.652766511856119003e+00 -5.690930919508547792e-01 0.000000000000000000e+00
1.668153097066589430e+00 -5.420157415525086453e-01 0.000000000000000000e+00
1.684052726387605059e+00 -5.148665319685026276e-01 0.000000000000000000e+00
1.696626894225217841e+00 -4.864998780006394297e-01 0.000000000000000000e+00
1.708722852012091176e+00 -4.578508534023429943e-01 0.000000000000000000e+00
1.730037285415471526e+00 -4.313466863972018062e-01 0.000000000000000000e+00
1.752840565633535963e+00 -3.725777096280673550e-01 0.000000000000000000e+00
1.769873795667549876e+00 -3.440285614869093567e-01 0.000000000000000000e+00
1.786441283522001600e+00 -3.149977437815992820e-01 0.000000000000000000e+00
1.806481979522984282e+00 -2.861185832911880000e-01 0.000000000000000000e+00
1.818132147626934314e+00 -2.555217558200396644e-01 0.000000000000000000e+00
1.831247684670214371e+00 -2.248488891716500793e-01 0.000000000000000000e+00
1.837876517513733932e+00 -1.931685524617436645e-01 0.000000000000000000e+00
1.878413126553170498e+00 -1.313513876930129387e-01 0.000000000000000000e+00
1.893401628325997121e+00 -9.922892081506197448e-02 0.000000000000000000e+00
1.914832835032762581e+00 -6.686738196395600187e-02 0.000000000000000000e+00
1.935705128282543264e+00 -3.378780433481478468e-02 0.000000000000000000e+00
1.952000021934508389e+00 5.453825058232552485e-08 0.000000000000000000e+00
1.982698018581083410e+00 3.460817779206022682e-02 0.000000000000000000e+00
2.013772619337975023e+00 7.032254523627688714e-02 0.000000000000000000e+00
2.021064784786641422e+00 1.413266727771060050e-01 0.000000000000000000e+00
2.049172411183190157e+00 1.792794118842203632e-01 0.000000000000000000e+00
2.084517843119576774e+00 2.190917109732404555e-01 0.000000000000000000e+00
2.105190431768440007e+00 2.584849404643904669e-01 0.000000000000000000e+00
2.113232113047736505e+00 2.969954629660413459e-01 0.000000000000000000e+00
2.149209936838204715e+00 3.404014718598774025e-01 0.000000000000000000e+00
2.172485981243513997e+00 3.830679532613710525e-01 0.000000000000000000e+00
2.201789791108739625e+00 4.279846406954225246e-01 0.000000000000000000e+00
2.221563706404898308e+00 5.128884556332751199e-01 0.000000000000000000e+00
2.258848502725986584e+00 5.631942484034471175e-01 0.000000000000000000e+00
2.286346514439381306e+00 6.126247656582936019e-01 0.000000000000000000e+00
2.313756947359569605e+00 6.634591929670773380e-01 0.000000000000000000e+00
2.352509717707104375e+00 7.192344650923978566e-01 0.000000000000000000e+00
2.376690283456796671e+00 7.722335519603762410e-01 0.000000000000000000e+00
2.417829048058574237e+00 8.800178741360789036e-01 0.000000000000000000e+00
2.445980587015418539e+00 9.389240481920302361e-01 0.000000000000000000e+00
2.476508054105192258e+00 1.000574274269643960e+00 0.000000000000000000e+00
2.533229416031979042e+00 1.075292165020550472e+00 0.000000000000000000e+00
2.582592891495419263e+00 1.149844514186908695e+00 0.000000000000000000e+00
2.614697927013020173e+00 1.219253745307679493e+00 0.000000000000000000e+00
2.658632707566563003e+00 1.296701892890161023e+00 0.000000000000000000e+00
2.694756059214941324e+00 1.432827296202617395e+00 0.000000000000000000e+00
2.748929604516102465e+00 1.523756647903114603e+00 0.000000000000000000e+00
2.794663937824237721e+00 1.613500065793210592e+00 0.000000000000000000e+00
2.865510189770496208e+00 1.721772319075706159e+00 0.000000000000000000e+00
2.840113012711093177e+00 1.774699670852526223e+00 0.000000000000000000e+00
2.985667128374574375e+00 1.938915003586763497e+00 0.000000000000000000e+00
2.948886534316315977e+00 1.989049182751374101e+00 0.000000000000000000e+00
2.710206808570606807e+00 1.969080601655438523e+00 0.000000000000000000e+00
2.636295867542219007e+00 1.986591523062405162e+00 0.000000000000000000e+00
2.627227892895535710e+00 2.052615486750339890e+00 0.000000000000000000e+00
2.606547578032586188e+00 2.110740708279492228e+00 0.000000000000000000e+00
2.587698096004270809e+00 2.171336617312570105e+00 0.000000000000000000e+00
2.579597282023870619e+00 2.242409807601488669e+00 0.000000000000000000e+00
2.570537982013336720e+00 2.314522898642182636e+00 0.000000000000000000e+00
2.551693072283112595e+00 2.379492390651830380e+00 0.000000000000000000e+00
5.123695492323277811e+00 5.123695716287134161e+00 0.000000000000000000e+00
1.345193908951936024e+00 2.884777791418077442e+00 0.000000000000000000e+00
1.829661989899984187e+00 5.984555097382509459e+00 0.000000000000000000e+00
6.609305991767023825e-01 2.650848045051877655e+00 0.000000000000000000e+00
7.332788917507374604e-01 3.772393214986587306e+00 0.000000000000000000e+00
6.099379027292886057e-01 3.850996780639336148e+00 0.000000000000000000e+00
5.880770339833034654e-01 5.595180121011735785e+00 0.000000000000000000e+00
4.844115347698467744e-01 5.536850227365550658e+00 0.000000000000000000e+00
3.903571495807658942e-01 5.582368625697330167e+00 0.000000000000000000e+00
9.562164932699153408e-02 5.478165614821705276e+00 0.000000000000000000e+00
-8.570348739696236422e-08 5.434000015258788174e+00 0.000000000000000000e+00
-1.857352048303628489e-01 5.318758005203104489e+00 0.000000000000000000e+00
-2.775376559336377169e-01 5.295732391872546074e+00 0.000000000000000000e+00
-3.697094046760652231e-01 5.287089651016299463e+00 0.000000000000000000e+00
-4.545172901525337816e-01 5.195155495694437242e+00 0.000000000000000000e+00
-5.503424234837557272e-01 5.236157638097554745e+00 0.000000000000000000e+00
-7.211951068563432488e-01 5.131569280282438861e+00 0.000000000000000000e+00
-1.136227871063675732e+00 4.921543296531725176e+00 0.000000000000000000e+00
-1.220496049696775609e+00 4.895141996150927710e+00 0.000000000000000000e+00
-1.310142021181333272e+00 4.889516319379167975e+00 0.000000000000000000e+00
-1.439638275041186688e+00 4.708844394676545697e+00 0.000000000000000000e+00
-1.919858852067081845e+00 4.751817230085734423e+00 0.000000000000000000e+00
-2.002887796062439829e+00 4.718507786718900476e+00 0.000000000000000000e+00
-2.090626349926123062e+00 4.695623504122377057e+00 0.000000000000000000e+00
-2.437496367741385228e+00 4.584263795439326827e+00 0.000000000000000000e+00
-1.839852585158259890e+00 3.319181833518241476e+00 0.000000000000000000e+00
-1.923000017087448388e+00 3.330733642433928221e+00 0.000000000000000000e+00
-2.734337200255843481e+00 4.550701180841788762e+00 0.000000000000000000e+00
-2.838247602918636758e+00 4.542145525238495907e+00 0.000000000000000000e+00
-2.963925632386141373e+00 4.564045123653316161e+00 0.000000000000000000e+00
-3.326276745559827219e+00 4.578227070087100614e+00 0.000000000000000000e+00
-3.737568349655969069e+00 4.299580460452227193e+00 0.000000000000000000e+00
-3.901700509867000566e+00 4.333277327417509817e+00 0.000000000000000000e+00
-2.645595558287447080e+00 2.382104895792808374e+00 0.000000000000000000e+00
-2.210203208832009825e+00 1.789787236144465554e+00 0.000000000000000000e+00
-2.203278085137656106e+00 1.721389468099514541e+00 0.000000000000000000e+00
-8.462317844104783049e-01 6.148233689717759187e-01 0.000000000000000000e+00
-8.388117380892746722e-01 5.873422917286201805e-01 0.000000000000000000e+00
-8.265504470153998140e-01 5.575153062498446888e-01 0.000000000000000000e+00
-8.193811475747064810e-01 5.321123295622811611e-01 0.000000000000000000e+00
-8.098859216892839719e-01 5.060728820762235847e-01 0.000000000000000000e+00
-8.057372643901469234e-01 4.841357829068340113e-01 0.000000000000000000e+00
-7.950113093236222950e-01 4.589999853273539765e-01 0.000000000000000000e+00
-7.889069878882766229e-01 4.372982763807163331e-01 0.000000000000000000e+00
-7.921048016566160088e-01 4.035975478729811883e-01 0.000000000000000000e+00
-7.882423581980221305e-01 3.844514788348631917e-01 0.000000000000000000e+00
-7.857688392262054400e-01 3.664100205898992990e-01 0.000000000000000000e+00
-8.002658115735261646e-01 3.563012886171766369e-01 0.000000000000000000e+00
-8.266133625115682504e-01 3.508765485792924577e-01 0.000000000000000000e+00
-8.585722507264762493e-01 3.468856994980737407e-01 0.000000000000000000e+00
-8.906357255197354661e-01 3.418830167608387094e-01 0.000000000000000000e+00
-9.417364956338712956e-01 3.242658733872902377e-01 0.000000000000000000e+00
-9.824413760041154076e-01 3.192145469003743741e-01 0.000000000000000000e+00
