-6.898648443151262022e+00 -6.035538911187289246e-01 0.000000000000000000e+00
-6.844299616552358856e+00 -7.193652332558684304e-01 0.000000000000000000e+00
-6.843605653504214459e+00 -8.402894717308844186e-01 0.000000000000000000e+00
-6.854635454514761861e+00 -9.633565462055873052e-01 0.000000000000000000e+00
-6.739985064915790858e+00 -1.067509115070897963e+00 0.000000000000000000e+00
-6.779117396770280912e+00 -1.317727292574645492e+00 0.000000000000000000e+00
-3.924328213981481017e+00 -8.341419197893199522e-01 0.000000000000000000e+00
-6.662150897596108123e+00 -2.164664413015711553e+00 0.000000000000000000e+00
-6.629976217978592601e+00 -2.282884255931345141e+00 0.000000000000000000e+00
-6.570539016716233860e+00 -2.522193992001543705e+00 0.000000000000000000e+00
-1.426782449181616119e+00 -6.056333006760706850e-01 0.000000000000000000e+00
-1.504470861927012182e+00 -7.015463739451851533e-01 0.000000000000000000e+00
-4.119487451693239599e+00 -2.778629656964983763e+00 0.000000000000000000e+00
-3.876227241415378000e+00 -2.714163808898352848e+00 0.000000000000000000e+00
-3.657565631519366089e+00 -2.657377245200335469e+00 0.000000000000000000e+00
-3.480453270381421493e+00 -2.622709916050274703e+00 0.000000000000000000e+00
-3.334073333637603831e+00 -2.604863826384612224e+00 0.000000000000000000e+00
-3.197178242194902875e+00 -2.589024140628094717e+00 0.000000000000000000e+00
-3.100181686782780055e+00 -2.601361557562848148e+00 0.000000000000000000e+00
-2.890090059666051925e+00 -2.602249021959281539e+00 0.000000000000000000e+00
-2.731605880474512471e+00 -2.547263930204894944e+00 0.000000000000000000e+00
-2.619835406816346968e+00 -2.529945878756254096e+00 0.000000000000000000e+00
-2.518007208370297345e+00 -2.518007440991992141e+00 0.000000000000000000e+00
-2.319476323960837139e+00 -2.487334062459352957e+00 0.000000000000000000e+00
-2.210807344623130444e+00 -2.455350530894708339e+00 0.000000000000000000e+00
-2.127599339306091242e+00 -2.447523288821027432e+00 0.000000000000000000e+00
-2.027994780165368383e+00 -2.416870288429123104e+00 0.000000000000000000e+00
-1.915322776396373605e+00 -2.451501589226087408e+00 0.000000000000000000e+00
-1.840350283432083289e+00 -2.442227542813587338e+00 0.000000000000000000e+00
-1.762767905107541333e+00 -2.426242104047595660e+00 0.000000000000000000e+00
-1.701801182050279193e+00 -2.430424197963207078e+00 0.000000000000000000e+00
-1.710011834541498077e+00 -2.535197046056551162e+00 0.000000000000000000e+00
3.219714508945350495e+00 -3.452720857211569516e+00 0.000000000000000000e+00
4.767055368131982718e+00 -3.592233633511224600e+00 0.000000000000000000e+00
4.768346321708410329e+00 -3.464406151968472347e+00 0.000000000000000000e+00
4.746167175056084986e+00 -3.323301802485584044e+00 0.000000000000000000e+00
4.803443924139440213e+00 -3.239963609615343021e+00 0.000000000000000000e+00
4.823194476955776189e+00 -3.132218894618795435e+00 0.000000000000000000e+00
4.809565869411190242e+00 -2.889878515220233091e+00 0.000000000000000000e+00
4.565900393117854783e+00 -2.032869658667609158e+00 0.000000000000000000e+00
4.568234950951352680e+00 -1.845686561685600191e+00 0.000000000000000000e+00
4.536267538257093612e+00 -1.741309801040953786e+00 0.000000000000000000e+00
4.526499322364714750e+00 -1.647510861683022743e+00 0.000000000000000000e+00
4.549854342670103691e+00 -1.478337138140862539e+00 0.000000000000000000e+00
4.469768266404183343e+00 -1.366545150259569796e+00 0.000000000000000000e+00
3.027013038800451916e+00 -8.679819228936963560e-01 0.000000000000000000e+00
4.492820458999022826e+00 -1.037249191884973110e+00 0.000000000000000000e+00
4.477959811461190043e+00 -9.518196024620929618e-01 0.000000000000000000e+00
4.453642732773601232e+00 -8.657003151768976057e-01 0.000000000000000000e+00
1.470953395323602475e+00 -1.806103236227936948e-01 0.000000000000000000e+00
1.443051249880332287e+00 -1.516707561205404564e-01 0.000000000000000000e+00
1.420573642085256161e+00 -1.242840484243683957e-01 0.000000000000000000e+00
1.437489784065618004e+00 -1.005190366604924723e-01 0.000000000000000000e+00
1.483963432755335710e+00 -7.777118586906252296e-02 0.000000000000000000e+00
1.527767276087058868e+00 -2.666723409435936207e-02 0.000000000000000000e+00
1.526999950408934881e+00 4.266388575757672945e-08 0.000000000000000000e+00
1.499771542006703928e+00 2.617865135628957493e-02 0.000000000000000000e+00
2.207969863871037663e+00 1.157148582507517842e-01 0.000000000000000000e+00
4.261875228145659555e+00 6.750148394894320836e-01 0.000000000000000000e+00
4.234739774935618151e+00 8.231501428216613236e-01 0.000000000000000000e+00
4.232444782758724600e+00 8.996340269003336720e-01 0.000000000000000000e+00
4.226817140793327710e+00 9.758377440789133273e-01 0.000000000000000000e+00
4.214964474320192167e+00 1.050908791048726032e+00 0.000000000000000000e+00
4.231721056123366687e+00 1.133886357105638565e+00 0.000000000000000000e+00
4.229551522539828134e+00 1.212804500904588911e+00 0.000000000000000000e+00
3.319340417404229360e+00 1.408976510884537348e+00 0.000000000000000000e+00
2.735371651333005527e+00 1.454422990862692888e+00 0.000000000000000000e+00
2.154918510898089945e+00 1.294805740064506550e+00 0.000000000000000000e+00
1.913196512284772721e+00 1.195497927523271775e+00 0.000000000000000000e+00
1.877770159241220149e+00 1.266572028855495358e+00 0.000000000000000000e+00
4.000365060541198226e+00 3.014491437122013728e+00 0.000000000000000000e+00
1.482295925577023388e+00 1.243794021361488422e+00 0.000000000000000000e+00
4.039205773210370332e+00 3.511228168786569626e+00 0.000000000000000000e+00
4.071690485213970589e+00 3.666166744142020040e+00 0.000000000000000000e+00
2.695208276400273384e+00 3.212024284348009573e+00 0.000000000000000000e+00
1.711999953603259073e+00 2.965271037976502377e+00 0.000000000000000000e+00
2.649473348331782052e+00 7.694629776782132780e+00 0.000000000000000000e+00
2.486041604029237018e+00 7.651249791413513357e+00 0.000000000000000000e+00
6.280441512019978578e-01 7.178578856571941280e+00 0.000000000000000000e+00
4.700887559893409673e-01 6.722583986347685503e+00 0.000000000000000000e+00
3.513311564260683806e-01 6.703799893445989255e+00 0.000000000000000000e+00
2.340708091331773211e-01 6.702914059454406548e+00 0.000000000000000000e+00
1.154824699530376808e-01 6.615992303667951546e+00 0.000000000000000000e+00
-6.310948574216632689e-01 7.213445974163835928e+00 0.000000000000000000e+00
-7.514552429504407494e-01 7.149618023549558110e+00 0.000000000000000000e+00
-5.459747267018824068e-01 4.446606770190190794e+00 0.000000000000000000e+00
-5.372082112580213176e-01 3.822434633567556084e+00 0.000000000000000000e+00
-1.246265587116388796e+00 3.835610906339530057e+00 0.000000000000000000e+00
-1.159032874609381425e+00 2.868706924925655599e+00 0.000000000000000000e+00
-1.194074362046783300e+00 2.813062811763971549e+00 0.000000000000000000e+00
-1.238513144044070424e+00 2.781745972704948944e+00 0.000000000000000000e+00
-1.287717848725004943e+00 2.761519748912412808e+00 0.000000000000000000e+00
-1.837753522586861532e+00 3.606794261878462748e+00 0.000000000000000000e+00
-1.908871410154826531e+00 3.590064876211716882e+00 0.000000000000000000e+00
-2.041500132979323645e+00 3.535981858308197445e+00 0.000000000000000000e+00
-2.119381601219340716e+00 3.527243221655615102e+00 0.000000000000000000e+00
-2.295653655674915861e+00 3.534996545896803788e+00 0.000000000000000000e+00
-2.360912545828785181e+00 3.500196706145238590e+00 0.000000000000000000e+00
-2.483012429923733499e+00 3.546109169190450494e+00 0.000000000000000000e+00
-2.523596407617328730e+00 3.230056034161572498e+00 0.000000000000000000e+00
-2.484556907269276138e+00 3.068172194172018141e+00 0.000000000000000000e+00
-2.452877539051189437e+00 2.923225557832153321e+00 0.000000000000000000e+00
-2.275868864667918601e+00 2.618087586807203326e+00 0.000000000000000000e+00
-2.155269677887873492e+00 2.393669428507806174e+00 0.000000000000000000e+00
-2.398588230636837793e+00 2.572170915415294079e+00 0.000000000000000000e+00
-2.379899683547978650e+00 2.464458217648601401e+00 0.000000000000000000e+00
-2.365272226213608331e+00 2.365272180385368905e+00 0.000000000000000000e+00
-2.320590268064580464e+00 2.240967929956575677e+00 0.000000000000000000e+00
-2.355769173149528939e+00 2.121144051341634640e+00 0.000000000000000000e+00
-2.338844990433313065e+00 2.033126894432326193e+00 0.000000000000000000e+00
-2.314986381594319020e+00 1.942504183425466380e+00 0.000000000000000000e+00
-2.302683546299802764e+00 1.864676335451156852e+00 0.000000000000000000e+00
-2.290747327481731155e+00 1.789727928673059187e+00 0.000000000000000000e+00
-2.277708487902968315e+00 1.716376425279506845e+00 0.000000000000000000e+00
-2.270101695558197186e+00 1.649325395339463540e+00 0.000000000000000000e+00
-2.259221266965475206e+00 1.581923733547363931e+00 0.000000000000000000e+00
-2.268603834189129032e+00 1.473248529865936796e+00 0.000000000000000000e+00
-2.264288492658818264e+00 1.414884457976173682e+00 0.000000000000000000e+00
-2.254350109500200094e+00 1.354550178382357695e+00 0.000000000000000000e+00
-2.262924317416438846e+00 1.306499940704926033e+00 0.000000000000000000e+00
-2.333485373366843696e+00 1.293472040936521683e+00 0.000000000000000000e+00
-2.435169379731853212e+00 1.294802503815117856e+00 0.000000000000000000e+00
-2.554372695308621211e+00 1.245850784334643357e+00 0.000000000000000000e+00
-2.654575426985624098e+00 1.237848828183469418e+00 0.000000000000000000e+00
-2.774437509304358507e+00 1.235259141970916241e+00 0.000000000000000000e+00
-2.892226220919183355e+00 1.227677170646332305e+00 0.000000000000000000e+00
-3.005930159991502482e+00 1.214474594664248785e+00 0.000000000000000000e+00
-3.158302494495366819e+00 1.212358716052235996e+00 0.000000000000000000e+00
-3.325572224858063475e+00 1.210409277995025290e+00 0.000000000000000000e+00
-3.455188232522364178e+00 1.122658687876264327e+00 0.000000000000000000e+00
-3.615788192148455149e+00 1.105457364660070940e+00 0.000000000000000000e+00
-3.924831687018704329e+00 1.125427351637238615e+00 0.000000000000000000e+00
-1.511673262692236452e+00 1.588832554991553569e-01 0.000000000000000000e+00
-7.095894981571299276e+00 6.208103378569042041e-01 0.000000000000000000e+00
-6.979421663677996435e+00 3.657759620135314638e-01 0.000000000000000000e+00
-6.952761763394816441e+00 2.427957639016758429e-01 0.000000000000000000e+00
-6.959000110626219815e+00 -2.507848644163342381e-08 0.000000000000000000e+00
