-7.381875423640138933e+00 -1.288514998229078057e-01 0.000000000000000000e+00
-3.974545556566173143e+00 -2.082973130048532129e-01 0.000000000000000000e+00
-3.995244120999340343e+00 -2.793748920214036979e-01 0.000000000000000000e+00
-3.095558436809508596e+00 -9.464073595489546076e-01 0.000000000000000000e+00
-3.026261711468069215e+00 -9.832922027705316426e-01 0.000000000000000000e+00
-2.987838728910206854e+00 -1.028795544544298224e+00 0.000000000000000000e+00
-2.967549235730328583e+00 -1.080099757119262094e+00 0.000000000000000000e+00
-2.972520035803291272e+00 -1.141043703771231099e+00 0.000000000000000000e+00
-3.716152719584697728e+00 -1.501423371038530963e+00 0.000000000000000000e+00
-3.798002879363947759e+00 -1.612156794559514772e+00 0.000000000000000000e+00
-3.774771812368433732e+00 -1.760205228598201277e+00 0.000000000000000000e+00
-3.800101284809663582e+00 -1.853433465825631066e+00 0.000000000000000000e+00
-3.801033554472289744e+00 -1.936723563195828612e+00 0.000000000000000000e+00
-3.798473229575001220e+00 -2.105528332964491600e+00 0.000000000000000000e+00
-3.914434699611197832e+00 -2.260000179215805094e+00 0.000000000000000000e+00
-3.527448174476705223e+00 -2.290751868906992339e+00 0.000000000000000000e+00
-3.385789429141867313e+00 -2.283744041066372965e+00 0.000000000000000000e+00
-3.252852623647414454e+00 -2.277672158240160005e+00 0.000000000000000000e+00
-2.866347098453606357e+00 -2.082523274671220115e+00 0.000000000000000000e+00
-2.694596172794658351e+00 -2.030524059116353364e+00 0.000000000000000000e+00
-2.858902925329888323e+00 -2.233619980161609231e+00 0.000000000000000000e+00
-2.733222211283834913e+00 -2.213319918584435442e+00 0.000000000000000000e+00
-2.631362514797715768e+00 -2.207975525818366425e+00 0.000000000000000000e+00
-2.483589908212877617e+00 -2.236234607284759868e+00 0.000000000000000000e+00
-2.390795186066685396e+00 -2.229452786548133059e+00 0.000000000000000000e+00
-2.288219798392386650e+00 -2.209708378461160638e+00 0.000000000000000000e+00
-2.206880198558704542e+00 -2.206880402437474853e+00 0.000000000000000000e+00
-2.126349246085858624e+00 -2.201899304974468841e+00 0.000000000000000000e+00
-2.051450895801679941e+00 -2.199911953348494986e+00 0.000000000000000000e+00
-1.974604302363853536e+00 -2.193020451966403606e+00 0.000000000000000000e+00
-1.900602955976818054e+00 -2.186393796809744217e+00 0.000000000000000000e+00
-1.787899181192427633e+00 -2.207871819890991905e+00 0.000000000000000000e+00
-1.739243596430233962e+00 -2.226130495206743554e+00 0.000000000000000000e+00
-1.676656562166957354e+00 -2.224998617288717728e+00 0.000000000000000000e+00
-1.613470350398234832e+00 -2.220751629540136385e+00 0.000000000000000000e+00
-1.607161097993087928e+00 -2.295264137660067760e+00 0.000000000000000000e+00
-1.611034671589270273e+00 -2.388457353339262568e+00 0.000000000000000000e+00
2.245051208825465494e+00 -3.736392359697254140e+00 0.000000000000000000e+00
2.184857328359044892e+00 -3.496502345207787243e+00 0.000000000000000000e+00
2.170386616532728130e+00 -3.342102047916753360e+00 0.000000000000000000e+00
2.187620576406548611e+00 -3.124245730472418714e+00 0.000000000000000000e+00
2.124975333200552541e+00 -2.444504318791194120e+00 0.000000000000000000e+00
2.108430636573195738e+00 -2.341649289496802844e+00 0.000000000000000000e+00
2.145799772975524711e+00 -2.222040560343800486e+00 0.000000000000000000e+00
2.126977197346925141e+00 -2.126977052611834118e+00 0.000000000000000000e+00
2.115578411053510965e+00 -2.042990185226572830e+00 0.000000000000000000e+00
2.115074942361643284e+00 -1.972339158593090502e+00 0.000000000000000000e+00
2.189304795832987427e+00 -1.971258759098813984e+00 0.000000000000000000e+00
2.289034217682791361e+00 -1.989826953279461685e+00 0.000000000000000000e+00
2.383164375984510475e+00 -1.999712213494508228e+00 0.000000000000000000e+00
2.509814270007671766e+00 -1.960881680666005655e+00 0.000000000000000000e+00
2.621121860832353878e+00 -1.975156858667478588e+00 0.000000000000000000e+00
2.728814311458774622e+00 -1.982599511524216762e+00 0.000000000000000000e+00
2.844915155521255290e+00 -1.992030898943339512e+00 0.000000000000000000e+00
2.966296556626135228e+00 -2.000792150502261890e+00 0.000000000000000000e+00
3.056115658688608683e+00 -1.984664573659610909e+00 0.000000000000000000e+00
3.229806354940655044e+00 -1.940663304525540367e+00 0.000000000000000000e+00
3.323805612330539727e+00 -1.918999923216532233e+00 0.000000000000000000e+00
3.354166669480083574e+00 -1.859244805273410295e+00 0.000000000000000000e+00
3.427602586351865988e+00 -1.822488483666089287e+00 0.000000000000000000e+00
3.466015528351839681e+00 -1.766022982120675433e+00 0.000000000000000000e+00
3.525070241950130079e+00 -1.719291496725589230e+00 0.000000000000000000e+00
3.562695957686885073e+00 -1.661312272901996900e+00 0.000000000000000000e+00
3.621266155254643682e+00 -1.537136153001223748e+00 0.000000000000000000e+00
3.702245205821977247e+00 -1.495804024490361650e+00 0.000000000000000000e+00
3.826746192056694085e+00 -1.468950099200875714e+00 0.000000000000000000e+00
3.887508494412316384e+00 -1.414937242514240356e+00 0.000000000000000000e+00
3.961722927481678980e+00 -1.364130464938542397e+00 0.000000000000000000e+00
4.008703400865165634e+00 -1.302506556685224304e+00 0.000000000000000000e+00
4.041343775548242867e+00 -1.235562652882228107e+00 0.000000000000000000e+00
4.103253083043471250e+00 -1.099463218148588828e+00 0.000000000000000000e+00
4.159657983450093965e+00 -1.037119085717260303e+00 0.000000000000000000e+00
1.044661604036080105e+00 -2.220496463849633006e-01 0.000000000000000000e+00
1.037579979093705917e+00 -2.016850854049682396e-01 0.000000000000000000e+00
1.036017806600704860e+00 -1.826778605078984430e-01 0.000000000000000000e+00
1.037072715317374882e+00 -1.642561505954825973e-01 0.000000000000000000e+00
1.041180941375279279e+00 -1.278409141781847724e-01 0.000000000000000000e+00
1.041264477864964233e+00 -1.094412763873323924e-01 0.000000000000000000e+00
1.039031055610137866e+00 -9.090340845710476181e-02 0.000000000000000000e+00
1.039461797619245953e+00 -7.268621989545970274e-02 0.000000000000000000e+00
1.039573355795116782e+00 -5.448170143111392277e-02 0.000000000000000000e+00
1.043364053981666206e+00 -3.643504615579666595e-02 0.000000000000000000e+00
1.049840032752230146e+00 -1.832499645282248055e-02 0.000000000000000000e+00
1.046840586857719968e+00 1.827269952881885318e-02 0.000000000000000000e+00
1.048361001310498253e+00 3.660960191366714744e-02 0.000000000000000000e+00
5.163391632219773264e+00 3.610596578198290163e-01 0.000000000000000000e+00
5.153315020329881868e+00 4.508567854304709188e-01 0.000000000000000000e+00
5.135711087182413870e+00 5.397851272268961997e-01 0.000000000000000000e+00
5.134441085331445720e+00 6.304302348291319635e-01 0.000000000000000000e+00
5.150384417628051992e+00 7.238394661533212870e-01 0.000000000000000000e+00
4.101861133161668782e+00 1.657259591651529806e+00 0.000000000000000000e+00
3.779567342813180630e+00 2.646481675329919181e+00 0.000000000000000000e+00
3.733613181283982119e+00 2.712628890940154136e+00 0.000000000000000000e+00
3.699279594226479784e+00 2.787607253725806977e+00 0.000000000000000000e+00
3.607513219852319430e+00 2.818498358573831908e+00 0.000000000000000000e+00
4.605213268297248419e+00 4.447202954502412986e+00 0.000000000000000000e+00
4.076304265037993702e+00 4.371301335539381050e+00 0.000000000000000000e+00
3.941848170317728606e+00 4.377866098357236169e+00 0.000000000000000000e+00
3.820887613569945440e+00 4.395428587410604493e+00 0.000000000000000000e+00
3.633066374274002808e+00 4.486463528143402435e+00 0.000000000000000000e+00
3.327435054193563335e+00 4.415655648801758204e+00 0.000000000000000000e+00
3.216948623561716847e+00 4.427750116728379481e+00 0.000000000000000000e+00
3.057162272469868824e+00 4.366080396247121520e+00 0.000000000000000000e+00
1.039715906745463991e+00 1.601022168037260274e+00 0.000000000000000000e+00
9.734616636560983194e-01 1.557864382717986773e+00 0.000000000000000000e+00
2.493499908644717156e+00 4.318868728202492235e+00 0.000000000000000000e+00
2.401261997061594045e+00 4.331991516803651798e+00 0.000000000000000000e+00
2.287734909362217017e+00 4.302603792734228882e+00 0.000000000000000000e+00
2.160086668662949183e+00 4.239408992270834453e+00 0.000000000000000000e+00
2.100674372076011931e+00 4.307020945807004786e+00 0.000000000000000000e+00
1.997293752020699031e+00 4.283210487666031518e+00 0.000000000000000000e+00
1.743044352561707866e+00 4.314186394792930201e+00 0.000000000000000000e+00
1.648492453807781644e+00 4.294469903533896904e+00 0.000000000000000000e+00
1.380687833467380443e+00 4.249320478266715106e+00 0.000000000000000000e+00
1.296083716083427761e+00 4.239299090508810153e+00 0.000000000000000000e+00
1.217765822818004162e+00 4.246854407177507618e+00 0.000000000000000000e+00
1.133886172131227887e+00 4.231721105687111795e+00 0.000000000000000000e+00
9.531175423124974566e-01 4.128405970051752583e+00 0.000000000000000000e+00
9.010892172659539234e-01 4.239291825462730756e+00 0.000000000000000000e+00
8.227682764330007670e-01 4.232776230762051561e+00 0.000000000000000000e+00
2.432810772600111637e-01 1.379715688676438790e+00 0.000000000000000000e+00
2.135330233679741396e-01 1.348194597959300856e+00 0.000000000000000000e+00
1.835692989495018301e-01 1.306163591430240745e+00 0.000000000000000000e+00
1.401726430389308997e-01 1.333653825126875470e+00 0.000000000000000000e+00
1.189675673160432573e-01 1.359805774352429886e+00 0.000000000000000000e+00
9.961221940639022887e-02 1.424521438758120651e+00 0.000000000000000000e+00
7.641047452464960754e-02 1.457999160072487532e+00 0.000000000000000000e+00
4.959216216543032435e-02 1.420134369802071861e+00 0.000000000000000000e+00
-2.318441821342748919e-08 1.470000028610229270e+00 0.000000000000000000e+00
-3.752270911793523928e-02 2.149672639352424142e+00 0.000000000000000000e+00
-2.936748210897174305e-01 4.199744685174973569e+00 0.000000000000000000e+00
-3.669257436034900621e-01 4.193979711429054014e+00 0.000000000000000000e+00
-4.411101558460728267e-01 4.196882183195880245e+00 0.000000000000000000e+00
-5.153855266467726182e-01 4.197477758520712143e+00 0.000000000000000000e+00
-5.893981627546845958e-01 4.193785394677274070e+00 0.000000000000000000e+00
-6.628128874951381144e-01 4.184835478151216925e+00 0.000000000000000000e+00
-7.378311798312342518e-01 4.184448203287681523e+00 0.000000000000000000e+00
-8.898621395573393933e-01 4.186471923773281034e+00 0.000000000000000000e+00
-9.621157066753130982e-01 4.167380705283200371e+00 0.000000000000000000e+00
-1.033490355848400988e+00 4.145103169147798639e+00 0.000000000000000000e+00
-1.160976078342985218e+00 3.371719210831421343e+00 0.000000000000000000e+00
-1.451031800039062958e+00 3.780066928687376038e+00 0.000000000000000000e+00
-1.124080536135331654e+00 2.206132203145077852e+00 0.000000000000000000e+00
-1.184476780505457905e+00 2.227676764269876486e+00 0.000000000000000000e+00
-1.083549473557899656e+00 1.954774940864228316e+00 0.000000000000000000e+00
-1.169531846680903708e+00 1.871642149389270093e+00 0.000000000000000000e+00
-2.870896315857438985e+00 4.256278719939271760e+00 0.000000000000000000e+00
-2.983171215024697176e+00 4.260409924403408155e+00 0.000000000000000000e+00
-2.024920185300279840e+00 2.787063469533186399e+00 0.000000000000000000e+00
-1.487438435277920856e+00 1.595082404234466678e+00 0.000000000000000000e+00
-2.952959008419937526e+00 1.917673968608112567e+00 0.000000000000000000e+00
-2.958839891705211222e+00 1.848888332907504095e+00 0.000000000000000000e+00
-1.745740987773104713e+00 9.676800138427222864e-01 0.000000000000000000e+00
-6.692576223588821982e+00 1.059999906431242200e+00 0.000000000000000000e+00
-6.688270725785744553e+00 9.399751185616844751e-01 0.000000000000000000e+00
-6.703656897457629604e+00 8.231055376355895792e-01 0.000000000000000000e+00
-6.731918765984849173e+00 7.075531437201112439e-01 0.000000000000000000e+00
-6.612969206214097895e+00 2.309299476553682284e-01 0.000000000000000000e+00
-7.369999885559081143e+00 -2.655962627771838399e-08 0.000000000000000000e+00
