-7.365878066494475185e+00 -1.285722640808875106e-01 0.000000000000000000e+00
-3.950578518272398032e+00 -2.070412525052999497e-01 0.000000000000000000e+00
-3.976809319434303269e+00 -3.479259392272194273e-01 0.000000000000000000e+00
-3.085039163086928049e+00 -9.431912942504356856e-01 0.000000000000000000e+00
-3.026261711468069215e+00 -9.832922027705316426e-01 0.000000000000000000e+00
-2.983111027907113133e+00 -1.027167666278695046e+00 0.000000000000000000e+00
-2.969428708761740143e+00 -1.080783829464313062e+00 0.000000000000000000e+00
-3.763439204870402399e+00 -1.520528353933356724e+00 0.000000000000000000e+00
-3.769288409736990975e+00 -1.678195544662072658e+00 0.000000000000000000e+00
-3.811024088450434721e+00 -1.777109944718799461e+00 0.000000000000000000e+00
-3.806392815555114773e+00 -1.856502050781906554e+00 0.000000000000000000e+00
-3.792123710380964408e+00 -1.932183770334550577e+00 0.000000000000000000e+00
-3.851417290646549141e+00 -2.047835138254673115e+00 0.000000000000000000e+00
-3.787103163677718598e+00 -2.099225801803285663e+00 0.000000000000000000e+00
-3.894516320703409473e+00 -2.248500296510963725e+00 0.000000000000000000e+00
-3.512352399055660879e+00 -2.280948556697171892e+00 0.000000000000000000e+00
-3.380815169078707161e+00 -2.280388859943713875e+00 0.000000000000000000e+00
-3.201246076260972906e+00 -2.241536861082676690e+00 0.000000000000000000e+00
-2.757938774019848882e+00 -2.003760008727884845e+00 0.000000000000000000e+00
-2.693797404788023542e+00 -2.029922144190658528e+00 0.000000000000000000e+00
-2.832898577430606135e+00 -2.213303154947193097e+00 0.000000000000000000e+00
-2.731668032073986119e+00 -2.212061368954622242e+00 0.000000000000000000e+00
-2.626766216175254964e+00 -2.204118772972388118e+00 0.000000000000000000e+00
-2.483589908212877617e+00 -2.236234607284759868e+00 0.000000000000000000e+00
-2.376899427279474786e+00 -2.216494780638678552e+00 0.000000000000000000e+00
-2.291097120420159339e+00 -2.212486976302490138e+00 0.000000000000000000e+00
-2.203344583894138342e+00 -2.203344787446277042e+00 0.000000000000000000e+00
-2.127043854074873508e+00 -2.202618592669590925e+00 0.000000000000000000e+00
-2.046676928329272283e+00 -2.194792499537078001e+00 0.000000000000000000e+00
-1.969251326703512994e+00 -2.187075369659051471e+00 0.000000000000000000e+00
-1.894042372288110121e+00 -2.178846707905491620e+00 0.000000000000000000e+00
-1.786011206921413352e+00 -2.205540365615772824e+00 0.000000000000000000e+00
-1.726314615777486017e+00 -2.209582153064162835e+00 0.000000000000000000e+00
-1.661009358727240315e+00 -2.204234075042326158e+00 0.000000000000000000e+00
-1.609355871824666551e+00 -2.215088535083702848e+00 0.000000000000000000e+00
-1.609455374053295973e+00 -2.298540703755068026e+00 0.000000000000000000e+00
-1.625573698914815735e+00 -2.410012349850816804e+00 0.000000000000000000e+00
2.201787950970243823e+00 -3.664390213166960564e+00 0.000000000000000000e+00
2.235198772255163835e+00 -3.441904007954588618e+00 0.000000000000000000e+00
2.255784246565091244e+00 -3.344337421169138125e+00 0.000000000000000000e+00
2.184179230297633723e+00 -3.119330979256503600e+00 0.000000000000000000e+00
2.156608059940935629e+00 -2.395155735116570206e+00 0.000000000000000000e+00
2.123743027271896899e+00 -2.277435413993029290e+00 0.000000000000000000e+00
2.126349422711828918e+00 -2.201899134408754399e+00 0.000000000000000000e+00
2.122734695431473195e+00 -2.122734550985073021e+00 0.000000000000000000e+00
2.114859123366840787e+00 -2.042295577228805392e+00 0.000000000000000000e+00
2.123119947718285605e+00 -1.979841246948541356e+00 0.000000000000000000e+00
2.199708778346637139e+00 -1.980626546397585175e+00 0.000000000000000000e+00
2.302619085528827991e+00 -2.001636097934427649e+00 0.000000000000000000e+00
2.413038290045249834e+00 -1.954039746070137973e+00 0.000000000000000000e+00
2.512966272522251909e+00 -1.963344294757459529e+00 0.000000000000000000e+00
2.621920438477723714e+00 -1.975758630045223674e+00 0.000000000000000000e+00
2.728814311458774622e+00 -1.982599511524216762e+00 0.000000000000000000e+00
2.856383234406582705e+00 -2.000060933669245422e+00 0.000000000000000000e+00
2.970441641797739507e+00 -2.003588045557321173e+00 0.000000000000000000e+00
3.089662450119561310e+00 -2.006450113196923013e+00 0.000000000000000000e+00
3.265807429677776152e+00 -1.962294931003374820e+00 0.000000000000000000e+00
3.310815140184123706e+00 -1.911499871180083687e+00 0.000000000000000000e+00
3.362912858364916602e+00 -1.864092896573711133e+00 0.000000000000000000e+00
3.446144615789525911e+00 -1.832347454845679735e+00 0.000000000000000000e+00
3.457105471463840729e+00 -1.761483081734339873e+00 0.000000000000000000e+00
3.519677439874701719e+00 -1.716661251619699291e+00 0.000000000000000000e+00
3.592060717883226673e+00 -1.599288336750213757e+00 0.000000000000000000e+00
3.593651035622968504e+00 -1.525414231182881997e+00 0.000000000000000000e+00
3.696682063718909728e+00 -1.493556369382727178e+00 0.000000000000000000e+00
3.812742610140219757e+00 -1.463574628235993824e+00 0.000000000000000000e+00
3.857438269272853937e+00 -1.403992576669324643e+00 0.000000000000000000e+00
3.940921673695264804e+00 -1.356968019578689288e+00 0.000000000000000000e+00
3.987779859804779559e+00 -1.295708086782376478e+00 0.000000000000000000e+00
4.039431304643135157e+00 -1.234977951912374694e+00 0.000000000000000000e+00
4.139957907319872454e+00 -1.109298244992845017e+00 0.000000000000000000e+00
4.182944781241785925e+00 -1.042925135765387257e+00 0.000000000000000000e+00
1.043683527324603011e+00 -2.218417497923425297e-01 0.000000000000000000e+00
1.038561535135168024e+00 -2.018758805417681657e-01 0.000000000000000000e+00
1.033063362664319751e+00 -1.821569124181545152e-01 0.000000000000000000e+00
1.039048184317121981e+00 -1.645690340883434466e-01 0.000000000000000000e+00
1.041180941375279279e+00 -1.278409141781847724e-01 0.000000000000000000e+00
1.041264477864964233e+00 -1.094412763873323924e-01 0.000000000000000000e+00
1.039031055610137866e+00 -9.090340845710476181e-02 0.000000000000000000e+00
1.040459289368800055e+00 -7.275597128489802445e-02 0.000000000000000000e+00
1.041570589153674842e+00 -5.458637193937833365e-02 0.000000000000000000e+00
1.045362809904152535e+00 -3.650484419418226212e-02 0.000000000000000000e+00
1.049840032752230146e+00 -1.832499645282248055e-02 0.000000000000000000e+00
1.046840586857719968e+00 1.827269952881885318e-02 0.000000000000000000e+00
1.048361001310498253e+00 3.660960191366714744e-02 0.000000000000000000e+00
5.172369533606286929e+00 3.616874540889184475e-01 0.000000000000000000e+00
5.155307740337075728e+00 4.510311258954263769e-01 0.000000000000000000e+00
5.117809567921430158e+00 5.379036012438708214e-01 0.000000000000000000e+00
5.119553025625378062e+00 6.286022105474899924e-01 0.000000000000000000e+00
5.136520252962556654e+00 7.218909844990615277e-01 0.000000000000000000e+00
8.496964991038908011e+00 1.651642914948810326e+00 0.000000000000000000e+00
4.123186584427922519e+00 1.665875633860168792e+00 0.000000000000000000e+00
3.808237929506843145e+00 2.666557037249323248e+00 0.000000000000000000e+00
3.730377347908498731e+00 2.710277920265257823e+00 0.000000000000000000e+00
3.732023561222427510e+00 2.812281603849577039e+00 0.000000000000000000e+00
3.608301173477461710e+00 2.819113975444443643e+00 0.000000000000000000e+00
4.623916119173254735e+00 4.465264088445108470e+00 0.000000000000000000e+00
4.081078232634987479e+00 4.376420789234618525e+00 0.000000000000000000e+00
3.950546875650758682e+00 4.387526989779647835e+00 0.000000000000000000e+00
3.839913510141482966e+00 4.417315378687754368e+00 0.000000000000000000e+00
3.564470623879563149e+00 4.401754827385966351e+00 0.000000000000000000e+00
3.320815281963723997e+00 4.406870913964144876e+00 0.000000000000000000e+00
3.208719666138946991e+00 4.416423928015771772e+00 0.000000000000000000e+00
3.043396615630191704e+00 4.346421000012120395e+00 0.000000000000000000e+00
1.044617627262791171e+00 1.608570156058650724e+00 0.000000000000000000e+00
9.729317196457608619e-01 1.557016294981856674e+00 0.000000000000000000e+00
2.490999851510116603e+00 4.314538502025257571e+00 0.000000000000000000e+00
2.401261997061594045e+00 4.331991516803651798e+00 0.000000000000000000e+00
2.287734909362217017e+00 4.302603792734228882e+00 0.000000000000000000e+00
2.183240236954023583e+00 4.284850430820656975e+00 0.000000000000000000e+00
2.084893110078599232e+00 4.274664562124867118e+00 0.000000000000000000e+00
1.994335437207300776e+00 4.276866360758437402e+00 0.000000000000000000e+00
1.819634809773198469e+00 4.286791196579696539e+00 0.000000000000000000e+00
1.645267205303244662e+00 4.286067843456425663e+00 0.000000000000000000e+00
1.379760849728152827e+00 4.246467515496537004e+00 0.000000000000000000e+00
1.296668417076551894e+00 4.241211561406802666e+00 0.000000000000000000e+00
1.216111987220339863e+00 4.241086796636070133e+00 0.000000000000000000e+00
1.126639270943886606e+00 4.204675300332892718e+00 0.000000000000000000e+00
9.517678266495932515e-01 4.122559708753186669e+00 0.000000000000000000e+00
8.998417384988103285e-01 4.233422898791921796e+00 0.000000000000000000e+00
8.221958909867703724e-01 4.229831562644630338e+00 0.000000000000000000e+00
2.432810772600111637e-01 1.379715688676438790e+00 0.000000000000000000e+00
2.135330233679741396e-01 1.348194597959300856e+00 0.000000000000000000e+00
1.611112532992656776e-01 1.312146041667145102e+00 0.000000000000000000e+00
1.401726430389308997e-01 1.333653825126875470e+00 0.000000000000000000e+00
1.189675673160432573e-01 1.359805774352429886e+00 0.000000000000000000e+00
9.961221940639022887e-02 1.424521438758120651e+00 0.000000000000000000e+00
7.635813613890114759e-02 1.457000483870886764e+00 0.000000000000000000e+00
4.959216216543032435e-02 1.420134369802071861e+00 0.000000000000000000e+00
2.565501458252384542e-02 1.469776140893859662e+00 0.000000000000000000e+00
-2.938840753888376511e-01 4.202737160414488748e+00 0.000000000000000000e+00
-3.669257436034900621e-01 4.193979711429054014e+00 0.000000000000000000e+00
-4.411101558460728267e-01 4.196882183195880245e+00 0.000000000000000000e+00
-5.158729687472546344e-01 4.201447655364056288e+00 0.000000000000000000e+00
-5.885631182217049284e-01 4.187843744723790174e+00 0.000000000000000000e+00
-6.631257337774631999e-01 4.186810711654037398e+00 0.000000000000000000e+00
-7.367892833934606145e-01 4.178539315460453984e+00 0.000000000000000000e+00
-8.896541437819390774e-01 4.185493380653769968e+00 0.000000000000000000e+00
-9.650400731336581384e-01 4.180047527235206672e+00 0.000000000000000000e+00
-1.036877247809587788e+00 4.158687250046504857e+00 0.000000000000000000e+00
-1.158045944348442324e+00 3.363209484176406416e+00 0.000000000000000000e+00
-1.452465338871737233e+00 3.783801424879833952e+00 0.000000000000000000e+00
-1.128166371065716822e+00 2.214151105462920377e+00 0.000000000000000000e+00
-1.174617920446114905e+00 2.209134945774274605e+00 0.000000000000000000e+00
-1.083064699065925840e+00 1.953900384554612568e+00 0.000000000000000000e+00
-1.187019178677940268e+00 1.899627729892190420e+00 0.000000000000000000e+00
-2.872014887267104744e+00 4.257937070211761821e+00 0.000000000000000000e+00
-2.987186232638292971e+00 4.266143963670569583e+00 0.000000000000000000e+00
-2.020217963751380630e+00 2.780591416955644934e+00 0.000000000000000000e+00
-1.470388411053852984e+00 1.576798492116449735e+00 0.000000000000000000e+00
-2.963861735458156232e+00 1.924754282208273048e+00 0.000000000000000000e+00
-2.957143716245847820e+00 1.847828444866190134e+00 0.000000000000000000e+00
-1.712505345343721341e+00 9.492571967401901567e-01 0.000000000000000000e+00
-7.135916800481618694e+00 1.258254627552451765e+00 0.000000000000000000e+00
-6.703440949820675954e+00 1.061720709961065934e+00 0.000000000000000000e+00
-6.692231510967779684e+00 9.405317705983202714e-01 0.000000000000000000e+00
-6.677850674782958684e+00 8.199369320351099777e-01 0.000000000000000000e+00
-6.698105101196436983e+00 7.039991844919298858e-01 0.000000000000000000e+00
-7.382999897003172940e+00 -2.660647504989241048e-08 0.000000000000000000e+00
