-4.686285940784782333e+00 -8.179966978789295073e-02 0.000000000000000000e+00
-7.183457009456992282e+00 -1.137748194017857539e+00 0.000000000000000000e+00
-6.707458658021361764e+00 -1.303798241007266823e+00 0.000000000000000000e+00
-6.610321313841788005e+00 -1.405067519966175071e+00 0.000000000000000000e+00
-6.547766554559183660e+00 -1.511671368774310187e+00 0.000000000000000000e+00
-6.520386995090446725e+00 -1.625715416187965889e+00 0.000000000000000000e+00
-6.496816858020933338e+00 -1.740817180367173256e+00 0.000000000000000000e+00
-6.976277690104440765e+00 -2.539157816811728363e+00 0.000000000000000000e+00
-6.860882402761949272e+00 -2.633646392183449869e+00 0.000000000000000000e+00
-6.837980791224417487e+00 -2.762723963563114893e+00 0.000000000000000000e+00
-3.981183232523189730e+00 -1.689912251928978204e+00 0.000000000000000000e+00
-3.636824338694991887e+00 -1.619218732679146067e+00 0.000000000000000000e+00
-3.397062146700392304e+00 -2.468110365916540871e+00 0.000000000000000000e+00
-2.608343508793319998e+00 -1.965528008433198304e+00 0.000000000000000000e+00
-2.505086015301223767e+00 -1.957187887082451505e+00 0.000000000000000000e+00
-2.456558301039645009e+00 -1.989281879976043443e+00 0.000000000000000000e+00
-2.422998560119389744e+00 -2.033137391655830406e+00 0.000000000000000000e+00
-2.419598883556949520e+00 -2.103325418829950610e+00 0.000000000000000000e+00
-2.940041739177763347e+00 -2.741633531043447647e+00 0.000000000000000000e+00
-2.980224750029931258e+00 -2.877969854323050747e+00 0.000000000000000000e+00
-2.941563965964479443e+00 -2.941564237715725394e+00 0.000000000000000000e+00
-2.929374213815277184e+00 -3.033456078432724468e+00 0.000000000000000000e+00
-2.919634929309850691e+00 -3.130925431141030835e+00 0.000000000000000000e+00
-2.779065940903052034e+00 -3.196949954754137568e+00 0.000000000000000000e+00
-2.911827848794744877e+00 -3.470181620585162108e+00 0.000000000000000000e+00
-2.537252033932018591e+00 -3.367047488792505039e+00 0.000000000000000000e+00
-2.408743843936078211e+00 -3.315351791401390802e+00 0.000000000000000000e+00
-2.323558062691569059e+00 -3.318385132471517007e+00 0.000000000000000000e+00
-1.939280824443167406e+00 -2.875102334552363192e+00 0.000000000000000000e+00
3.761897060076280219e+00 -6.020293280598795427e+00 0.000000000000000000e+00
8.824064198686338845e-01 -1.308221216253362629e+00 0.000000000000000000e+00
3.569324684966690864e+00 -3.213834164480108946e+00 0.000000000000000000e+00
3.476947042280424061e+00 -3.022463747553136404e+00 0.000000000000000000e+00
3.363701086058254575e+00 -2.822480149551863438e+00 0.000000000000000000e+00
3.294321697668979088e+00 -2.667688929820390520e+00 0.000000000000000000e+00
3.249756488971317747e+00 -2.538987861372649313e+00 0.000000000000000000e+00
3.260338734781623948e+00 -2.368774583099435116e+00 0.000000000000000000e+00
3.146363139714349444e+00 -2.203107035175881023e+00 0.000000000000000000e+00
3.086506991472131922e+00 -2.081875106928539498e+00 0.000000000000000000e+00
1.697792401994826283e+00 -1.060898361740095774e+00 0.000000000000000000e+00
2.968370470321704424e+00 -1.783576788490280007e+00 0.000000000000000000e+00
2.897721016599792865e+00 -1.672999885350979321e+00 0.000000000000000000e+00
2.828520154482529581e+00 -1.567874206038768703e+00 0.000000000000000000e+00
2.821817756808718158e+00 -1.437787848645361244e+00 0.000000000000000000e+00
2.776374839611860601e+00 -1.354128379248073388e+00 0.000000000000000000e+00
2.760613563088581746e+00 -1.287295140412833216e+00 0.000000000000000000e+00
2.736068579080783714e+00 -1.218176114141864996e+00 0.000000000000000000e+00
2.706284357489715742e+00 -1.148749456088131282e+00 0.000000000000000000e+00
2.736119566010962068e+00 -1.105463963297199426e+00 0.000000000000000000e+00
2.840885255369790308e+00 -1.090513576875320689e+00 0.000000000000000000e+00
2.925434599217686227e+00 -1.007307813551425069e+00 0.000000000000000000e+00
3.011044855094287875e+00 -9.783476785504231499e-01 0.000000000000000000e+00
3.128072798120885345e+00 -9.563477247937575143e-01 0.000000000000000000e+00
3.239451833266954850e+00 -9.288977600422952952e-01 0.000000000000000000e+00
3.345967076236320725e+00 -8.965490685086838774e-01 0.000000000000000000e+00
3.453282530307567377e+00 -8.609999271106997254e-01 0.000000000000000000e+00
3.545732630592734580e+00 -8.185967677288157329e-01 0.000000000000000000e+00
3.655579629601368286e+00 -7.105725868427048564e-01 0.000000000000000000e+00
3.767874458066614807e+00 -6.643778130806292648e-01 0.000000000000000000e+00
3.785809372351655711e+00 -5.996131854654771498e-01 0.000000000000000000e+00
3.794707271894147027e+00 -5.333112151407958246e-01 0.000000000000000000e+00
3.845123877035224513e+00 -4.721217341140052648e-01 0.000000000000000000e+00
3.864712015512945520e+00 -4.061974885712444916e-01 0.000000000000000000e+00
3.886155549786157959e+00 -3.399944432484861001e-01 0.000000000000000000e+00
3.909634596277275165e+00 -2.048951558749949886e-01 0.000000000000000000e+00
4.044534612307899124e+00 -1.412381466620326043e-01 0.000000000000000000e+00
4.022387043110118299e+00 -7.021091404148062376e-02 0.000000000000000000e+00
4.078999996185300958e+00 1.139659433491146824e-07 0.000000000000000000e+00
4.104374805695594652e+00 7.164224287792457513e-02 0.000000000000000000e+00
4.170457776063235755e+00 1.456357102072447784e-01 0.000000000000000000e+00
4.202233259037952529e+00 2.202298291579276313e-01 0.000000000000000000e+00
4.225858001830292920e+00 3.697147849247680029e-01 0.000000000000000000e+00
4.264509981406077621e+00 4.482181773462147190e-01 0.000000000000000000e+00
4.289784479679751961e+00 5.267194212466638215e-01 0.000000000000000000e+00
4.307665988326544237e+00 6.054030915993431350e-01 0.000000000000000000e+00
1.045961963334156364e+00 1.656641288157219283e-01 0.000000000000000000e+00
1.038972122901825168e+00 1.831988459542617798e-01 0.000000000000000000e+00
1.022164195071390003e+00 2.172677348825401700e-01 0.000000000000000000e+00
1.013344824082101914e+00 2.339491144678956525e-01 0.000000000000000000e+00
1.008137286366157515e+00 2.513568840926177494e-01 0.000000000000000000e+00
1.002630988751448626e+00 2.686541915874952058e-01 0.000000000000000000e+00
9.958671224655858412e-01 2.855603299765195335e-01 0.000000000000000000e+00
9.907317321790801712e-01 3.028971153999724941e-01 0.000000000000000000e+00
9.843434544628708593e-01 3.198326039702629742e-01 0.000000000000000000e+00
9.795572483876162639e-01 3.372886372166523095e-01 0.000000000000000000e+00
9.643885641569042155e-01 3.701941133527860139e-01 0.000000000000000000e+00
9.633440470103278308e-01 3.892162874703891107e-01 0.000000000000000000e+00
9.610070840892932509e-01 4.079233335562282847e-01 0.000000000000000000e+00
4.797087262369776894e+00 2.236918670713807344e+00 0.000000000000000000e+00
4.651259305620867757e+00 2.268570881850761722e+00 0.000000000000000000e+00
4.613631701356571746e+00 2.350762907590348227e+00 0.000000000000000000e+00
4.595252043613775150e+00 2.547189945767797337e+00 0.000000000000000000e+00
2.618191634569951187e+00 2.807666907265812029e+00 0.000000000000000000e+00
2.568475300853954035e+00 3.668163041356484744e+00 0.000000000000000000e+00
2.523857114053833950e+00 3.886399315758434447e+00 0.000000000000000000e+00
3.192406599065754413e+00 6.004043862284451194e+00 0.000000000000000000e+00
2.677286594290204214e+00 5.741459916724673818e+00 0.000000000000000000e+00
2.538850059532954173e+00 5.702350888977448129e+00 0.000000000000000000e+00
2.232655207457675317e+00 5.526015850440897381e+00 0.000000000000000000e+00
2.009026244702985409e+00 5.519754559722817255e+00 0.000000000000000000e+00
1.896760036385905845e+00 5.508591458213717651e+00 0.000000000000000000e+00
1.752126283510139215e+00 5.392490551851370384e+00 0.000000000000000000e+00
1.647514525655412676e+00 5.388777548503257186e+00 0.000000000000000000e+00
1.514075909214479099e+00 5.280210552279375413e+00 0.000000000000000000e+00
1.389599349984683041e+00 5.186055745548609153e+00 0.000000000000000000e+00
1.271057594648244304e+00 5.097933949674531284e+00 0.000000000000000000e+00
3.883790130103738081e-01 1.827179754776951937e+00 0.000000000000000000e+00
7.807643587205468361e-01 4.929552694490028308e+00 0.000000000000000000e+00
6.869583259098177574e-01 4.887963070448433811e+00 0.000000000000000000e+00
5.917974444888565166e-01 4.819804069256311330e+00 0.000000000000000000e+00
5.089490029641399182e-01 4.842327075256179114e+00 0.000000000000000000e+00
4.124208861759203204e-01 4.713993192747540917e+00 0.000000000000000000e+00
3.286226687526345724e-01 4.699524211886049407e+00 0.000000000000000000e+00
1.629107834899087837e-01 4.665156604256233130e+00 0.000000000000000000e+00
8.106635369194946372e-02 4.644292526220373141e+00 0.000000000000000000e+00
-7.226598439236002259e-08 4.581999778747557706e+00 0.000000000000000000e+00
-5.354403227990366804e-02 3.067532806091950448e+00 0.000000000000000000e+00
-2.335230996355668887e-01 4.455884873821425174e+00 0.000000000000000000e+00
-3.099978206081028809e-01 4.433174402503412992e+00 0.000000000000000000e+00
-4.606570099690187048e-01 4.382858050490913371e+00 0.000000000000000000e+00
-6.837750802863673538e-01 4.317185542170189905e+00 0.000000000000000000e+00
-7.508547611005385036e-01 4.258308596738628715e+00 0.000000000000000000e+00
-2.917001210401659050e-01 1.372341076903669244e+00 0.000000000000000000e+00
-3.068332483836936908e-01 1.329040727827027535e+00 0.000000000000000000e+00
-3.280460957739099737e-01 1.315720948457944406e+00 0.000000000000000000e+00
-3.532880171541702974e-01 1.318488757240874110e+00 0.000000000000000000e+00
-3.891999485866330932e-01 1.357301452531175068e+00 0.000000000000000000e+00
-4.277398401468316402e-01 1.399073908755049445e+00 0.000000000000000000e+00
-4.517828681532108370e-01 1.390444632588557106e+00 0.000000000000000000e+00
-4.918249713657530942e-01 1.351277948208997826e+00 0.000000000000000000e+00
-5.246506910252661804e-01 1.366761725142203954e+00 0.000000000000000000e+00
-1.790211030101482637e+00 3.839119819020087920e+00 0.000000000000000000e+00
-1.860447175330344427e+00 3.814481871976151961e+00 0.000000000000000000e+00
-1.928551754582533473e+00 3.784995820534552635e+00 0.000000000000000000e+00
-1.993845874179025035e+00 3.749878594959512146e+00 0.000000000000000000e+00
-2.075954869717800300e+00 3.745121618087869031e+00 0.000000000000000000e+00
-2.210543365811973970e+00 3.678961872062193272e+00 0.000000000000000000e+00
-2.276003321999317208e+00 3.642366611643186314e+00 0.000000000000000000e+00
-2.344670993081149124e+00 3.610476624519181943e+00 0.000000000000000000e+00
-2.411799145683871437e+00 3.575639191092168101e+00 0.000000000000000000e+00
-2.445729928152799104e+00 3.492864239850998587e+00 0.000000000000000000e+00
-2.248561757565887387e+00 2.776742461103350212e+00 0.000000000000000000e+00
-1.849593559721418368e+00 1.724773865098422121e+00 0.000000000000000000e+00
-1.877183861854014202e+00 1.690223909553392190e+00 0.000000000000000000e+00
-1.712829708398535100e+00 1.387022124269185586e+00 0.000000000000000000e+00
-1.776176210178604276e+00 1.387700918152296348e+00 0.000000000000000000e+00
-1.611474528780293847e+00 9.682715658136680226e-01 0.000000000000000000e+00
-4.848010274772010852e+00 2.798999987661050959e+00 0.000000000000000000e+00
-4.871366571676548851e+00 1.773032397491764334e+00 0.000000000000000000e+00
-6.452218661790249499e+00 2.221677007688791949e+00 0.000000000000000000e+00
-3.514552937679870759e+00 8.113984594901418879e-01 0.000000000000000000e+00
-3.441123153129663326e+00 7.314332869160291573e-01 0.000000000000000000e+00
