-7.229898623698195692e+00 -1.261987269857919869e-01 0.000000000000000000e+00
-3.996515242463869022e+00 -2.094486965969951098e-01 0.000000000000000000e+00
-3.969307432953985693e+00 -2.775612207656278918e-01 0.000000000000000000e+00
-3.155822095084056755e+00 -9.049175951901220483e-01 0.000000000000000000e+00
-3.046787009913014099e+00 -9.314964353028856170e-01 0.000000000000000000e+00
-2.988784178939149161e+00 -1.029121089148815615e+00 0.000000000000000000e+00
-2.968488860225946713e+00 -1.080441752519803789e+00 0.000000000000000000e+00
-2.954781958177883805e+00 -1.134234692714050086e+00 0.000000000000000000e+00
-3.775492605350456277e+00 -1.525398244529043268e+00 0.000000000000000000e+00
-3.798923317480691342e+00 -1.612547497413359787e+00 0.000000000000000000e+00
-3.796694964537450812e+00 -1.690397730634856321e+00 0.000000000000000000e+00
-3.828243984413568057e+00 -1.785139715104100189e+00 0.000000000000000000e+00
-3.776976423101200186e+00 -1.924465841046949732e+00 0.000000000000000000e+00
-2.904897471928278296e+00 -1.544561564515191998e+00 0.000000000000000000e+00
-3.729378277899386251e+00 -2.067228371473358806e+00 0.000000000000000000e+00
-3.994109041148512951e+00 -2.306000186872368740e+00 0.000000000000000000e+00
-3.752678147670813313e+00 -2.254836760412848751e+00 0.000000000000000000e+00
-3.573674760996496502e+00 -2.233080070101053582e+00 0.000000000000000000e+00
-3.440226761245381404e+00 -2.234109614935960053e+00 0.000000000000000000e+00
-3.264320701888610454e+00 -2.285702193885981170e+00 0.000000000000000000e+00
-2.944012691747687427e+00 -2.138950636787738446e+00 0.000000000000000000e+00
-2.673032863987171215e+00 -2.014274938832645745e+00 0.000000000000000000e+00
-2.869147073767568834e+00 -2.241623586869418094e+00 0.000000000000000000e+00
-2.767416747904910768e+00 -2.241010111023872042e+00 0.000000000000000000e+00
-2.660472284313822655e+00 -2.232401525007884580e+00 0.000000000000000000e+00
-2.536578842146885560e+00 -2.205014555020236688e+00 0.000000000000000000e+00
-2.446432703933894448e+00 -2.202778107142028041e+00 0.000000000000000000e+00
-2.317712649308997452e+00 -2.238189296168859421e+00 0.000000000000000000e+00
-2.228800436281900943e+00 -2.228800642185734038e+00 0.000000000000000000e+00
-2.147188976331387611e+00 -2.223479479363954958e+00 0.000000000000000000e+00
-2.060316881850743354e+00 -2.209419560246359993e+00 0.000000000000000000e+00
-1.977950031801436470e+00 -2.196736261293154246e+00 0.000000000000000000e+00
-1.905195348917248177e+00 -2.191676741049041421e+00 0.000000000000000000e+00
-1.822945540119873309e+00 -2.172502097357882800e+00 0.000000000000000000e+00
-1.765243639981920021e+00 -2.179894553874405005e+00 0.000000000000000000e+00
-1.714617162328976763e+00 -2.194610094008470735e+00 0.000000000000000000e+00
-1.614645975764503971e+00 -2.222369739192555205e+00 0.000000000000000000e+00
-1.599131063406725062e+00 -2.283796058677030949e+00 0.000000000000000000e+00
-1.605442748258057994e+00 -2.380166985270046887e+00 0.000000000000000000e+00
2.182207671241707114e+00 -3.492262007770410737e+00 0.000000000000000000e+00
2.211779171961297141e+00 -3.405840988809841097e+00 0.000000000000000000e+00
2.178056463020948907e+00 -3.229101251944605178e+00 0.000000000000000000e+00
2.106172741304034535e+00 -3.007926175875231589e+00 0.000000000000000000e+00
2.157122243166641251e+00 -2.481485105824395188e+00 0.000000000000000000e+00
2.111107124641809385e+00 -2.344621830435783760e+00 0.000000000000000000e+00
2.106693002602872955e+00 -2.259151502289940439e+00 0.000000000000000000e+00
2.090921762418000984e+00 -2.165212720735680829e+00 0.000000000000000000e+00
2.132123228374772417e+00 -2.058967328511406958e+00 0.000000000000000000e+00
2.127507926386626558e+00 -1.983933102977517793e+00 0.000000000000000000e+00
2.188561527668055895e+00 -1.970589517482357111e+00 0.000000000000000000e+00
2.272430550294343377e+00 -1.975393606395610346e+00 0.000000000000000000e+00
2.367077329723100032e+00 -1.986213579824011033e+00 0.000000000000000000e+00
2.458889914862693260e+00 -1.991169657221899980e+00 0.000000000000000000e+00
2.552366961521935096e+00 -1.994127484648583026e+00 0.000000000000000000e+00
2.712633986616382664e+00 -1.970843818220306964e+00 0.000000000000000000e+00
2.819521329073948923e+00 -1.974249951477379028e+00 0.000000000000000000e+00
2.954689883298120545e+00 -1.992963351039760411e+00 0.000000000000000000e+00
3.024246086856413829e+00 -1.963968233187929346e+00 0.000000000000000000e+00
3.162371491968402282e+00 -1.976068882803896809e+00 0.000000000000000000e+00
3.282950759673621821e+00 -1.972595682127174177e+00 0.000000000000000000e+00
3.391775302537424430e+00 -1.880091609423465426e+00 0.000000000000000000e+00
3.436432054008951908e+00 -1.827183194536601274e+00 0.000000000000000000e+00
3.475816527198885009e+00 -1.771016840073715404e+00 0.000000000000000000e+00
3.500802846899905951e+00 -1.707455498264903504e+00 0.000000000000000000e+00
3.550007703799702430e+00 -1.655395643429590669e+00 0.000000000000000000e+00
3.588406583048062704e+00 -1.597661411238154416e+00 0.000000000000000000e+00
3.668211792788853121e+00 -1.557063392145138447e+00 0.000000000000000000e+00
3.811809097367900190e+00 -1.463216286289420465e+00 0.000000000000000000e+00
3.856498644749802640e+00 -1.403650581344155324e+00 0.000000000000000000e+00
3.901209615374153561e+00 -1.343294062673358713e+00 0.000000000000000000e+00
3.982073480742773786e+00 -1.293853972022579235e+00 0.000000000000000000e+00
4.053775748434731874e+00 -1.239363488013633496e+00 0.000000000000000000e+00
4.126696708965763349e+00 -1.183311105282397691e+00 0.000000000000000000e+00
4.175697336361134937e+00 -1.118874594994477167e+00 0.000000000000000000e+00
4.228766258838071224e+00 -9.762874845943593227e-01 0.000000000000000000e+00
1.047596067379074070e+00 -2.226733857328286326e-01 0.000000000000000000e+00
1.035616632972622186e+00 -2.013034496389657646e-01 0.000000000000000000e+00
1.036017806600704860e+00 -1.826778605078984430e-01 0.000000000000000000e+00
1.042011152333490953e+00 -1.650383220307586885e-01 0.000000000000000000e+00
1.037800918552972629e+00 -1.458533766351500782e-01 0.000000000000000000e+00
1.039195874622231841e+00 -1.275971786867541591e-01 0.000000000000000000e+00
1.039031055610137866e+00 -9.090340845710476181e-02 0.000000000000000000e+00
1.040459289368800055e+00 -7.275597128489802445e-02 0.000000000000000000e+00
1.040572031997354596e+00 -5.453403980471051987e-02 0.000000000000000000e+00
1.040365860529601338e+00 -3.633034701804784689e-02 0.000000000000000000e+00
1.041841354168198563e+00 -1.818537922342860005e-02 0.000000000000000000e+00
1.047000050544738325e+00 2.925284348087586419e-08 0.000000000000000000e+00
1.048840256501777368e+00 1.830760394790757056e-02 0.000000000000000000e+00
5.194315779037546932e+00 3.632220856702990108e-01 0.000000000000000000e+00
5.149330530360789915e+00 4.505081876187791989e-01 0.000000000000000000e+00
5.146650983546070535e+00 5.409349569681453085e-01 0.000000000000000000e+00
5.149329618320398261e+00 6.322583172226181603e-01 0.000000000000000000e+00
5.217722487390238584e+00 7.333032165292406868e-01 0.000000000000000000e+00
5.091956633116844877e+00 1.654477146050695513e+00 0.000000000000000000e+00
4.252065082321944800e+00 1.717945930698297152e+00 0.000000000000000000e+00
3.808598434500574115e+00 2.568932210654849335e+00 0.000000000000000000e+00
3.738467317116564992e+00 2.716155627230356640e+00 0.000000000000000000e+00
3.714453711306838990e+00 2.799041771654138699e+00 0.000000000000000000e+00
3.588600829837692796e+00 2.803722379398039255e+00 0.000000000000000000e+00
5.363861288981297548e+00 4.343569429399378734e+00 0.000000000000000000e+00
4.575001129039672598e+00 4.418027429474490120e+00 0.000000000000000000e+00
4.106311968447057481e+00 4.403480659127554375e+00 0.000000000000000000e+00
3.965937040039810402e+00 4.404619499692718598e+00 0.000000000000000000e+00
3.822199949327741209e+00 4.396938257071028033e+00 0.000000000000000000e+00
3.651033420522072692e+00 4.351132382743334581e+00 0.000000000000000000e+00
3.329842426711168812e+00 4.418850340173040792e+00 0.000000000000000000e+00
3.201666193982903863e+00 4.406715656042288209e+00 0.000000000000000000e+00
3.058309342164204470e+00 4.367718581616170326e+00 0.000000000000000000e+00
1.033724857290037047e+00 1.591796760475717276e+00 0.000000000000000000e+00
9.649829385184808261e-01 1.544295585511180180e+00 0.000000000000000000e+00
2.575705289720770175e+00 4.286693660102971037e+00 0.000000000000000000e+00
2.405625198416314170e+00 4.339862940778996148e+00 0.000000000000000000e+00
2.287265471843643816e+00 4.301720909127566550e+00 0.000000000000000000e+00
2.194136084733242509e+00 4.306234737165284265e+00 0.000000000000000000e+00
2.105058183705742270e+00 4.316009092072177644e+00 0.000000000000000000e+00
1.988418807580504488e+00 4.264178106943248281e+00 0.000000000000000000e+00
1.825105021480389222e+00 4.299678208448158401e+00 0.000000000000000000e+00
1.644550521387380115e+00 4.284200817920507554e+00 0.000000000000000000e+00
1.380996828047122982e+00 4.250271465856775066e+00 0.000000000000000000e+00
1.298422659469609552e+00 4.246949430102424650e+00 0.000000000000000000e+00
1.218041440178593948e+00 4.247815599206863801e+00 0.000000000000000000e+00
1.135956697696964168e+00 4.239448412846984482e+00 0.000000000000000000e+00
1.042199473630878614e+00 4.180034092338776652e+00 0.000000000000000000e+00
9.027524892421413538e-01 4.247116905551433952e+00 0.000000000000000000e+00
8.231499577152987523e-01 4.234739810916651415e+00 0.000000000000000000e+00
2.451911927869221963e-01 1.390548493222297344e+00 0.000000000000000000e+00
2.125944101141581943e-01 1.342268426454732433e+00 0.000000000000000000e+00
1.839868211222816519e-01 1.309134416420153046e+00 0.000000000000000000e+00
1.402771763703251351e-01 1.334648393498026664e+00 0.000000000000000000e+00
1.199262835476400807e-01 1.370763953098974364e+00 0.000000000000000000e+00
9.947270828762096173e-02 1.422526336341807918e+00 0.000000000000000000e+00
7.651514505721628001e-02 1.459996393429771944e+00 0.000000000000000000e+00
4.962706327695466657e-02 1.421133807331225629e+00 0.000000000000000000e+00
2.567246570812049822e-02 1.470775916121084492e+00 0.000000000000000000e+00
-3.748780264268759821e-02 2.147672850516808563e+00 0.000000000000000000e+00
-2.207007925858837649e-01 4.211220752287664126e+00 0.000000000000000000e+00
-3.671871919258964945e-01 4.196968078909055322e+00 0.000000000000000000e+00
-4.400648969830031620e-01 4.186937210854832614e+00 0.000000000000000000e+00
-5.152636661216520864e-01 4.196485284309876107e+00 0.000000000000000000e+00
-5.878672367170697521e-01 4.182892291063117440e+00 0.000000000000000000e+00
-6.632821569186256871e-01 4.187798328405447634e+00 0.000000000000000000e+00
-7.343582193059590146e-01 4.164752067061233021e+00 0.000000000000000000e+00
-8.096026327013527979e-01 4.165044157760540600e+00 0.000000000000000000e+00
-9.636903572863428913e-01 4.174201265979215592e+00 0.000000000000000000e+00
-1.035425821561098303e+00 4.152865897666821127e+00 0.000000000000000000e+00
-1.160324911581475771e+00 3.369828085320575539e+00 0.000000000000000000e+00
-1.459274349281409311e+00 3.801539502753796818e+00 0.000000000000000000e+00
-9.858967656766332022e-01 2.021387863187076750e+00 0.000000000000000000e+00
-1.124988451346629503e+00 2.207914087023483685e+00 0.000000000000000000e+00
-1.172270508852512050e+00 2.204720106792783518e+00 0.000000000000000000e+00
-1.084034363637496723e+00 1.955649705699430418e+00 0.000000000000000000e+00
-1.171121615620870582e+00 1.874186311452301190e+00 0.000000000000000000e+00
-2.833989592149523506e+00 4.201562253213178444e+00 0.000000000000000000e+00
-2.972273231929919213e+00 4.244845991934789176e+00 0.000000000000000000e+00
-2.042553726317041018e+00 2.811333956025987568e+00 0.000000000000000000e+00
-1.499032380205811199e+00 1.607515387752662450e+00 0.000000000000000000e+00
-2.923886730376098697e+00 2.923886673724445551e+00 0.000000000000000000e+00
-2.911025519793960736e+00 1.890442043165981856e+00 0.000000000000000000e+00
-2.814526172594775666e+00 1.560117305334873583e+00 0.000000000000000000e+00
-4.075446805335016798e+00 1.483341299364872468e+00 0.000000000000000000e+00
-6.700477628590851609e+00 1.061251366001221497e+00 0.000000000000000000e+00
-6.720949564520589448e+00 9.445678296784485450e-01 0.000000000000000000e+00
-6.695716157186279105e+00 8.221305373648041259e-01 0.000000000000000000e+00
-6.744847562012036057e+00 7.089120148817441569e-01 0.000000000000000000e+00
-6.693919714531031850e+00 2.337568013825470359e-01 0.000000000000000000e+00
-7.347000122070311612e+00 -2.647674091378038025e-08 0.000000000000000000e+00
