-7.254894911407262725e+00 -1.266350401144318572e-01 0.000000000000000000e+00
-3.974545556566173143e+00 -2.082973130048532129e-01 0.000000000000000000e+00
-4.002227038882658405e+00 -2.798631855700738358e-01 0.000000000000000000e+00
-3.075476124793449451e+00 -9.402675795135481129e-01 0.000000000000000000e+00
-3.017702369847692356e+00 -9.805111036196313412e-01 0.000000000000000000e+00
-2.986893053452073232e+00 -1.028469922318272722e+00 0.000000000000000000e+00
-2.974127055280006093e+00 -1.082493888010988448e+00 0.000000000000000000e+00
-3.794321126896973428e+00 -1.610593983144134045e+00 0.000000000000000000e+00
-3.791213653577358844e+00 -1.687957293440299544e+00 0.000000000000000000e+00
-3.811930330528301880e+00 -1.777532532393797604e+00 0.000000000000000000e+00
-3.817178419283999258e+00 -1.861762541858856590e+00 0.000000000000000000e+00
-3.806386860158234686e+00 -2.023892030851417889e+00 0.000000000000000000e+00
-3.763488475591234117e+00 -2.086135964956975730e+00 0.000000000000000000e+00
-3.792965359512045165e+00 -2.279043762095242176e+00 0.000000000000000000e+00
-3.594875639260511235e+00 -2.246327850575292384e+00 0.000000000000000000e+00
-3.472095931508135003e+00 -2.254805698259919389e+00 0.000000000000000000e+00
-3.369208694036636142e+00 -2.272560192872166596e+00 0.000000000000000000e+00
-3.096394600896036131e+00 -2.168119060210611515e+00 0.000000000000000000e+00
-2.728814152423983952e+00 -1.982599730416823913e+00 0.000000000000000000e+00
-2.700186596793420879e+00 -2.034736746176757816e+00 0.000000000000000000e+00
-2.828170480016846344e+00 -2.209609160038182196e+00 0.000000000000000000e+00
-2.680389456585007046e+00 -2.249114018505445678e+00 0.000000000000000000e+00
-2.586389660902125520e+00 -2.248314443250723826e+00 0.000000000000000000e+00
-2.479131008263494085e+00 -2.232219795360996795e+00 0.000000000000000000e+00
-2.368854596892917552e+00 -2.208992854238983838e+00 0.000000000000000000e+00
-2.280307119940019778e+00 -2.202067192992636979e+00 0.000000000000000000e+00
-2.194152188071130105e+00 -2.194152390774045447e+00 0.000000000000000000e+00
-2.119402669337349110e+00 -2.194705913511306505e+00 0.000000000000000000e+00
-2.041221011961112719e+00 -2.188941745000692052e+00 0.000000000000000000e+00
-1.965236515191677524e+00 -2.182616469338766851e+00 0.000000000000000000e+00
-1.858941640631707859e+00 -2.215400583427589165e+00 0.000000000000000000e+00
-1.786640481664529823e+00 -2.206317455278831829e+00 0.000000000000000000e+00
-1.727545996196599098e+00 -2.211158248274641025e+00 0.000000000000000000e+00
-1.661009358727240315e+00 -2.204234075042326158e+00 0.000000000000000000e+00
-1.615233718378180638e+00 -2.223178697576420504e+00 0.000000000000000000e+00
-1.620353356278371404e+00 -2.314104636832658990e+00 0.000000000000000000e+00
-1.616626594920482551e+00 -2.396747721408478249e+00 0.000000000000000000e+00
2.247387821291034982e+00 -3.596572044197200224e+00 0.000000000000000000e+00
2.225395200524884043e+00 -3.426807832504977114e+00 0.000000000000000000e+00
2.191477053947495257e+00 -3.248998094702593598e+00 0.000000000000000000e+00
2.154353227844274077e+00 -3.076735036510785726e+00 0.000000000000000000e+00
2.137872324394292534e+00 -2.374347594184648358e+00 0.000000000000000000e+00
2.125106925180723749e+00 -2.278898015333561400e+00 0.000000000000000000e+00
2.124960040998935984e+00 -2.200460387625978953e+00 0.000000000000000000e+00
2.121320415734722520e+00 -2.121320271384560474e+00 0.000000000000000000e+00
2.110543054238863458e+00 -2.038127598003291130e+00 0.000000000000000000e+00
2.123851248434956318e+00 -1.980523195853191698e+00 0.000000000000000000e+00
2.202681319467745702e+00 -1.983303034263925069e+00 0.000000000000000000e+00
2.331839281431367983e+00 -1.956645348501496740e+00 0.000000000000000000e+00
2.417701198549742525e+00 -1.957815694668904705e+00 0.000000000000000000e+00
2.513754414058203768e+00 -1.963960058369168982e+00 0.000000000000000000e+00
2.627510862814407488e+00 -1.979971316657190838e+00 0.000000000000000000e+00
2.759557044390131164e+00 -2.004935412884996548e+00 0.000000000000000000e+00
2.863755654533323369e+00 -2.005223157457873384e+00 0.000000000000000000e+00
2.969612664295011584e+00 -2.003028893210703210e+00 0.000000000000000000e+00
3.110640464861023080e+00 -1.943743751742603276e+00 0.000000000000000000e+00
3.251235619617768968e+00 -1.953539304827609291e+00 0.000000000000000000e+00
3.318609423471972963e+00 -1.915999902401952726e+00 0.000000000000000000e+00
3.370784490918943721e+00 -1.868456213420266243e+00 0.000000000000000000e+00
3.435549170396577257e+00 -1.826713757028771035e+00 0.000000000000000000e+00
3.466906470310886057e+00 -1.766476939687379843e+00 0.000000000000000000e+00
3.560883257382736922e+00 -1.660466996937350892e+00 0.000000000000000000e+00
3.594801373461152583e+00 -1.600508555127649668e+00 0.000000000000000000e+00
3.650722370647948800e+00 -1.549639573537142878e+00 0.000000000000000000e+00
3.742113875092289987e+00 -1.511912011031022907e+00 0.000000000000000000e+00
3.825812679284374518e+00 -1.468591757254302355e+00 0.000000000000000000e+00
3.879050977544126866e+00 -1.411858958411917442e+00 0.000000000000000000e+00
3.959832027371567253e+00 -1.363479375881186728e+00 0.000000000000000000e+00
4.039431304643135157e+00 -1.234977951912374694e+00 0.000000000000000000e+00
4.090168661530976024e+00 -1.172836857419705003e+00 0.000000000000000000e+00
4.154447126454869021e+00 -1.113180619093641965e+00 0.000000000000000000e+00
4.204291590892162311e+00 -1.048247492506172884e+00 0.000000000000000000e+00
1.042705334008844575e+00 -2.216338284147202631e-01 0.000000000000000000e+00
1.035616632972622186e+00 -2.013034496389657646e-01 0.000000000000000000e+00
1.041023535575243297e+00 -1.648818989327662798e-01 0.000000000000000000e+00
1.038791232901021377e+00 -1.459925562109347374e-01 0.000000000000000000e+00
1.041180941375279279e+00 -1.278409141781847724e-01 0.000000000000000000e+00
1.038280891303943854e+00 -1.091276888902157211e-01 0.000000000000000000e+00
1.037038691860189488e+00 -9.072909927281350151e-02 0.000000000000000000e+00
1.038464186950789792e+00 -7.261646019040508826e-02 0.000000000000000000e+00
1.039573355795116782e+00 -5.448170143111392277e-02 0.000000000000000000e+00
1.040365860529601338e+00 -3.633034701804784689e-02 0.000000000000000000e+00
1.046000003814696822e+00 2.922490249801512288e-08 0.000000000000000000e+00
1.046840586857719968e+00 1.827269952881885318e-02 0.000000000000000000e+00
1.051359194756712467e+00 3.671430121895308263e-02 0.000000000000000000e+00
5.135459484963361909e+00 3.591064510423998546e-01 0.000000000000000000e+00
5.141360600377309353e+00 4.498109088771765074e-01 0.000000000000000000e+00
5.127755014474751682e+00 5.389489100710188607e-01 0.000000000000000000e+00
5.113744321676991333e+00 7.186900354812636449e-01 0.000000000000000000e+00
5.114250179581491196e+00 8.100177924685628694e-01 0.000000000000000000e+00
8.473405773994437951e+00 1.647063466409917298e+00 0.000000000000000000e+00
3.829324452551303715e+00 2.582912087054213934e+00 0.000000000000000000e+00
3.784482289372033570e+00 2.649923158130315315e+00 0.000000000000000000e+00
3.766783173768193382e+00 2.736728302302848359e+00 0.000000000000000000e+00
3.696883861391250470e+00 2.785801939458699916e+00 0.000000000000000000e+00
3.534228272174843699e+00 2.761241879623051787e+00 0.000000000000000000e+00
5.176553065431193090e+00 4.499909130926522671e+00 0.000000000000000000e+00
4.699678876123385862e+00 4.382521646397289139e+00 0.000000000000000000e+00
4.117224126670295803e+00 4.415182516671404045e+00 0.000000000000000000e+00
3.859595105341944610e+00 4.439956464984748941e+00 0.000000000000000000e+00
3.737809892761840391e+00 4.454548559735954427e+00 0.000000000000000000e+00
3.577057019370133428e+00 4.417297732057097193e+00 0.000000000000000000e+00
3.301557162726153294e+00 4.381314525451165842e+00 0.000000000000000000e+00
3.152879911801806934e+00 4.339567096366836907e+00 0.000000000000000000e+00
3.002672632953228060e+00 4.288261122787366375e+00 0.000000000000000000e+00
1.012483916887548130e+00 1.559088579102602568e+00 0.000000000000000000e+00
2.493499908644717156e+00 4.318868728202492235e+00 0.000000000000000000e+00
2.376536649975968807e+00 4.287385807823947736e+00 0.000000000000000000e+00
2.282570648934956647e+00 4.292891231016493059e+00 0.000000000000000000e+00
2.078317601665647718e+00 4.261182771305510819e+00 0.000000000000000000e+00
1.991799710007233326e+00 4.271428475957465665e+00 0.000000000000000000e+00
1.835264039312347162e+00 4.323611355898421493e+00 0.000000000000000000e+00
1.726936365535925999e+00 4.274317725718619343e+00 0.000000000000000000e+00
1.642758640714572449e+00 4.279532808914871644e+00 0.000000000000000000e+00
1.378524724058405537e+00 4.242663111637210882e+00 0.000000000000000000e+00
1.294037123193807926e+00 4.232604986364191468e+00 0.000000000000000000e+00
1.212528698664421700e+00 4.228590383523838980e+00 0.000000000000000000e+00
9.569417545682281645e-01 4.144970454500332302e+00 0.000000000000000000e+00
8.990100529407106800e-01 4.229510125539008847e+00 0.000000000000000000e+00
8.216235055405399779e-01 4.226886894527209115e+00 0.000000000000000000e+00
2.172874577347985170e-01 1.371899166235949652e+00 0.000000000000000000e+00
1.885795318414107136e-01 1.341813255210881461e+00 0.000000000000000000e+00
1.612331137930801683e-01 1.313138515881824953e+00 0.000000000000000000e+00
1.401726430389308997e-01 1.333653825126875470e+00 0.000000000000000000e+00
1.189675673160432573e-01 1.359805774352429886e+00 0.000000000000000000e+00
1.010073472253184002e-01 1.444472700759050765e+00 0.000000000000000000e+00
7.635813613890114759e-02 1.457000483870886764e+00 0.000000000000000000e+00
4.976665940236744273e-02 1.425131319174499867e+00 0.000000000000000000e+00
-2.316864576365129842e-08 1.468999981880187766e+00 0.000000000000000000e+00
-3.755761143220121695e-02 2.151672189805772906e+00 0.000000000000000000e+00
-2.933957820950711670e-01 4.195754242513346277e+00 0.000000000000000000e+00
-3.677972795706153097e-01 4.203941411385037519e+00 0.000000000000000000e+00
-4.413192474931367237e-01 4.198871557044085101e+00 0.000000000000000000e+00
-5.147761659093316178e-01 4.192514914183647079e+00 0.000000000000000000e+00
-5.899548148680623383e-01 4.197746179848523163e+00 0.000000000000000000e+00
-6.640643472182108376e-01 4.192736883128998393e+00 0.000000000000000000e+00
-8.107474947644091046e-01 4.170933962035588749e+00 0.000000000000000000e+00
-8.886146606050697727e-01 4.180602997141821930e+00 0.000000000000000000e+00
-9.639152920500574373e-01 4.175175565419238843e+00 0.000000000000000000e+00
-1.022361947108491265e+00 4.100469562192168738e+00 0.000000000000000000e+00
-1.117714546364706907e+00 3.439971502487163324e+00 0.000000000000000000e+00
-1.156418143876918325e+00 3.358482008543083097e+00 0.000000000000000000e+00
-1.455690587641303990e+00 3.792203484855569684e+00 0.000000000000000000e+00
-1.132252314235874247e+00 2.222170220213271374e+00 0.000000000000000000e+00
-1.173678933422524828e+00 2.207368968079456373e+00 0.000000000000000000e+00
-1.071914076637162871e+00 1.933784129754346992e+00 0.000000000000000000e+00
-1.188608947617907363e+00 1.902171891955221517e+00 0.000000000000000000e+00
-2.871455734884251765e+00 4.257108092733475679e+00 0.000000000000000000e+00
-2.980303267157110803e+00 4.256314070469112032e+00 0.000000000000000000e+00
-1.987193262396702131e+00 2.637094469334058999e+00 0.000000000000000000e+00
-2.955475037732961052e+00 1.919307897119846729e+00 0.000000000000000000e+00
-2.976648824171622465e+00 1.860016588799616510e+00 0.000000000000000000e+00
-1.709881572123901794e+00 9.478028155212936401e-01 0.000000000000000000e+00
-6.707391416838439646e+00 1.062346402449173777e+00 0.000000000000000000e+00
-6.742735299611615218e+00 9.476296149686566084e-01 0.000000000000000000e+00
-6.682813045848943645e+00 8.205462345645643252e-01 0.000000000000000000e+00
-6.740869288532519654e+00 7.084938815077597152e-01 0.000000000000000000e+00
-6.305156743765983229e+00 2.201809008014954938e-01 0.000000000000000000e+00
-7.348999977111815518e+00 -2.648394788845293490e-08 0.000000000000000000e+00
