-7.378876097962026925e+00 -1.287991462420217947e-01 0.000000000000000000e+00
-7.355516606935533552e+00 -2.568606829151565685e-01 0.000000000000000000e+00
-4.577717885345540694e+00 -2.399082666536443975e-01 0.000000000000000000e+00
-3.970304924697944937e+00 -2.776309722350803200e-01 0.000000000000000000e+00
-3.083126464227905039e+00 -9.426065234203150345e-01 0.000000000000000000e+00
-3.020555559304331172e+00 -9.814381612283994416e-01 0.000000000000000000e+00
-2.989729628968091024e+00 -1.029446633753333229e+00 0.000000000000000000e+00
-2.972247806288769834e+00 -1.081809897209905280e+00 0.000000000000000000e+00
-3.789718497382346563e+00 -1.608640282559765655e+00 0.000000000000000000e+00
-3.779337552432561420e+00 -1.682669711843287841e+00 0.000000000000000000e+00
-3.813743246845255452e+00 -1.778377909263905821e+00 0.000000000000000000e+00
-3.799202555928654856e+00 -1.852995126407830595e+00 0.000000000000000000e+00
-3.812567466203472755e+00 -2.027178317763481452e+00 0.000000000000000000e+00
-3.767861674101995906e+00 -2.088560068751730725e+00 0.000000000000000000e+00
-3.793822464661142480e+00 -2.279558762881793488e+00 0.000000000000000000e+00
-3.576218720811078722e+00 -2.234669712791284901e+00 0.000000000000000000e+00
-3.471257321752441172e+00 -2.254261098659835039e+00 0.000000000000000000e+00
-3.376669886473422810e+00 -2.277592831234168447e+00 0.000000000000000000e+00
-2.725578126221038122e+00 -1.980248619524246800e+00 0.000000000000000000e+00
-2.704978443195084292e+00 -2.038347661795359311e+00 0.000000000000000000e+00
-2.826594384920127379e+00 -2.208377779473464475e+00 0.000000000000000000e+00
-2.682687605896237670e+00 -2.251042394928434831e+00 0.000000000000000000e+00
-2.585635006053342622e+00 -2.247658431737131757e+00 0.000000000000000000e+00
-2.481360458238185629e+00 -2.234227201322878553e+00 0.000000000000000000e+00
-2.368123121862646396e+00 -2.208310742674583604e+00 0.000000000000000000e+00
-2.280307119940019778e+00 -2.202067192992636979e+00 0.000000000000000000e+00
-2.195566467654433751e+00 -2.195566670488004579e+00 0.000000000000000000e+00
-2.120097277326363994e+00 -2.195425201206428589e+00 0.000000000000000000e+00
-2.001369499731876278e+00 -2.222746217862246354e+00 0.000000000000000000e+00
-1.924221088539496582e+00 -2.213563352852411015e+00 0.000000000000000000e+00
-1.852513771013612365e+00 -2.207740146009399940e+00 0.000000000000000000e+00
-1.782864533122501038e+00 -2.201654546728393669e+00 0.000000000000000000e+00
-1.724467765326504809e+00 -2.207218292063062304e+00 0.000000000000000000e+00
-1.660407587359212567e+00 -2.203435497389634179e+00 0.000000000000000000e+00
-1.617584969110719140e+00 -2.226414916881258144e+00 0.000000000000000000e+00
-1.623794838744318403e+00 -2.319019583625695713e+00 0.000000000000000000e+00
-1.575640558871142405e+00 -2.426273928912606070e+00 0.000000000000000000e+00
2.204464184582838548e+00 -3.527879871730370542e+00 0.000000000000000000e+00
2.217225687268389756e+00 -3.414227886251608002e+00 0.000000000000000000e+00
2.191477053947495257e+00 -3.248998094702593598e+00 0.000000000000000000e+00
2.131983726004254898e+00 -3.044788079451496987e+00 0.000000000000000000e+00
2.217479681239024725e+00 -2.550918390876645514e+00 0.000000000000000000e+00
2.129173618521418287e+00 -2.364686703248314537e+00 0.000000000000000000e+00
2.110103072577111938e+00 -2.262808354377880082e+00 0.000000000000000000e+00
2.120097453433011925e+00 -2.195425031142217431e+00 0.000000000000000000e+00
2.109299628368242363e+00 -2.109299484836062444e+00 0.000000000000000000e+00
2.108385019674874794e+00 -2.036043608390534221e+00 0.000000000000000000e+00
2.178900636139798674e+00 -1.961890812266880335e+00 0.000000000000000000e+00
2.258091207483692742e+00 -1.962928606704242185e+00 0.000000000000000000e+00
2.357884914498669549e+00 -1.978500228121943705e+00 0.000000000000000000e+00
2.448787008198305859e+00 -1.982988485271794277e+00 0.000000000000000000e+00
2.542122812442242807e+00 -1.986123878762511286e+00 0.000000000000000000e+00
2.677026294608742862e+00 -2.017283868271027458e+00 0.000000000000000000e+00
2.778164437247350183e+00 -2.018454474198384307e+00 0.000000000000000000e+00
2.931476931958020948e+00 -1.977306018758699269e+00 0.000000000000000000e+00
3.022568867257656056e+00 -1.962879034122298583e+00 0.000000000000000000e+00
3.141170208260861241e+00 -1.962820851345109530e+00 0.000000000000000000e+00
3.268378949613614637e+00 -1.963840055951408647e+00 0.000000000000000000e+00
3.312547271962495543e+00 -1.912499917854704412e+00 0.000000000000000000e+00
3.362038302034110693e+00 -1.863608122119965183e+00 0.000000000000000000e+00
3.468688354228977921e+00 -1.767384854820789108e+00 0.000000000000000000e+00
3.508892050013048269e+00 -1.711400865923738523e+00 0.000000000000000000e+00
3.538225692024284719e+00 -1.649901601559488062e+00 0.000000000000000000e+00
3.623121408497651963e+00 -1.613117446036631986e+00 0.000000000000000000e+00
3.741852331272115695e+00 -1.588321943484936716e+00 0.000000000000000000e+00
3.730988033001874093e+00 -1.507416879442084134e+00 0.000000000000000000e+00
3.829547175539494752e+00 -1.470025295923736541e+00 0.000000000000000000e+00
3.884689172762798570e+00 -1.413911093450832768e+00 0.000000000000000000e+00
3.994437226460604951e+00 -1.297871196110344849e+00 0.000000000000000000e+00
4.047081644265210443e+00 -1.237316895205467615e+00 0.000000000000000000e+00
4.080555824473274917e+00 -1.170080421062524856e+00 0.000000000000000000e+00
4.155412982279336198e+00 -1.113439419350790383e+00 0.000000000000000000e+00
4.209142717928102684e+00 -1.049457014167864743e+00 0.000000000000000000e+00
1.053294018448203584e+00 -2.431720518153278054e-01 0.000000000000000000e+00
1.041506437297713639e+00 -2.024483114445705667e-01 0.000000000000000000e+00
1.039956986917062620e+00 -1.833724441605754096e-01 0.000000000000000000e+00
1.038060449817248543e+00 -1.644125923419130220e-01 0.000000000000000000e+00
1.035820407906028695e+00 -1.455750340743038052e-01 0.000000000000000000e+00
1.039195874622231841e+00 -1.275971786867541591e-01 0.000000000000000000e+00
1.038280891303943854e+00 -1.091276888902157211e-01 0.000000000000000000e+00
1.039031055610137866e+00 -9.090340845710476181e-02 0.000000000000000000e+00
1.041570589153674842e+00 -5.458637193937833365e-02 0.000000000000000000e+00
1.040365860529601338e+00 -3.633034701804784689e-02 0.000000000000000000e+00
1.042841129395635669e+00 -1.820283033686002222e-02 0.000000000000000000e+00
1.046000003814696822e+00 2.922490249801512288e-08 0.000000000000000000e+00
1.047840362084182075e+00 1.829015069811706917e-02 0.000000000000000000e+00
1.052358513147670482e+00 3.674919821381672502e-02 0.000000000000000000e+00
5.162394140474116710e+00 3.609899063746515036e-01 0.000000000000000000e+00
5.142672710079742693e+00 5.405168234686724693e-01 0.000000000000000000e+00
5.141388878079802716e+00 6.312833167013545133e-01 0.000000000000000000e+00
5.209800444864677971e+00 7.321898458431769230e-01 0.000000000000000000e+00
8.490168661009089845e+00 1.344710844208080847e+00 0.000000000000000000e+00
8.396146433244110696e+00 1.938403371013906362e+00 0.000000000000000000e+00
3.276104242590345716e+00 1.597862901702088667e+00 0.000000000000000000e+00
3.782844104053124656e+00 2.648776088364372505e+00 0.000000000000000000e+00
3.781345195496584655e+00 2.747308230895597614e+00 0.000000000000000000e+00
3.722439868243350158e+00 2.805059772845601707e+00 0.000000000000000000e+00
1.827393171431655805e+00 1.645392275739959276e+00 0.000000000000000000e+00
4.592984692267822133e+00 4.435393955379224096e+00 0.000000000000000000e+00
4.323250655093570316e+00 4.323250844068869725e+00 0.000000000000000000e+00
3.974635745372840478e+00 4.414280391115130264e+00 0.000000000000000000e+00
3.862219464024220006e+00 4.442975444432017973e+00 0.000000000000000000e+00
3.734595881233328640e+00 4.450718249785458269e+00 0.000000000000000000e+00
3.564470623879563149e+00 4.401754827385966351e+00 0.000000000000000000e+00
3.429234431473703992e+00 4.389220104563337443e+00 0.000000000000000000e+00
3.305168078018682731e+00 4.386106372098542927e+00 0.000000000000000000e+00
3.145826719923605186e+00 4.329859210162723571e+00 0.000000000000000000e+00
1.004859003877032420e+00 1.547347242185478589e+00 0.000000000000000000e+00
2.629269294884957198e+00 4.375839138921294058e+00 0.000000000000000000e+00
2.477499876769272635e+00 4.291155858802525813e+00 0.000000000000000000e+00
2.377991204544364745e+00 4.290009893849848766e+00 0.000000000000000000e+00
2.275998075951976229e+00 4.280530018478770238e+00 0.000000000000000000e+00
2.109003446947184557e+00 4.324098080848111536e+00 0.000000000000000000e+00
1.999406891607435677e+00 4.287742130360379988e+00 0.000000000000000000e+00
1.908001504968153128e+00 4.285441764145359933e+00 0.000000000000000000e+00
1.825495724271601006e+00 4.300598646591487828e+00 0.000000000000000000e+00
1.724688710360599675e+00 4.268754583642901501e+00 0.000000000000000000e+00
1.639533221326889167e+00 4.271130303671559325e+00 0.000000000000000000e+00
1.025376305675397726e+00 2.817198408236953444e+00 0.000000000000000000e+00
1.288482045518073438e+00 4.214435144828329705e+00 0.000000000000000000e+00
1.220797745218617392e+00 4.257427977865727797e+00 0.000000000000000000e+00
1.141133073318569391e+00 4.258766911041330872e+00 0.000000000000000000e+00
9.002575317078542749e-01 4.235379052209816919e+00 0.000000000000000000e+00
8.223866861355138003e-01 4.230813118683770746e+00 0.000000000000000000e+00
2.143151948633409687e-01 1.353133034965899428e+00 0.000000000000000000e+00
1.845435062921717551e-01 1.313095437707267221e+00 0.000000000000000000e+00
1.622080703833753690e-01 1.321078901202873190e+00 0.000000000000000000e+00
1.417405682452732574e-01 1.348571639356650476e+00 0.000000000000000000e+00
1.221923240381300596e-01 1.396664919332055943e+00 0.000000000000000000e+00
7.641047452464960754e-02 1.457999160072487532e+00 0.000000000000000000e+00
5.015055498776601478e-02 1.436124655448509646e+00 0.000000000000000000e+00
2.486965567703639315e-02 1.424782918317003988e+00 0.000000000000000000e+00
-3.367260659944411163e-08 2.134999990463256392e+00 0.000000000000000000e+00
-2.939538600843636940e-01 4.203735127836599972e+00 0.000000000000000000e+00
-3.675358312482089329e-01 4.200953043905037099e+00 0.000000000000000000e+00
-4.415282892971381656e-01 4.200860456667296461e+00 0.000000000000000000e+00
-5.868930291557455936e-01 4.175960444816821493e+00 0.000000000000000000e+00
-6.621871203367154513e-01 4.180884540179075515e+00 0.000000000000000000e+00
-7.373101902113922135e-01 4.181493524577603260e+00 0.000000000000000000e+00
-8.143728761332833521e-01 4.189584930893854420e+00 0.000000000000000000e+00
-8.915254117803567135e-01 4.194297003809518642e+00 0.000000000000000000e+00
-9.623406414390276442e-01 4.168355004723224511e+00 0.000000000000000000e+00
-1.157069233016928100e+00 3.360372908624734478e+00 0.000000000000000000e+00
-1.228536401543678158e+00 3.375375884978098373e+00 0.000000000000000000e+00
-1.168984222166064457e+00 2.198539500627583188e+00 0.000000000000000000e+00
-1.099499963183497853e+00 1.904389747628175034e+00 0.000000000000000000e+00
-1.195497904243564280e+00 1.913196526831548949e+00 0.000000000000000000e+00
-1.200539922582684271e+00 1.536620994341693969e+00 0.000000000000000000e+00
-3.512866329146169253e+00 4.338028548026039211e+00 0.000000000000000000e+00
-1.313511262432920823e+00 1.224869044904093984e+00 0.000000000000000000e+00
-1.983057851314070863e+00 1.337589386441798922e+00 0.000000000000000000e+00
-2.926121695672100120e+00 1.900245614236386826e+00 0.000000000000000000e+00
-7.077813127976152252e+00 1.248009382708388904e+00 0.000000000000000000e+00
-6.725169931317882543e+00 1.065162242426950012e+00 0.000000000000000000e+00
-6.710604690232895742e+00 8.239586192886549920e-01 0.000000000000000000e+00
-6.753798084559706538e+00 7.098527526693926282e-01 0.000000000000000000e+00
-6.737264757117647385e+00 5.894342603660466251e-01 0.000000000000000000e+00
-7.147546384129057628e+00 4.998051020923197085e-01 0.000000000000000000e+00
-7.360878720779401085e+00 1.284845884696122764e-01 0.000000000000000000e+00
