-7.199903459858941979e+00 -1.256751578890087373e-01 0.000000000000000000e+00
-3.940378031838951411e+00 -2.755382784702432031e-01 0.000000000000000000e+00
-4.011675981702865101e+00 -3.509763787235826160e-01 0.000000000000000000e+00
-3.135635687765557567e+00 -8.991292349417291385e-01 0.000000000000000000e+00
-3.028163913355675252e+00 -9.839102657348450798e-01 0.000000000000000000e+00
-2.991620754455166953e+00 -1.030097800583875900e+00 0.000000000000000000e+00
-2.969428708761740143e+00 -1.080783829464313062e+00 0.000000000000000000e+00
-2.987457352615059847e+00 -1.146777603322457706e+00 0.000000000000000000e+00
-3.728206120064751605e+00 -1.506293261634217284e+00 0.000000000000000000e+00
-3.801685070761831042e+00 -1.613719792290037924e+00 0.000000000000000000e+00
-3.775678054446300447e+00 -1.760627816273199420e+00 0.000000000000000000e+00
-3.800101284809663582e+00 -1.853433465825631066e+00 0.000000000000000000e+00
-3.784104808212270576e+00 -1.928097935111444450e+00 0.000000000000000000e+00
-2.884589676132021552e+00 -1.533763716690945245e+00 0.000000000000000000e+00
-3.813341937691126393e+00 -2.113770193396553143e+00 0.000000000000000000e+00
-3.910104473604085307e+00 -2.257500121786544245e+00 0.000000000000000000e+00
-3.567738046000807461e+00 -2.229370398453416779e+00 0.000000000000000000e+00
-3.394908576494404695e+00 -2.289894984254603916e+00 0.000000000000000000e+00
-3.296267853976767359e+00 -2.308071832866018358e+00 0.000000000000000000e+00
-2.895471720049471287e+00 -2.103683552982281046e+00 0.000000000000000000e+00
-2.683415134387597156e+00 -2.022098541511652137e+00 0.000000000000000000e+00
-2.856538876623008427e+00 -2.231772982707103559e+00 0.000000000000000000e+00
-2.733999300888759088e+00 -2.213949193399341819e+00 0.000000000000000000e+00
-2.650513698178230459e+00 -2.224045278259104030e+00 0.000000000000000000e+00
-2.526012774580032705e+00 -2.195829611746595411e+00 0.000000000000000000e+00
-2.396645940099035865e+00 -2.234908703456804702e+00 0.000000000000000000e+00
-2.309080683225678943e+00 -2.229853502644870922e+00 0.000000000000000000e+00
-2.208294309554621915e+00 -2.208294513564032169e+00 0.000000000000000000e+00
-2.140937007571892980e+00 -2.217005375595914707e+00 0.000000000000000000e+00
-2.056225025875159318e+00 -2.205031581528229534e+00 0.000000000000000000e+00
-1.972596896607935690e+00 -2.190791001806261296e+00 0.000000000000000000e+00
-1.899946788116289920e+00 -2.185638961963563887e+00 0.000000000000000000e+00
-1.801090814068848855e+00 -2.146456646663886136e+00 0.000000000000000000e+00
-1.730008610249699652e+00 -2.214310250819186088e+00 0.000000000000000000e+00
-1.674851104578999550e+00 -2.222602693921091888e+00 0.000000000000000000e+00
-1.611707122557205052e+00 -2.218324754388540931e+00 0.000000000000000000e+00
-1.604293150354375364e+00 -2.291168283565513164e+00 0.000000000000000000e+00
-1.613830566593892124e+00 -2.392602438544887633e+00 0.000000000000000000e+00
2.186976851904746333e+00 -3.499894291653020684e+00 0.000000000000000000e+00
2.184002774948386794e+00 -3.363069091566529778e+00 0.000000000000000000e+00
2.167991053156534953e+00 -3.214178669290602919e+00 0.000000000000000000e+00
2.107319947841196583e+00 -3.009564556481244324e+00 0.000000000000000000e+00
2.155154052236744278e+00 -2.479220961317319283e+00 0.000000000000000000e+00
2.120474912648543597e+00 -2.355025812311980715e+00 0.000000000000000000e+00
2.114194928904678861e+00 -2.267196332767781097e+00 0.000000000000000000e+00
2.134048258655878438e+00 -2.134048113439620753e+00 0.000000000000000000e+00
2.127087871560124910e+00 -2.054104741288125702e+00 0.000000000000000000e+00
2.125313849868298188e+00 -1.981887093662492605e+00 0.000000000000000000e+00
2.187818436682663403e+00 -1.969920435399062697e+00 0.000000000000000000e+00
2.278468329315956886e+00 -1.980642167270036058e+00 0.000000000000000000e+00
2.373205789178619796e+00 -1.991355967544558458e+00 0.000000000000000000e+00
2.464329913022587526e+00 -1.995574880573238952e+00 0.000000000000000000e+00
2.580735359905974136e+00 -2.016291305041925330e+00 0.000000000000000000e+00
2.713443137877783240e+00 -1.971431700982745339e+00 0.000000000000000000e+00
2.834266169327430696e+00 -1.984574399054634508e+00 0.000000000000000000e+00
2.942254430125342601e+00 -1.984575532552612209e+00 0.000000000000000000e+00
3.021730057503627442e+00 -1.962334304737425095e+00 0.000000000000000000e+00
3.155586992218201825e+00 -1.971829457146344611e+00 0.000000000000000000e+00
3.269236054804022462e+00 -1.964355056669206734e+00 0.000000000000000000e+00
3.383903669983397311e+00 -1.875728292576910539e+00 0.000000000000000000e+00
3.420539096430642800e+00 -1.818732759741974236e+00 0.000000000000000000e+00
3.469579508620536767e+00 -1.767838920627256893e+00 0.000000000000000000e+00
3.521475111996245300e+00 -1.717538034826935567e+00 0.000000000000000000e+00
3.561789715575119697e+00 -1.660889685299693275e+00 0.000000000000000000e+00
3.636824468581069780e+00 -1.619218440950245919e+00 0.000000000000000000e+00
3.672814422460196404e+00 -1.559017092360305501e+00 0.000000000000000000e+00
3.806207575568142154e+00 -1.461066063726839559e+00 0.000000000000000000e+00
3.851800074054181788e+00 -1.401940441630409317e+00 0.000000000000000000e+00
3.902155065429209202e+00 -1.343619607202036548e+00 0.000000000000000000e+00
3.979220517961316261e+00 -1.292926988318066295e+00 0.000000000000000000e+00
4.036562598285475367e+00 -1.234100900457594685e+00 0.000000000000000000e+00
4.091129853563686858e+00 -1.173112474768599034e+00 0.000000000000000000e+00
4.151549098392137260e+00 -1.112404094907673002e+00 0.000000000000000000e+00
4.222727261647914787e+00 -1.052844020892608201e+00 0.000000000000000000e+00
1.046617990667596976e+00 -2.224654891402078616e-01 0.000000000000000000e+00
1.036598306033164052e+00 -2.014942675219670021e-01 0.000000000000000000e+00
1.033063362664319751e+00 -1.821569124181545152e-01 0.000000000000000000e+00
1.043986621333238052e+00 -1.653512055236195377e-01 0.000000000000000000e+00
1.038791232901021377e+00 -1.459925562109347374e-01 0.000000000000000000e+00
1.039195874622231841e+00 -1.275971786867541591e-01 0.000000000000000000e+00
1.040269909492541167e+00 -1.093367430680400182e-01 0.000000000000000000e+00
1.038464186950789792e+00 -7.261646019040508826e-02 0.000000000000000000e+00
1.039573355795116782e+00 -5.448170143111392277e-02 0.000000000000000000e+00
1.039366423000022799e+00 -3.629544591868462400e-02 0.000000000000000000e+00
1.042841129395635669e+00 -1.820283033686002222e-02 0.000000000000000000e+00
1.047000050544738325e+00 2.925284348087586419e-08 0.000000000000000000e+00
1.047840362084182075e+00 1.829015069811706917e-02 0.000000000000000000e+00
5.277113777709911524e+00 3.690118880324255723e-01 0.000000000000000000e+00
5.164273317790181395e+00 4.518155125308423448e-01 0.000000000000000000e+00
5.177480824566385031e+00 5.441753046775539282e-01 0.000000000000000000e+00
5.155284463576516707e+00 6.329894804457996127e-01 0.000000000000000000e+00
5.234556768732480769e+00 7.356691209417611788e-01 0.000000000000000000e+00
8.501033858153164147e+00 1.346431722674393816e+00 0.000000000000000000e+00
5.347790884671931089e+00 1.737602740566174475e+00 0.000000000000000000e+00
3.789397235930886509e+00 2.653364640930711005e+00 0.000000000000000000e+00
3.694487747736940886e+00 2.783996338223819311e+00 0.000000000000000000e+00
3.607513219852319430e+00 2.818498358573831908e+00 0.000000000000000000e+00
5.373964195188526638e+00 4.351750601914028849e+00 0.000000000000000000e+00
4.605213268297248419e+00 4.447202954502412986e+00 0.000000000000000000e+00
4.432145296623805741e+00 4.432145490359040707e+00 0.000000000000000000e+00
4.102219949763611595e+00 4.399092506140689807e+00 0.000000000000000000e+00
3.972628180029502243e+00 4.412050763824303168e+00 0.000000000000000000e+00
3.829416388245696634e+00 4.405239820772256287e+00 0.000000000000000000e+00
3.656175961569695598e+00 4.357261024775512581e+00 0.000000000000000000e+00
3.517900990572787379e+00 4.344246117159990206e+00 0.000000000000000000e+00
3.327435054193563335e+00 4.415655648801758204e+00 0.000000000000000000e+00
3.222826330173191867e+00 4.435840086193368670e+00 0.000000000000000000e+00
3.056588737622701224e+00 4.365261303562596673e+00 0.000000000000000000e+00
1.034814121302106482e+00 1.593474080038545848e+00 0.000000000000000000e+00
9.665727073781962275e-01 1.546839747624358052e+00 0.000000000000000000e+00
2.575705289720770175e+00 4.286693660102971037e+00 0.000000000000000000e+00
2.480499897647079344e+00 4.296352047624588444e+00 0.000000000000000000e+00
2.290082096955083024e+00 4.307018210767539657e+00 0.000000000000000000e+00
2.193681910676165359e+00 4.305343370346738752e+00 0.000000000000000000e+00
2.119962766989866410e+00 4.346568017932641581e+00 0.000000000000000000e+00
1.990531947167241134e+00 4.268709749637596751e+00 0.000000000000000000e+00
1.821979212835582063e+00 4.292314264370597598e+00 0.000000000000000000e+00
1.719069661735451060e+00 4.254846949511463805e+00 0.000000000000000000e+00
1.524041630412982906e+00 4.187270206578680209e+00 0.000000000000000000e+00
1.379760849728152827e+00 4.246467515496537004e+00 0.000000000000000000e+00
1.298422659469609552e+00 4.246949430102424650e+00 0.000000000000000000e+00
1.215560621065034930e+00 4.239163954212059160e+00 0.000000000000000000e+00
1.136474298234765756e+00 4.241380124489620762e+00 0.000000000000000000e+00
1.049457065384563847e+00 4.209142705158346764e+00 0.000000000000000000e+00
9.010892172659539234e-01 4.239291825462730756e+00 0.000000000000000000e+00
8.233407528640421802e-01 4.235721366955791822e+00 0.000000000000000000e+00
2.453648490623113188e-01 1.391533346998390375e+00 0.000000000000000000e+00
2.125944101141581943e-01 1.342268426454732433e+00 0.000000000000000000e+00
1.835692989495018301e-01 1.306163591430240745e+00 0.000000000000000000e+00
1.405907639037460022e-01 1.337631980055231429e+00 0.000000000000000000e+00
1.191418765245775280e-01 1.361798138100257294e+00 0.000000000000000000e+00
9.947270828762096173e-02 1.422526336341807918e+00 0.000000000000000000e+00
7.646280667146782006e-02 1.458997717228170954e+00 0.000000000000000000e+00
4.966196022813671590e-02 1.422133125723708869e+00 0.000000000000000000e+00
2.567246570812049822e-02 1.470775916121084492e+00 0.000000000000000000e+00
-3.755761143220121695e-02 2.151672189805772906e+00 0.000000000000000000e+00
-2.209101462548842543e-01 4.215215457087464479e+00 0.000000000000000000e+00
-3.679716200113234970e-01 4.205934131394353237e+00 0.000000000000000000e+00
-4.406920722380699429e-01 4.192904383949459302e+00 0.000000000000000000e+00
-5.157511082221341026e-01 4.200455181153220252e+00 0.000000000000000000e+00
-5.877280736887252610e-01 4.181902094770305389e+00 0.000000000000000000e+00
-6.629693106363006017e-01 4.185823094902627162e+00 0.000000000000000000e+00
-7.374839086192798154e-01 4.182478730542915635e+00 0.000000000000000000e+00
-8.153268520318087687e-01 4.194492711059465861e+00 0.000000000000000000e+00
-9.641402268137719833e-01 4.176149864859262095e+00 0.000000000000000000e+00
-1.039296522271781820e+00 4.168390429358755256e+00 0.000000000000000000e+00
-1.158697111109951772e+00 3.365100609687252220e+00 0.000000000000000000e+00
-1.453182022846494226e+00 3.785668450393145257e+00 0.000000000000000000e+00
-1.124988451346629503e+00 2.207914087023483685e+00 0.000000000000000000e+00
-1.183537793481867828e+00 2.225910786575057809e+00 0.000000000000000000e+00
-1.084034363637496723e+00 1.955649705699430418e+00 0.000000000000000000e+00
-1.170591734755081825e+00 1.873338324828097701e+00 0.000000000000000000e+00
-2.843495982589908877e+00 4.215656056291803289e+00 0.000000000000000000e+00
-2.975714714670510297e+00 4.249760938535517063e+00 0.000000000000000000e+00
-2.024332442641398888e+00 2.786254511182164162e+00 0.000000000000000000e+00
-1.479936509171893455e+00 1.587037573574059834e+00 0.000000000000000000e+00
-2.922766856618305376e+00 1.898066956319365950e+00 0.000000000000000000e+00
-3.001242256285064247e+00 1.875384270514388163e+00 0.000000000000000000e+00
-1.709881572123901794e+00 9.478028155212936401e-01 0.000000000000000000e+00
-6.714305205086028572e+00 1.063441438897126279e+00 0.000000000000000000e+00
-6.682329075816080710e+00 9.391400741438270527e-01 0.000000000000000000e+00
-6.710604690232895742e+00 8.239586192886549920e-01 0.000000000000000000e+00
-6.752207544588276988e+00 5.907415848067630870e-01 0.000000000000000000e+00
-7.373000144958495206e+00 -2.657043845812842660e-08 0.000000000000000000e+00
