-4.225356188064232299e+00 -7.375408698642135774e-02 0.000000000000000000e+00
-4.271396554666921475e+00 -1.491606768991159127e-01 0.000000000000000000e+00
-4.304093225949955581e+00 -2.255681916657481800e-01 0.000000000000000000e+00
-4.375316064632818858e+00 -3.059521311079625439e-01 0.000000000000000000e+00
-4.410153954145211053e+00 -3.858387046957725275e-01 0.000000000000000000e+00
-4.444621801847208786e+00 -5.457311678976423108e-01 0.000000000000000000e+00
-4.528495800442477126e+00 -6.364388161513975239e-01 0.000000000000000000e+00
-4.600652245751569502e+00 -7.286719718677238111e-01 0.000000000000000000e+00
-4.632535624816183528e+00 -8.168412629882643161e-01 0.000000000000000000e+00
-4.659784407266219119e+00 -9.057705792045803728e-01 0.000000000000000000e+00
-1.062268249377784635e+00 -2.257921428973032330e-01 0.000000000000000000e+00
-1.049396568906912020e+00 -2.422723434759616601e-01 0.000000000000000000e+00
-1.043067938911141912e+00 -2.600661018580736616e-01 0.000000000000000000e+00
-1.037404324388224941e+00 -2.779717068140268310e-01 0.000000000000000000e+00
-1.032395047519479858e+00 -2.960345721461323243e-01 0.000000000000000000e+00
-1.022385783810015436e+00 -3.321933346459132741e-01 0.000000000000000000e+00
-1.017377946487367568e+00 -3.503113766938814044e-01 0.000000000000000000e+00
-1.015807676960779782e+00 -3.697238151788239113e-01 0.000000000000000000e+00
-1.012934779140406194e+00 -3.888292890031672666e-01 0.000000000000000000e+00
-1.008776068497217349e+00 -4.075720455200650960e-01 0.000000000000000000e+00
-1.004270738165410792e+00 -4.262876952799487529e-01 0.000000000000000000e+00
-9.951259724217371705e-01 -4.640349210066754826e-01 0.000000000000000000e+00
-9.940661435651713118e-01 -4.848385134082543457e-01 0.000000000000000000e+00
-3.306756029074507719e+00 -2.677758491363927629e+00 0.000000000000000000e+00
-2.963469624999698127e+00 -3.659580552957116151e+00 0.000000000000000000e+00
-2.836955984758751992e+00 -3.764768102084713242e+00 0.000000000000000000e+00
-2.802559983438269953e+00 -3.857393257067517567e+00 0.000000000000000000e+00
1.949043151305412946e+00 -3.119120805278800646e+00 0.000000000000000000e+00
1.997736080741717934e+00 -3.076243557615673474e+00 0.000000000000000000e+00
1.788417030438239186e+00 -2.057338307132901445e+00 0.000000000000000000e+00
1.638699131353465788e+00 -1.696922509698246317e+00 0.000000000000000000e+00
4.261091267112298908e+00 -3.450563437770256758e+00 0.000000000000000000e+00
4.354547555000531922e+00 -3.402145182704450654e+00 0.000000000000000000e+00
4.495519546932379207e+00 -3.387616729722558340e+00 0.000000000000000000e+00
4.663174017348176825e+00 -3.387994005354140192e+00 0.000000000000000000e+00
3.670390508054803380e+00 -2.205392952232175130e+00 0.000000000000000000e+00
3.710052828971126981e+00 -2.141999841240070701e+00 0.000000000000000000e+00
4.935285247507716022e+00 -2.514653237737888070e+00 0.000000000000000000e+00
3.396988870990583109e+00 -1.236402717287847786e+00 0.000000000000000000e+00
6.763165823414559519e+00 5.917005248948900009e-01 0.000000000000000000e+00
6.715011674215545234e+00 7.057763509989649631e-01 0.000000000000000000e+00
6.697701552955053650e+00 8.223745277568657031e-01 0.000000000000000000e+00
6.687637635438756334e+00 1.059217927178343954e+00 0.000000000000000000e+00
7.043344967685559510e+00 1.241931945328698994e+00 0.000000000000000000e+00
7.067105825304581757e+00 1.631570133274750756e+00 0.000000000000000000e+00
7.055020091102708335e+00 1.759014264517855031e+00 0.000000000000000000e+00
7.071543020967021143e+00 1.894814438101361631e+00 0.000000000000000000e+00
3.788332301024569748e+00 1.086286912718787301e+00 0.000000000000000000e+00
3.870165251378675286e+00 1.183228368173350642e+00 0.000000000000000000e+00
3.659363637388937551e+00 1.864539014163057562e+00 0.000000000000000000e+00
2.772544501446725818e+00 1.536846599762365040e+00 0.000000000000000000e+00
2.696803141225768030e+00 1.557000105417603697e+00 0.000000000000000000e+00
2.642646702942688997e+00 1.587862419218206922e+00 0.000000000000000000e+00
2.597571249466449128e+00 1.623142748479435182e+00 0.000000000000000000e+00
2.591491943455597635e+00 1.682934632292972355e+00 0.000000000000000000e+00
3.289463031642165358e+00 2.389934902748412249e+00 0.000000000000000000e+00
3.267217879108888390e+00 2.462025382866744661e+00 0.000000000000000000e+00
3.232420240082769958e+00 2.525443591102648266e+00 0.000000000000000000e+00
3.204172852927484882e+00 2.594688136152460078e+00 0.000000000000000000e+00
2.462066783407937276e+00 2.065919424424930373e+00 0.000000000000000000e+00
3.181855588730499118e+00 2.765944990042385587e+00 0.000000000000000000e+00
3.139043662887786468e+00 2.826407735823806888e+00 0.000000000000000000e+00
3.124811927525179112e+00 3.017595934594484941e+00 0.000000000000000000e+00
2.219447573082068637e+00 2.553182479468242949e+00 0.000000000000000000e+00
2.078132315408905306e+00 2.476621759301259829e+00 0.000000000000000000e+00
2.192552165032378930e+00 2.707576550658344683e+00 0.000000000000000000e+00
2.052790995415062714e+00 2.724145778079132718e+00 0.000000000000000000e+00
1.939103506803188326e+00 2.668947124523920245e+00 0.000000000000000000e+00
1.846342552531370140e+00 2.636850551230769391e+00 0.000000000000000000e+00
1.745241027827756364e+00 2.587426342186345707e+00 0.000000000000000000e+00
1.664416836031985758e+00 2.562977284518949794e+00 0.000000000000000000e+00
1.586048323008676375e+00 2.538208009553115208e+00 0.000000000000000000e+00
1.510091545188584350e+00 2.513214488772808952e+00 0.000000000000000000e+00
1.436999986889327285e+00 2.488957101737752975e+00 0.000000000000000000e+00
1.316867716518086873e+00 2.476668082666780624e+00 0.000000000000000000e+00
1.251197788639204056e+00 2.455614042352154858e+00 0.000000000000000000e+00
1.170012505215108467e+00 2.398881251565654793e+00 0.000000000000000000e+00
1.122896702733323648e+00 2.408059870435690364e+00 0.000000000000000000e+00
1.066056716914797198e+00 2.394402711800069472e+00 0.000000000000000000e+00
1.009258438381844147e+00 2.377664004607781933e+00 0.000000000000000000e+00
9.788469517407678566e-01 2.422731352520216763e+00 0.000000000000000000e+00
9.561256368791649640e-01 2.490792579662927331e+00 0.000000000000000000e+00
8.962890883106766626e-01 2.603012674901083567e+00 0.000000000000000000e+00
8.745180215055797790e-01 2.691489884476299110e+00 0.000000000000000000e+00
8.484626224582655363e-01 2.775196369712368494e+00 0.000000000000000000e+00
8.260850979317496678e-01 2.880901297374828474e+00 0.000000000000000000e+00
8.002684362702628951e-01 2.986642676499772886e+00 0.000000000000000000e+00
7.712469397629134749e-01 3.093302753828422347e+00 0.000000000000000000e+00
6.933854400667215367e-01 3.262122297821433925e+00 0.000000000000000000e+00
6.615347296889697581e-01 3.403301463919639946e+00 0.000000000000000000e+00
6.223550275293148193e-01 3.529551106398340465e+00 0.000000000000000000e+00
5.803718090153594522e-01 3.664323791144933562e+00 0.000000000000000000e+00
5.637901808388923186e-01 4.011576073078590987e+00 0.000000000000000000e+00
5.042952757412986209e-01 4.107155995281443595e+00 0.000000000000000000e+00
-2.464281893291473888e-02 1.411784886056694832e+00 0.000000000000000000e+00
-4.850866238083202386e-01 6.937060394313101064e+00 0.000000000000000000e+00
-6.040765774951176725e-01 6.904625675165973142e+00 0.000000000000000000e+00
-7.199921586673510010e-01 6.850266815906612905e+00 0.000000000000000000e+00
-1.883430192153116911e+00 6.568301318728112292e+00 0.000000000000000000e+00
-1.985496301927442531e+00 6.494265465201368492e+00 0.000000000000000000e+00
-2.104096805788489899e+00 6.475743805900977534e+00 0.000000000000000000e+00
-2.682760076798289539e+00 6.320186451361598401e+00 0.000000000000000000e+00
-1.081106024610242855e+00 2.428203805901303358e+00 0.000000000000000000e+00
-7.524706242636991504e-01 1.252321388183277540e+00 0.000000000000000000e+00
-8.867491867675473260e-01 1.266409053806129892e+00 0.000000000000000000e+00
-3.274956191212083478e+00 3.511960476041533941e+00 0.000000000000000000e+00
-3.232245345826761262e+00 3.347087971415589447e+00 0.000000000000000000e+00
-3.185236646074183220e+00 3.075947215415988811e+00 0.000000000000000000e+00
-3.130194023862911568e+00 2.918953094678370164e+00 0.000000000000000000e+00
-3.078849131235639636e+00 2.772208157799979311e+00 0.000000000000000000e+00
-3.067894511184167339e+00 2.666879962324587794e+00 0.000000000000000000e+00
-2.995233860994510167e+00 2.513299582053025283e+00 0.000000000000000000e+00
-2.939943187395098523e+00 2.380719008443698659e+00 0.000000000000000000e+00
-2.879391347912960253e+00 2.249627032678700456e+00 0.000000000000000000e+00
-2.855122005016980768e+00 2.151488711893787542e+00 0.000000000000000000e+00
-2.817806241154739766e+00 2.047256033408572318e+00 0.000000000000000000e+00
-2.739195380334021213e+00 1.711639211858468901e+00 0.000000000000000000e+00
-2.709505861654226688e+00 1.628035340546756471e+00 0.000000000000000000e+00
-2.681214623982209222e+00 1.547999957528093162e+00 0.000000000000000000e+00
-2.638727632413176760e+00 1.462670585009275159e+00 0.000000000000000000e+00
-2.616173780126650694e+00 1.391044248961628149e+00 0.000000000000000000e+00
-2.617288218767038543e+00 1.276536734897555814e+00 0.000000000000000000e+00
-2.605634896215802687e+00 1.215027484307438232e+00 0.000000000000000000e+00
-2.643800611267664191e+00 1.177095848677274903e+00 0.000000000000000000e+00
-2.721932875216916958e+00 1.155391935376868240e+00 0.000000000000000000e+00
-2.828838057446283916e+00 1.142924742202789279e+00 0.000000000000000000e+00
-2.908103044634458012e+00 1.116316147514540003e+00 0.000000000000000000e+00
-3.021111702108189245e+00 1.099594712379812433e+00 0.000000000000000000e+00
-3.131557563305912950e+00 1.078281720030903834e+00 0.000000000000000000e+00
-3.270562344255462328e+00 9.999112331546285981e-01 0.000000000000000000e+00
-3.403827564605558464e+00 9.760318268255993024e-01 0.000000000000000000e+00
-3.507276721080021975e+00 9.397719438756534371e-01 0.000000000000000000e+00
-3.658014874566682284e+00 9.120455216900182904e-01 0.000000000000000000e+00
-3.707478166143021614e+00 8.559387569184467859e-01 0.000000000000000000e+00
-3.746305240345323639e+00 7.963017403908861924e-01 0.000000000000000000e+00
-3.752760681098747497e+00 7.294627614848939734e-01 0.000000000000000000e+00
-3.781858655258496515e+00 5.989875478116750696e-01 0.000000000000000000e+00
-3.839269397589694321e+00 5.395741074410010940e-01 0.000000000000000000e+00
-3.866959718084698405e+00 4.748029331537535480e-01 0.000000000000000000e+00
-3.862723106000489626e+00 4.059885408571358156e-01 0.000000000000000000e+00
-3.964854918890610591e+00 3.468798408294702096e-01 0.000000000000000000e+00
-4.014197906846720620e+00 2.807000454177220328e-01 0.000000000000000000e+00
-4.077514498542082144e+00 1.423899280866910977e-01 0.000000000000000000e+00
-4.114373036990093269e+00 7.181663311145643214e-02 0.000000000000000000e+00
-4.197999954223631924e+00 -1.512853617766379121e-08 0.000000000000000000e+00
