-4.650291648824771862e+00 -8.117138520735690810e-02 0.000000000000000000e+00
-6.651403799943233608e+00 -1.413799874131733025e+00 0.000000000000000000e+00
-6.647152530457601571e+00 -1.534616434541617114e+00 0.000000000000000000e+00
-6.580545595863536157e+00 -1.640714643191937938e+00 0.000000000000000000e+00
-6.561534263351848750e+00 -1.758158160347200072e+00 0.000000000000000000e+00
-6.885155514758208639e+00 -2.642963968273994713e+00 0.000000000000000000e+00
-6.854670216992731824e+00 -2.769466930224765200e+00 0.000000000000000000e+00
-4.319929039615730382e+00 -1.833701335791980469e+00 0.000000000000000000e+00
-3.635910859470378398e+00 -1.618812025471247695e+00 0.000000000000000000e+00
-2.651148559129902438e+00 -1.926172368300305360e+00 0.000000000000000000e+00
-2.510602254201542038e+00 -1.961497645666392842e+00 0.000000000000000000e+00
-2.459666844745371339e+00 -1.991799129277351588e+00 0.000000000000000000e+00
-2.416104112185698316e+00 -2.027352262386862947e+00 0.000000000000000000e+00
-2.390165185213075194e+00 -2.077739092799813392e+00 0.000000000000000000e+00
-3.032773794969157333e+00 -2.730722046320642082e+00 0.000000000000000000e+00
-3.013177036423656752e+00 -2.809833305407279713e+00 0.000000000000000000e+00
-2.965605538768938398e+00 -2.965605812741222813e+00 0.000000000000000000e+00
-2.898114535637256850e+00 -3.001085731096504894e+00 0.000000000000000000e+00
-2.895082817849916612e+00 -3.104596512622341820e+00 0.000000000000000000e+00
-2.205454368962790124e+00 -2.449405448587356204e+00 0.000000000000000000e+00
-2.801371894161327702e+00 -3.222610021041236728e+00 0.000000000000000000e+00
-2.864261337766337956e+00 -3.413494054939939737e+00 0.000000000000000000e+00
-2.745724659464912509e+00 -3.390687889218239270e+00 0.000000000000000000e+00
-2.545677407019904859e+00 -3.378228337568392803e+00 0.000000000000000000e+00
-2.414033807736999826e+00 -3.322632802625554493e+00 0.000000000000000000e+00
-2.318395702241378586e+00 -3.311012516980889941e+00 0.000000000000000000e+00
-2.012535113407425413e+00 -2.983706294619665744e+00 0.000000000000000000e+00
3.754478222295903223e+00 -6.008420659278809417e+00 0.000000000000000000e+00
8.729001624072474375e-01 -1.294127611064039618e+00 0.000000000000000000e+00
3.523249854640659429e+00 -3.172348203718932780e+00 0.000000000000000000e+00
3.492795874830675551e+00 -3.036240926567274734e+00 0.000000000000000000e+00
3.354508853473057162e+00 -2.814766951102298354e+00 0.000000000000000000e+00
3.281110432382984499e+00 -2.656990658859996746e+00 0.000000000000000000e+00
3.292774405432584039e+00 -2.481283319223315686e+00 0.000000000000000000e+00
3.274091798724501512e+00 -2.378766768254948261e+00 0.000000000000000000e+00
3.190597269872653019e+00 -2.234080104405102851e+00 0.000000000000000000e+00
3.069097080309092895e+00 -2.070131974395772900e+00 0.000000000000000000e+00
1.667262557499775255e+00 -1.041821198966293771e+00 0.000000000000000000e+00
2.943512580518344190e+00 -1.768640662522378948e+00 0.000000000000000000e+00
2.902051242807448084e+00 -1.675499942432889799e+00 0.000000000000000000e+00
2.849271928534960363e+00 -1.514984641820714018e+00 0.000000000000000000e+00
2.805779526950812119e+00 -1.429615963006099610e+00 0.000000000000000000e+00
2.772779709657976266e+00 -1.352374917349419725e+00 0.000000000000000000e+00
2.754269436144990646e+00 -1.284336825676630101e+00 0.000000000000000000e+00
2.736982276144234394e+00 -1.218582918250054048e+00 0.000000000000000000e+00
2.708125233785883434e+00 -1.149530861648155211e+00 0.000000000000000000e+00
2.747245850217097995e+00 -1.109959273512468148e+00 0.000000000000000000e+00
2.858545036290502050e+00 -1.040425207318574019e+00 0.000000000000000000e+00
2.933944100571583835e+00 -1.010237869552505829e+00 0.000000000000000000e+00
3.014849258968655743e+00 -9.795838041738786917e-01 0.000000000000000000e+00
3.135723365743783297e+00 -9.586867377936898471e-01 0.000000000000000000e+00
3.252909667638147262e+00 -9.327567315121114699e-01 0.000000000000000000e+00
3.358524123133053596e+00 -8.999137186806600575e-01 0.000000000000000000e+00
3.444549807633284999e+00 -8.588226150836513195e-01 0.000000000000000000e+00
3.570238858395810677e+00 -7.588775857691659743e-01 0.000000000000000000e+00
3.627112398055532427e+00 -7.050391184438832282e-01 0.000000000000000000e+00
3.767874458066614807e+00 -6.643778130806292648e-01 0.000000000000000000e+00
3.783834138835160399e+00 -5.993003392694922216e-01 0.000000000000000000e+00
3.831347132034647718e+00 -5.384606105839825352e-01 0.000000000000000000e+00
3.848101536325156502e+00 -4.724873446151283685e-01 0.000000000000000000e+00
3.868690289002637783e+00 -4.066156218484139329e-01 0.000000000000000000e+00
3.899477800318150056e+00 -2.726779392187069218e-01 0.000000000000000000e+00
3.906638686716479292e+00 -2.047381469931340015e-01 0.000000000000000000e+00
4.045533930700806913e+00 -1.412730436010549706e-01 0.000000000000000000e+00
4.025386845556964133e+00 -7.026327570371738995e-02 0.000000000000000000e+00
4.072999954223631036e+00 1.137983041132883822e-07 0.000000000000000000e+00
4.102375255242670882e+00 7.160734053932814314e-02 0.000000000000000000e+00
4.131481499535790469e+00 1.442746275592226846e-01 0.000000000000000000e+00
4.182785894898570334e+00 2.924889978365685095e-01 0.000000000000000000e+00
4.213903581877719517e+00 3.686689083714735915e-01 0.000000000000000000e+00
4.239646839247765087e+00 4.456049551214130711e-01 0.000000000000000000e+00
4.278866316811097192e+00 5.253788391138094482e-01 0.000000000000000000e+00
4.287860645914336466e+00 6.026196317027245897e-01 0.000000000000000000e+00
1.043986612093517952e+00 1.653512638609177521e-01 0.000000000000000000e+00
1.037002532763052542e+00 1.828515540178638765e-01 0.000000000000000000e+00
1.022164195071390003e+00 2.172677348825401700e-01 0.000000000000000000e+00
1.012370524644815584e+00 2.337241796923258674e-01 0.000000000000000000e+00
1.008137286366157515e+00 2.513568840926177494e-01 0.000000000000000000e+00
1.002630988751448626e+00 2.686541915874952058e-01 0.000000000000000000e+00
9.958671224655858412e-01 2.855603299765195335e-01 0.000000000000000000e+00
9.907317321790801712e-01 3.028971153999724941e-01 0.000000000000000000e+00
9.843434544628708593e-01 3.198326039702629742e-01 0.000000000000000000e+00
9.795572483876162639e-01 3.372886372166523095e-01 0.000000000000000000e+00
9.643885641569042155e-01 3.701941133527860139e-01 0.000000000000000000e+00
9.624168198377736072e-01 3.888416633484430007e-01 0.000000000000000000e+00
9.610070840892932509e-01 4.079233335562282847e-01 0.000000000000000000e+00
4.778054449873704534e+00 2.228043523921579006e+00 0.000000000000000000e+00
4.655752950079249608e+00 2.270762578830406664e+00 0.000000000000000000e+00
4.595811588087946653e+00 2.341683105821901201e+00 0.000000000000000000e+00
4.541899938575340023e+00 2.517616389355736395e+00 0.000000000000000000e+00
7.435068877084472838e+00 4.467440328317462850e+00 0.000000000000000000e+00
2.592957736156805471e+00 2.780606863004562612e+00 0.000000000000000000e+00
2.582240957693631600e+00 3.687822437591484981e+00 0.000000000000000000e+00
2.523312514510814175e+00 3.885560705965682260e+00 0.000000000000000000e+00
3.353912940977642254e+00 6.050619393549021119e+00 0.000000000000000000e+00
2.808205515484233139e+00 5.757674838184628108e+00 0.000000000000000000e+00
2.667989062236678421e+00 5.721521293895266425e+00 0.000000000000000000e+00
2.526647875425113376e+00 5.674944333346662262e+00 0.000000000000000000e+00
2.237150517808328409e+00 5.537142134592334841e+00 0.000000000000000000e+00
2.008000095605272595e+00 5.516935238085785898e+00 0.000000000000000000e+00
1.858994075351046549e+00 5.398911136835661928e+00 0.000000000000000000e+00
1.746872933602184430e+00 5.376322402323093996e+00 0.000000000000000000e+00
1.653361953827709563e+00 5.407903625488115651e+00 0.000000000000000000e+00
1.516005362172733184e+00 5.286939354850169970e+00 0.000000000000000000e+00
1.387528824418946982e+00 5.178328438388736465e+00 0.000000000000000000e+00
1.245413773094179000e+00 4.995082191382615555e+00 0.000000000000000000e+00
3.835970441163273903e-01 1.804682358011227672e+00 0.000000000000000000e+00
7.810772049405662054e-01 4.931527928002716443e+00 0.000000000000000000e+00
6.884892516038267907e-01 4.898856174110880701e+00 0.000000000000000000e+00
5.938692472191731131e-01 4.836677550754531651e+00 0.000000000000000000e+00
5.079037444147688207e-01 4.832382102882160524e+00 0.000000000000000000e+00
4.140768496314264357e-01 4.732920945241056998e+00 0.000000000000000000e+00
2.464499476631901442e-01 4.702546593620797744e+00 0.000000000000000000e+00
1.633993740891958035e-01 4.679148014844363601e+00 0.000000000000000000e+00
8.096163861642124981e-02 4.638293398092489639e+00 0.000000000000000000e+00
-7.228176248254022605e-08 4.583000183105467862e+00 0.000000000000000000e+00
-5.354403227990366804e-02 3.067532806091950448e+00 0.000000000000000000e+00
-3.107651528965155729e-01 4.444147763066182755e+00 0.000000000000000000e+00
-4.605524890670179561e-01 4.381863600679308135e+00 0.000000000000000000e+00
-6.793949339587265213e-01 4.289530389264703203e+00 0.000000000000000000e+00
-7.498128646627648664e-01 4.252399708911401177e+00 0.000000000000000000e+00
-2.914921996197854526e-01 1.371362883596999316e+00 0.000000000000000000e+00
-3.052585977726638977e-01 1.322220167131012758e+00 0.000000000000000000e+00
-3.280460957739099737e-01 1.315720948457944406e+00 0.000000000000000000e+00
-3.532880171541702974e-01 1.318488757240874110e+00 0.000000000000000000e+00
-3.891999485866330932e-01 1.357301452531175068e+00 0.000000000000000000e+00
-4.277398401468316402e-01 1.399073908755049445e+00 0.000000000000000000e+00
-4.517828681532108370e-01 1.390444632588557106e+00 0.000000000000000000e+00
-4.904569083568270926e-01 1.347519226136410397e+00 0.000000000000000000e+00
-7.844674290222994895e-01 2.043607441959422566e+00 0.000000000000000000e+00
-1.789365854817648982e+00 3.837307334833501837e+00 0.000000000000000000e+00
-1.856940251218740956e+00 3.807291612221675337e+00 0.000000000000000000e+00
-1.927643622891690667e+00 3.783213511791130745e+00 0.000000000000000000e+00
-1.996662499457559248e+00 3.755175896510639877e+00 0.000000000000000000e+00
-2.071591436939542064e+00 3.737249777198981882e+00 0.000000000000000000e+00
-2.210028365056710520e+00 3.678104766894296329e+00 0.000000000000000000e+00
-2.270174127105238249e+00 3.633037950015265860e+00 0.000000000000000000e+00
-2.338135538543349767e+00 3.600412907303009113e+00 0.000000000000000000e+00
-2.407325393333126229e+00 3.569006580634039860e+00 0.000000000000000000e+00
-2.413609787244032301e+00 3.446991925713704941e+00 0.000000000000000000e+00
-2.292823375673648023e+00 2.732480437631960246e+00 0.000000000000000000e+00
-1.737924894072298221e+00 1.678294529579926087e+00 0.000000000000000000e+00
-1.846668182552806625e+00 1.722045906807554649e+00 0.000000000000000000e+00
-1.863064070363719571e+00 1.677510392428205988e+00 0.000000000000000000e+00
-1.777752305344132200e+00 1.388932298628943185e+00 0.000000000000000000e+00
-4.845411973902685077e+00 2.797499857981246230e+00 0.000000000000000000e+00
-3.834150321811251150e+00 1.707073675591846307e+00 0.000000000000000000e+00
-4.653358001446922465e+00 1.693683768670559697e+00 0.000000000000000000e+00
-3.458039388363059796e+00 7.983512789044222568e-01 0.000000000000000000e+00
-3.471445863114226427e+00 7.378785777252345746e-01 0.000000000000000000e+00
-1.986241173447077291e+00 3.145896867910121242e-01 0.000000000000000000e+00
