-6.691752357373908389e+00 -1.300745244604166961e+00 0.000000000000000000e+00
-6.638687870076591224e+00 -1.411097019127639074e+00 0.000000000000000000e+00
-6.573100198249694159e+00 -1.517520102615777189e+00 0.000000000000000000e+00
-6.536882214701920546e+00 -1.629828137232893104e+00 0.000000000000000000e+00
-6.521199174533785836e+00 -1.869924126574613821e+00 0.000000000000000000e+00
-6.891705660454251259e+00 -2.508376110619826793e+00 0.000000000000000000e+00
-6.799266110027724075e+00 -2.609994109935632522e+00 0.000000000000000000e+00
-3.672814297403186323e+00 -1.559017386976150554e+00 0.000000000000000000e+00
-3.605763866996077649e+00 -1.605389717874768918e+00 0.000000000000000000e+00
-3.392208010953635444e+00 -2.464583629508208418e+00 0.000000000000000000e+00
-2.582787121590804258e+00 -1.946269887456584025e+00 0.000000000000000000e+00
-2.503510108080901908e+00 -1.955956653302876713e+00 0.000000000000000000e+00
-2.456558301039645009e+00 -1.989281879976043443e+00 0.000000000000000000e+00
-2.416870101076368016e+00 -2.027995003443686883e+00 0.000000000000000000e+00
-2.993430523604095672e+00 -2.791419382589154008e+00 0.000000000000000000e+00
-2.968715118910909112e+00 -2.866855131718793803e+00 0.000000000000000000e+00
-2.937321295801954779e+00 -2.937321567161248925e+00 0.000000000000000000e+00
-2.946046130507263161e+00 -3.050720355147498175e+00 0.000000000000000000e+00
-2.883283646393923316e+00 -3.202211196335682963e+00 0.000000000000000000e+00
-2.769771669705585193e+00 -3.300885643156481919e+00 0.000000000000000000e+00
-2.789147917656578102e+00 -3.444311152262236941e+00 0.000000000000000000e+00
-2.643650313545195640e+00 -3.383718412834701983e+00 0.000000000000000000e+00
-2.532437576020047487e+00 -3.360658486751868956e+00 0.000000000000000000e+00
-2.405217107976186597e+00 -3.310497655328822564e+00 0.000000000000000000e+00
-2.309218598000546852e+00 -3.297906252600889321e+00 0.000000000000000000e+00
-1.905729284455893957e+00 -2.825360126137068661e+00 0.000000000000000000e+00
8.729001624072474375e-01 -1.294127611064039618e+00 0.000000000000000000e+00
3.525479127596836904e+00 -3.174355449968816245e+00 0.000000000000000000e+00
3.515378220251766717e+00 -2.949752368292255955e+00 0.000000000000000000e+00
3.387579497186751443e+00 -2.743207601712393640e+00 0.000000000000000000e+00
3.335649449906568975e+00 -2.606094792594129572e+00 0.000000000000000000e+00
3.277600287713271054e+00 -2.469848802142903921e+00 0.000000000000000000e+00
3.212606525746475317e+00 -2.334095105672307380e+00 0.000000000000000000e+00
3.122607693951120478e+00 -2.186473294135595324e+00 0.000000000000000000e+00
3.032619500635522325e+00 -2.045527537958975017e+00 0.000000000000000000e+00
2.952280586661640172e+00 -1.704499865485497478e+00 0.000000000000000000e+00
2.893242119050766448e+00 -1.603750174131086448e+00 0.000000000000000000e+00
2.815719825131365983e+00 -1.497144673354326549e+00 0.000000000000000000e+00
2.781722394596465975e+00 -1.417358242786970424e+00 0.000000000000000000e+00
2.755702574515521253e+00 -1.344045842686041325e+00 0.000000000000000000e+00
2.749737793424929411e+00 -1.282223686145034458e+00 0.000000000000000000e+00
2.744024955146699973e+00 -1.164769387959265545e+00 0.000000000000000000e+00
2.712940101991993203e+00 -1.096098852766276277e+00 0.000000000000000000e+00
2.790472004337808176e+00 -1.071161744695233509e+00 0.000000000000000000e+00
2.872640300297000238e+00 -1.045555463371912630e+00 0.000000000000000000e+00
2.973655933463497547e+00 -1.023911748836346503e+00 0.000000000000000000e+00
3.054793458903607206e+00 -9.925624601416889181e-01 0.000000000000000000e+00
3.188320191648222224e+00 -9.747671994809308238e-01 0.000000000000000000e+00
3.331478087395989274e+00 -8.926667561151490071e-01 0.000000000000000000e+00
3.426114136877532967e+00 -8.542260866972161137e-01 0.000000000000000000e+00
3.515527256875860651e+00 -8.116233086813576802e-01 0.000000000000000000e+00
3.571216935107287771e+00 -7.590854823617867453e-01 0.000000000000000000e+00
3.729201715588693400e+00 -7.248832684279598038e-01 0.000000000000000000e+00
3.756056682321074813e+00 -6.622940207216534425e-01 0.000000000000000000e+00
3.786797224593155153e+00 -5.997696458603455349e-01 0.000000000000000000e+00
3.802629314481923206e+00 -5.344245853841809168e-01 0.000000000000000000e+00
3.854766806013709690e+00 -4.051522052213625269e-01 0.000000000000000000e+00
3.889144154788911845e+00 -3.402559122198083874e-01 0.000000000000000000e+00
3.904465734741528582e+00 -2.730267294283637014e-01 0.000000000000000000e+00
3.900646867594887990e+00 -2.044241292294119716e-01 0.000000000000000000e+00
3.987569413265349194e+00 -1.392488796861684752e-01 0.000000000000000000e+00
4.030386198458684177e+00 -7.035053959281700742e-02 0.000000000000000000e+00
4.091376774222521107e+00 7.141536103310947015e-02 0.000000000000000000e+00
4.119489202297614838e+00 1.438558469794689876e-01 0.000000000000000000e+00
4.184257801725819625e+00 2.192877748623046352e-01 0.000000000000000000e+00
4.207725091242405568e+00 2.942329170159734275e-01 0.000000000000000000e+00
4.238808544275138424e+00 3.708478109309852888e-01 0.000000000000000000e+00
4.281416576631735360e+00 4.499951325720707440e-01 0.000000000000000000e+00
4.304672539385818730e+00 5.285474455283057926e-01 0.000000000000000000e+00
1.038972122901825168e+00 1.831988459542617798e-01 0.000000000000000000e+00
1.025800359301437092e+00 1.993954191148208099e-01 0.000000000000000000e+00
1.021186118371530061e+00 2.170598382352650901e-01 0.000000000000000000e+00
1.012370524644815584e+00 2.337241796923258674e-01 0.000000000000000000e+00
1.008137286366157515e+00 2.513568840926177494e-01 0.000000000000000000e+00
1.001665017794112433e+00 2.683953604227380385e-01 0.000000000000000000e+00
9.949058158569539234e-01 2.852846797153783531e-01 0.000000000000000000e+00
9.843434544628708593e-01 3.198326039702629742e-01 0.000000000000000000e+00
9.786116856361550820e-01 3.369630538243920115e-01 0.000000000000000000e+00
9.735215587386178981e-01 3.543328976193380608e-01 0.000000000000000000e+00
9.699900858365094747e-01 3.723443362283763713e-01 0.000000000000000000e+00
9.633440470103278308e-01 3.892162874703891107e-01 0.000000000000000000e+00
9.610070840892932509e-01 4.079233335562282847e-01 0.000000000000000000e+00
4.650360148150798345e+00 2.268132333423170444e+00 0.000000000000000000e+00
4.611849817489213521e+00 2.349854992357368388e+00 0.000000000000000000e+00
4.588678604732884914e+00 2.439843835169866360e+00 0.000000000000000000e+00
4.611869447486737883e+00 2.556401123667994657e+00 0.000000000000000000e+00
2.644187370731103659e+00 3.776291087756472376e+00 0.000000000000000000e+00
2.606957337515041662e+00 3.864973364990200277e+00 0.000000000000000000e+00
2.529848228435291002e+00 3.895624823297301642e+00 0.000000000000000000e+00
2.356814262509974167e+00 3.922397798172405636e+00 0.000000000000000000e+00
1.113638684584456584e+00 2.185639086643833551e+00 0.000000000000000000e+00
2.829685607181308793e+00 5.801715554864449231e+00 0.000000000000000000e+00
2.595721340834963087e+00 5.566542657470660238e+00 0.000000000000000000e+00
2.257004656335099391e+00 5.586282854498081818e+00 0.000000000000000000e+00
2.133005982860370686e+00 5.556670869977604177e+00 0.000000000000000000e+00
2.000133713599697050e+00 5.495322529910231069e+00 0.000000000000000000e+00
1.888295257369229985e+00 5.484007953451683903e+00 0.000000000000000000e+00
1.738220495966284584e+00 5.349692935805075322e+00 0.000000000000000000e+00
1.620031487773301748e+00 5.298884576272941516e+00 0.000000000000000000e+00
1.509941385937381364e+00 5.265791755108431005e+00 0.000000000000000000e+00
1.292104772234208721e+00 5.182349574593565933e+00 0.000000000000000000e+00
8.915096270933996481e-01 5.056002846420430075e+00 0.000000000000000000e+00
7.752891023076607935e-01 4.894983282218960952e+00 0.000000000000000000e+00
6.819481261993578514e-01 4.852313642766099555e+00 0.000000000000000000e+00
5.909443629203317006e-01 4.812856276470665051e+00 0.000000000000000000e+00
4.127695253725333080e-01 4.717978157754520119e+00 0.000000000000000000e+00
3.287621715557861313e-01 4.701519195383460747e+00 0.000000000000000000e+00
2.444088442029539177e-01 4.663600007447125328e+00 0.000000000000000000e+00
1.631201651970010658e-01 4.671152514611133455e+00 0.000000000000000000e+00
8.038570986199022883e-02 4.605298431771400303e+00 0.000000000000000000e+00
-7.206095194594291031e-08 4.568999767303465909e+00 0.000000000000000000e+00
-2.378669948603734374e-01 4.538771307993835435e+00 0.000000000000000000e+00
-3.109046557625957385e-01 4.446142746559193171e+00 0.000000000000000000e+00
-3.855770538264720604e-01 4.407165125727174448e+00 0.000000000000000000e+00
-4.614932270280869275e-01 4.390814123208750530e+00 0.000000000000000000e+00
-5.362251873501799881e-01 4.367203153928686632e+00 0.000000000000000000e+00
-6.042896685941478996e-01 4.299743953153958742e+00 0.000000000000000000e+00
-6.770484376537435622e-01 4.274715196060549616e+00 0.000000000000000000e+00
-8.231500912934982539e-01 4.234739784951679908e+00 0.000000000000000000e+00
-2.881656303887441539e-01 1.355712606920243424e+00 0.000000000000000000e+00
-3.016593733906611230e-01 1.306630214551010916e+00 0.000000000000000000e+00
-3.282880289879971381e-01 1.316691289522822217e+00 0.000000000000000000e+00
-3.538056486065407347e-01 1.320420584014514453e+00 0.000000000000000000e+00
-4.177991903162588949e-01 1.366559509794105010e+00 0.000000000000000000e+00
-4.558000927814131464e-01 1.402808378130789846e+00 0.000000000000000000e+00
-4.723994021584112524e-01 1.371947423512920983e+00 0.000000000000000000e+00
-4.904569083568270926e-01 1.347519226136410397e+00 0.000000000000000000e+00
-7.787336154579231895e-01 2.028670347521261519e+00 0.000000000000000000e+00
-1.720089349201719520e+00 3.863383802460718108e+00 0.000000000000000000e+00
-1.787675302729885729e+00 3.833681934299101979e+00 0.000000000000000000e+00
-1.862639081286967979e+00 3.818975945039598585e+00 0.000000000000000000e+00
-1.992906775224689175e+00 3.748112406753584480e+00 0.000000000000000000e+00
-2.059471381114454491e+00 3.715384618305071385e+00 0.000000000000000000e+00
-2.136499925098731545e+00 3.700526320515527878e+00 0.000000000000000000e+00
-2.204363111159516553e+00 3.668676201318215480e+00 0.000000000000000000e+00
-2.274943560267739695e+00 3.640670638394779335e+00 0.000000000000000000e+00
-2.347394250632643953e+00 3.614670073306338605e+00 0.000000000000000000e+00
-2.409562269508498833e+00 3.572322885863103981e+00 0.000000000000000000e+00
-2.252337706368476411e+00 2.781405369442790931e+00 0.000000000000000000e+00
-2.286395505627492053e+00 2.724820000572956147e+00 0.000000000000000000e+00
-2.664911674474998105e+00 3.065630135020379843e+00 0.000000000000000000e+00
-1.860091529307745795e+00 1.674833904489526404e+00 0.000000000000000000e+00
-1.893566399338573625e+00 1.646052127710857960e+00 0.000000000000000000e+00
-1.690660111897943407e+00 1.418632250376596016e+00 0.000000000000000000e+00
-1.748595953854908958e+00 1.366152860699472393e+00 0.000000000000000000e+00
-4.145403163327032736e+00 3.011811640233428289e+00 0.000000000000000000e+00
-4.217814038154270584e+00 2.953345131885858788e+00 0.000000000000000000e+00
-4.384779773960028493e+00 2.957571249697604987e+00 0.000000000000000000e+00
-2.905154851381788639e+00 1.886629586589289920e+00 0.000000000000000000e+00
-4.885249145956567673e+00 2.820499859583452285e+00 0.000000000000000000e+00
-3.881768985093492219e+00 1.647713145760677511e+00 0.000000000000000000e+00
-6.422907906895548358e+00 2.211584505614553553e+00 0.000000000000000000e+00
-2.507431054595580466e+00 7.665985888496001932e-01 0.000000000000000000e+00
-3.499937284474514243e+00 8.080241701550386901e-01 0.000000000000000000e+00
