-4.625295361115704829e+00 -8.073507207871703784e-02 0.000000000000000000e+00
-7.233829231219679912e+00 -1.145726372806108895e+00 0.000000000000000000e+00
-6.633797020185471460e+00 -1.410057436632208283e+00 0.000000000000000000e+00
-6.634485708612346322e+00 -1.531692067620883613e+00 0.000000000000000000e+00
-6.585397185475504678e+00 -1.641924280600136843e+00 0.000000000000000000e+00
-6.547045044528277735e+00 -1.754275785084146388e+00 0.000000000000000000e+00
-6.866483924389226168e+00 -2.635796615195358683e+00 0.000000000000000000e+00
-6.847252841800938405e+00 -2.766470115695042420e+00 0.000000000000000000e+00
-3.635910859470378398e+00 -1.618812025471247695e+00 0.000000000000000000e+00
-3.385789429141867313e+00 -2.283744041066372965e+00 0.000000000000000000e+00
-2.547647231994497385e+00 -1.919790078726657967e+00 0.000000000000000000e+00
-2.462775388451097669e+00 -1.994316378578659732e+00 0.000000000000000000e+00
-2.403847376738875496e+00 -2.017067639215093244e+00 0.000000000000000000e+00
-2.390919840061858093e+00 -2.078395104313405461e+00 0.000000000000000000e+00
-3.011714435099720699e+00 -2.808469407480655988e+00 0.000000000000000000e+00
-3.023385094958419561e+00 -2.919649318801401439e+00 0.000000000000000000e+00
-2.927290389848232532e+00 -3.031298215347358660e+00 0.000000000000000000e+00
-2.897128989739316651e+00 -3.106790763533883837e+00 0.000000000000000000e+00
-2.215491397742378687e+00 -2.460552699388067310e+00 0.000000000000000000e+00
-2.793499131168217353e+00 -3.213553442381416936e+00 0.000000000000000000e+00
-2.828265390507003652e+00 -3.370595751509467775e+00 0.000000000000000000e+00
-2.795440965171072989e+00 -3.452082419464910235e+00 0.000000000000000000e+00
-2.634415180579535942e+00 -3.371897980570733644e+00 0.000000000000000000e+00
-2.481885050524981651e+00 -3.293573013277442563e+00 0.000000000000000000e+00
-2.326426010330281624e+00 -3.322480986566071604e+00 0.000000000000000000e+00
-2.060625680720244102e+00 -3.055003499546514512e+00 0.000000000000000000e+00
-1.852861842948873461e+00 -2.853157313140392226e+00 0.000000000000000000e+00
8.529047673390341977e-01 -1.313358066202747754e+00 0.000000000000000000e+00
8.740185338742942900e-01 -1.295785664822375560e+00 0.000000000000000000e+00
3.544116366735620360e+00 -3.080853146541598697e+00 0.000000000000000000e+00
3.530699094931716964e+00 -2.962608107714870709e+00 0.000000000000000000e+00
3.392242035119162225e+00 -2.746983250227826190e+00 0.000000000000000000e+00
3.334073542587483452e+00 -2.604863558940966328e+00 0.000000000000000000e+00
3.252043898965959468e+00 -2.450590683216302246e+00 0.000000000000000000e+00
3.204516363325279116e+00 -2.328217259020352259e+00 0.000000000000000000e+00
3.120150220575539812e+00 -2.184752552872719633e+00 0.000000000000000000e+00
3.047542281632413363e+00 -2.055593080129917816e+00 0.000000000000000000e+00
2.949682492232356790e+00 -1.702999855078207725e+00 0.000000000000000000e+00
2.918605920848867719e+00 -1.617809557990629088e+00 0.000000000000000000e+00
2.809539218822517448e+00 -1.493858386938041960e+00 0.000000000000000000e+00
2.778158414327768888e+00 -1.415542304280388963e+00 0.000000000000000000e+00
2.761994105507119990e+00 -1.347114427137639847e+00 0.000000000000000000e+00
2.756081920368520954e+00 -1.285182000881237574e+00 0.000000000000000000e+00
2.743104516998616127e+00 -1.164378685179253470e+00 0.000000000000000000e+00
2.715721451985666945e+00 -1.097222591006928427e+00 0.000000000000000000e+00
2.803542073481963381e+00 -1.076178873713542039e+00 0.000000000000000000e+00
2.875459397906336090e+00 -1.046581530891370404e+00 0.000000000000000000e+00
2.948126978543409216e+00 -1.015121425590123971e+00 0.000000000000000000e+00
3.055744673246971743e+00 -9.928715283852457274e-01 0.000000000000000000e+00
3.195970531270297066e+00 -9.771061427740235228e-01 0.000000000000000000e+00
3.303466426129122890e+00 -8.851610549997516175e-01 0.000000000000000000e+00
3.408648922865499031e+00 -8.498715203217870329e-01 0.000000000000000000e+00
3.497014173481036714e+00 -8.073492271849298518e-01 0.000000000000000000e+00
3.588823481956688433e+00 -7.628278688789756901e-01 0.000000000000000000e+00
3.737054631996708842e+00 -7.264097205071644581e-01 0.000000000000000000e+00
3.757041653497514400e+00 -6.624676976855313759e-01 0.000000000000000000e+00
3.777872754321393245e+00 -5.309452784875179354e-01 0.000000000000000000e+00
3.803436883617620445e+00 -4.670032161541902149e-01 0.000000000000000000e+00
3.847805183075494462e+00 -4.044205093685972474e-01 0.000000000000000000e+00
3.875197489783610560e+00 -3.390357375399987716e-01 0.000000000000000000e+00
3.892494882395663325e+00 -2.721896462301734987e-01 0.000000000000000000e+00
3.923615348833097816e+00 -2.056278556717746619e-01 0.000000000000000000e+00
3.978574832909154591e+00 -1.389347822729220250e-01 0.000000000000000000e+00
4.033999919891355646e+00 1.127086557417555791e-07 0.000000000000000000e+00
4.091376774222521107e+00 7.141536103310947015e-02 0.000000000000000000e+00
4.127484225971958409e+00 1.441350395797681150e-01 0.000000000000000000e+00
4.178265982621775620e+00 2.189737567637636273e-01 0.000000000000000000e+00
4.202737156838517230e+00 2.938841265275940473e-01 0.000000000000000000e+00
4.229842491799384874e+00 3.700633827364596673e-01 0.000000000000000000e+00
4.287383749718730819e+00 4.506223078997458331e-01 0.000000000000000000e+00
4.305665013595172397e+00 5.286693060655026644e-01 0.000000000000000000e+00
1.075592585168609228e+00 1.703571590831184923e-01 0.000000000000000000e+00
1.037002532763052542e+00 1.828515540178638765e-01 0.000000000000000000e+00
1.028745261431995850e+00 1.999678501821824383e-01 0.000000000000000000e+00
1.022164195071390003e+00 2.172677348825401700e-01 0.000000000000000000e+00
1.012370524644815584e+00 2.337241796923258674e-01 0.000000000000000000e+00
1.008137286366157515e+00 2.513568840926177494e-01 0.000000000000000000e+00
1.000699161984106800e+00 2.681365601116183495e-01 0.000000000000000000e+00
9.907317321790801712e-01 3.028971153999724941e-01 0.000000000000000000e+00
9.843434544628708593e-01 3.198326039702629742e-01 0.000000000000000000e+00
9.786116856361550820e-01 3.369630538243920115e-01 0.000000000000000000e+00
9.735215587386178981e-01 3.543328976193380608e-01 0.000000000000000000e+00
9.690564617927558411e-01 3.719859515088475010e-01 0.000000000000000000e+00
9.642711636539544884e-01 3.895908669357465159e-01 0.000000000000000000e+00
9.619275222155448946e-01 4.083140363876737733e-01 0.000000000000000000e+00
4.646765232584092686e+00 2.266378975839454579e+00 0.000000000000000000e+00
4.618086835889981145e+00 2.353032912152347667e+00 0.000000000000000000e+00
4.593976327271954929e+00 2.442660684374354130e+00 0.000000000000000000e+00
4.592627957651454373e+00 2.545735391084698929e+00 0.000000000000000000e+00
4.215239451554387173e+00 3.413433762163359919e+00 0.000000000000000000e+00
3.495139125638558220e+00 3.259270107389977245e+00 0.000000000000000000e+00
2.647628853316660535e+00 3.781206034465757426e+00 0.000000000000000000e+00
2.497714518060047961e+00 3.846143246341253263e+00 0.000000000000000000e+00
2.358874265422883809e+00 3.925826218908972098e+00 0.000000000000000000e+00
1.100926898255289776e+00 2.160690800052604832e+00 0.000000000000000000e+00
2.839329909154057585e+00 5.821489305216469567e+00 0.000000000000000000e+00
2.254382421734940856e+00 5.579792595762363305e+00 0.000000000000000000e+00
2.116521056613461571e+00 5.513726166490606317e+00 0.000000000000000000e+00
2.009710235376190646e+00 5.521633808760597617e+00 0.000000000000000000e+00
1.850854840874552654e+00 5.375273082124722990e+00 0.000000000000000000e+00
1.628510349242026978e+00 5.326617684302055622e+00 0.000000000000000000e+00
1.511043855379740508e+00 5.269636523225857516e+00 0.000000000000000000e+00
1.293314409312269930e+00 5.187201164287847277e+00 0.000000000000000000e+00
8.751867238248288716e-01 4.963431052600538074e+00 0.000000000000000000e+00
7.737247966138061095e-01 4.885106643689015371e+00 0.000000000000000000e+00
6.802780375082385644e-01 4.840430342806450348e+00 0.000000000000000000e+00
5.047678690805603718e-01 4.802546237310112431e+00 0.000000000000000000e+00
4.102419847050391422e-01 4.689088230254879086e+00 0.000000000000000000e+00
3.296690063012129857e-01 4.714487539467845600e+00 0.000000000000000000e+00
2.378668516919786036e-01 4.538771315496972214e+00 0.000000000000000000e+00
1.626315745977140459e-01 4.657161104023002984e+00 0.000000000000000000e+00
8.033335648520027739e-02 4.602299106089725811e+00 0.000000000000000000e+00
-7.169820628257195543e-08 4.546000003814696377e+00 0.000000000000000000e+00
-2.366632549361585292e-01 4.515802588716407939e+00 0.000000000000000000e+00
-3.113929823188481549e-01 4.453126140135942990e+00 0.000000000000000000e+00
-3.858385437079823177e-01 4.410153968229823640e+00 0.000000000000000000e+00
-4.613887061260861788e-01 4.389819673397145294e+00 0.000000000000000000e+00
-5.368345480876209885e-01 4.372165998265751696e+00 0.000000000000000000e+00
-6.048463870704385847e-01 4.303705210521818536e+00 0.000000000000000000e+00
-6.776741302183936222e-01 4.278665663066190561e+00 0.000000000000000000e+00
-7.477291545891280311e-01 4.240582402849875976e+00 0.000000000000000000e+00
-2.816340885919036974e-01 1.448881671001960969e+00 0.000000000000000000e+00
-2.881656303887441539e-01 1.355712606920243424e+00 0.000000000000000000e+00
-3.016593733906611230e-01 1.306630214551010916e+00 0.000000000000000000e+00
-3.280460957739099737e-01 1.315720948457944406e+00 0.000000000000000000e+00
-3.540644797595440263e-01 1.321386554975000127e+00 0.000000000000000000e+00
-4.175068049361090328e-01 1.365603160353920487e+00 0.000000000000000000e+00
-4.561090873911530785e-01 1.403759365711102491e+00 0.000000000000000000e+00
-4.723994021584112524e-01 1.371947423512920983e+00 0.000000000000000000e+00
-4.901148722186057238e-01 1.346579489608218827e+00 0.000000000000000000e+00
-7.783751880289645486e-01 2.027736612181688436e+00 0.000000000000000000e+00
-1.722123079021634195e+00 3.867951634270435868e+00 0.000000000000000000e+00
-1.791056205385316069e+00 3.840932303206674447e+00 0.000000000000000000e+00
-1.860885514715337585e+00 3.815380600873162109e+00 0.000000000000000000e+00
-1.929005712188182287e+00 3.785886762473755773e+00 0.000000000000000000e+00
-2.061895253574324016e+00 3.719757399853149682e+00 0.000000000000000000e+00
-2.140000148329548768e+00 3.706588884825106067e+00 0.000000000000000000e+00
-2.195607361552148529e+00 3.654104187276320026e+00 0.000000000000000000e+00
-2.272293903253594483e+00 3.636430300892921075e+00 0.000000000000000000e+00
-2.343037194372732834e+00 3.607960795192460601e+00 0.000000000000000000e+00
-2.407325393333126229e+00 3.569006580634039860e+00 0.000000000000000000e+00
-2.286395505627492053e+00 2.724820000572956147e+00 0.000000000000000000e+00
-1.676061695369072346e+00 1.618553934160604779e+00 0.000000000000000000e+00
-1.856375720103127236e+00 1.671488174916301972e+00 0.000000000000000000e+00
-1.892811564516346134e+00 1.645395959822775422e+00 0.000000000000000000e+00
-1.720535871705545228e+00 1.443700988953499964e+00 0.000000000000000000e+00
-1.765144107649126104e+00 1.379081695171166855e+00 0.000000000000000000e+00
-4.246484234879043917e+00 2.973420219398339448e+00 0.000000000000000000e+00
-2.940596229192649957e+00 1.983457166099547253e+00 0.000000000000000000e+00
-3.001601975198858518e+00 1.949263080032222151e+00 0.000000000000000000e+00
-4.859268614981871792e+00 2.805499993296860950e+00 0.000000000000000000e+00
-1.961996286842189186e+00 9.996870220320647205e-01 0.000000000000000000e+00
-3.839631632907713144e+00 1.709514112480110981e+00 0.000000000000000000e+00
-6.431995243205432367e+00 2.089881897662039023e+00 0.000000000000000000e+00
-3.440500604516631977e+00 7.943021317022984640e-01 0.000000000000000000e+00
-3.473402249735623393e+00 7.382944205280896899e-01 0.000000000000000000e+00
-1.939819889222839322e+00 3.072372778993994191e-01 0.000000000000000000e+00
