-5.691754829099726187e+00 -1.419114168805769127e+00 0.000000000000000000e+00
-4.699402643652701883e+00 -1.710442944939283061e+00 0.000000000000000000e+00
-4.405050338101085039e+00 -1.779756115342129297e+00 0.000000000000000000e+00
-4.324531669130357692e+00 -1.835655036376348859e+00 0.000000000000000000e+00
-4.268997701430687464e+00 -1.900680484997300912e+00 0.000000000000000000e+00
-4.978944174058089978e+00 -2.536899073250523440e+00 0.000000000000000000e+00
-5.053552425633359491e+00 -2.801230170966082511e+00 0.000000000000000000e+00
-4.973284574223346688e+00 -2.988251173342205913e+00 0.000000000000000000e+00
-4.925463269305869751e+00 -3.077771369332649609e+00 0.000000000000000000e+00
-3.757450214571694591e+00 -2.630995230920463168e+00 0.000000000000000000e+00
-3.448196342616300480e+00 -2.792294609927749693e+00 0.000000000000000000e+00
-1.586614128738548457e+00 -1.428593912126649101e+00 0.000000000000000000e+00
-2.627753688638022833e+00 -2.450420185567818709e+00 0.000000000000000000e+00
-2.574517027491037613e+00 -2.486182424492038745e+00 0.000000000000000000e+00
-2.560433572820772774e+00 -2.560433809361953195e+00 0.000000000000000000e+00
-2.540365584659830755e+00 -2.630625813487686315e+00 0.000000000000000000e+00
-2.463738715004001989e+00 -2.736259302097684643e+00 0.000000000000000000e+00
-2.446444050693926453e+00 -2.814312205428636471e+00 0.000000000000000000e+00
-2.442592753663775706e+00 -2.910968958500412374e+00 0.000000000000000000e+00
-2.414702137919253477e+00 -2.981909080682469515e+00 0.000000000000000000e+00
-9.045279382763247167e-01 -1.200349229160402098e+00 0.000000000000000000e+00
-8.881434830972576577e-01 -1.222424748534657324e+00 0.000000000000000000e+00
-2.283184575939608330e+00 -3.384960662612013227e+00 0.000000000000000000e+00
-8.000746776587129849e-01 -1.232007084773987238e+00 0.000000000000000000e+00
1.274204261704764418e+00 -2.120631836553125815e+00 0.000000000000000000e+00
1.194968069916553466e+00 -1.912348511126688022e+00 0.000000000000000000e+00
1.127947557447742222e+00 -1.736886789189226343e+00 0.000000000000000000e+00
1.096678167794894021e+00 -1.566218621450179871e+00 0.000000000000000000e+00
9.217574802164998360e-01 -1.098507711136857079e+00 0.000000000000000000e+00
9.171705602484682140e-01 -1.055083962889427074e+00 0.000000000000000000e+00
9.434741687074995609e-01 -1.047834146634875951e+00 0.000000000000000000e+00
9.691197078906514939e-01 -1.039253579555686979e+00 0.000000000000000000e+00
9.933614684577952714e-01 -1.028655842821303290e+00 0.000000000000000000e+00
1.040165370923499477e+00 -1.004475954522073611e+00 0.000000000000000000e+00
1.068507766588305374e+00 -9.963995445711346655e-01 0.000000000000000000e+00
1.097624939037602276e+00 -9.883058674157469969e-01 0.000000000000000000e+00
1.126781459100840266e+00 -9.794961125762934318e-01 0.000000000000000000e+00
1.160557352841624645e+00 -9.738231807780833860e-01 0.000000000000000000e+00
1.191364785026044038e+00 -9.647481151099102092e-01 0.000000000000000000e+00
1.244274130407015511e+00 -9.376277461420626791e-01 0.000000000000000000e+00
1.274201835088818680e+00 -9.257617585858654019e-01 0.000000000000000000e+00
1.310643320376007503e+00 -9.177222690159045904e-01 0.000000000000000000e+00
1.345528031133013336e+00 -9.075700529530719152e-01 0.000000000000000000e+00
1.384645156008726730e+00 -8.991990144113546357e-01 0.000000000000000000e+00
1.426416961271385286e+00 -8.913241781463161484e-01 0.000000000000000000e+00
1.475707312005364535e+00 -8.519999508764143359e-01 0.000000000000000000e+00
1.520089108715656945e+00 -8.425990886643549560e-01 0.000000000000000000e+00
1.564583121362291607e+00 -8.319035385768032143e-01 0.000000000000000000e+00
1.606484765177071727e+00 -8.185448081585883218e-01 0.000000000000000000e+00
1.655578665539483962e+00 -8.074796036539807487e-01 0.000000000000000000e+00
1.712921729550967997e+00 -7.987484549961807456e-01 0.000000000000000000e+00
1.764607878241196470e+00 -7.490315401367090287e-01 0.000000000000000000e+00
1.833969728798436449e+00 -7.409718018720848898e-01 0.000000000000000000e+00
1.895168261470593141e+00 -7.274868689928351007e-01 0.000000000000000000e+00
1.939525488772063433e+00 -7.059294792059587209e-01 0.000000000000000000e+00
1.945877331982600156e+00 -6.700192310717999478e-01 0.000000000000000000e+00
1.965833755138814531e+00 -6.387380405516724924e-01 0.000000000000000000e+00
1.980507262756994402e+00 -6.055017695921179888e-01 0.000000000000000000e+00
2.000385692687363992e+00 -5.736013019474404118e-01 0.000000000000000000e+00
2.025977548905102843e+00 -5.051328718764999115e-01 0.000000000000000000e+00
2.047151588912514253e+00 -4.726221202568660629e-01 0.000000000000000000e+00
2.059000731139307483e+00 -4.376540522686555024e-01 0.000000000000000000e+00
2.078104860349957672e+00 -4.039426017127389357e-01 0.000000000000000000e+00
2.090746778403226092e+00 -3.686550037162486526e-01 0.000000000000000000e+00
2.109702224247435698e+00 -3.341439429843282571e-01 0.000000000000000000e+00
2.128086018520304101e+00 -2.990829223817030869e-01 0.000000000000000000e+00
2.149161835663557785e+00 -2.258859487267217692e-01 0.000000000000000000e+00
2.175689241280036601e+00 -1.903480812319598425e-01 0.000000000000000000e+00
2.176684683991110258e+00 -1.522085582616198030e-01 0.000000000000000000e+00
2.198982141654719058e+00 -1.152437082252378842e-01 0.000000000000000000e+00
2.245631169556064233e+00 -7.841910500887215585e-02 0.000000000000000000e+00
2.271654038883808902e+00 -3.965180494732590405e-02 0.000000000000000000e+00
2.302000045776366299e+00 6.431713828192185742e-08 0.000000000000000000e+00
2.322584161564644756e+00 8.110649047377775644e-02 0.000000000000000000e+00
2.332798555535231522e+00 1.222568562181627488e-01 0.000000000000000000e+00
2.360236475603547657e+00 1.650438771557865003e-01 0.000000000000000000e+00
2.389871004718273628e+00 2.090866858575621823e-01 0.000000000000000000e+00
2.417682715055988751e+00 2.541087591936052603e-01 0.000000000000000000e+00
2.429752925729726787e+00 2.983362126640664025e-01 0.000000000000000000e+00
2.461319436074340228e+00 3.898347687660547733e-01 0.000000000000000000e+00
2.494518019171821699e+00 4.398508990289541343e-01 0.000000000000000000e+00
2.528671587219184502e+00 4.915240342484076264e-01 0.000000000000000000e+00
2.556877894238964721e+00 5.434812441397830485e-01 0.000000000000000000e+00
2.587926777928015287e+00 5.974700453544332657e-01 0.000000000000000000e+00
2.620768715592625586e+00 6.534311022789761614e-01 0.000000000000000000e+00
2.653398206127557390e+00 7.109759802203988732e-01 0.000000000000000000e+00
2.671915381486392516e+00 8.168865852968936192e-01 0.000000000000000000e+00
2.704804806069343925e+00 8.788444322296969924e-01 0.000000000000000000e+00
2.737276234413124509e+00 9.425198703908690412e-01 0.000000000000000000e+00
2.773972499672563430e+00 1.009643499830536806e+00 0.000000000000000000e+00
2.813811321369776852e+00 1.080121048684522078e+00 0.000000000000000000e+00
2.867779573121102654e+00 1.158658240737170830e+00 0.000000000000000000e+00
2.901431221852925901e+00 1.231584569664206485e+00 0.000000000000000000e+00
2.924655193544388965e+00 1.363789201659773687e+00 0.000000000000000000e+00
2.967817946668890983e+00 1.447501619252004934e+00 0.000000000000000000e+00
3.035659248122060117e+00 1.546745735787855125e+00 0.000000000000000000e+00
3.081487067922692891e+00 1.638455833030499686e+00 0.000000000000000000e+00
3.127640009402769206e+00 1.733679265102226141e+00 0.000000000000000000e+00
3.183509442825739999e+00 1.838000135161757642e+00 0.000000000000000000e+00
3.226823014876030182e+00 2.016342911979180030e+00 0.000000000000000000e+00
3.275847103667705706e+00 2.127360092622054832e+00 0.000000000000000000e+00
2.940755720901226056e+00 2.059139425517945821e+00 0.000000000000000000e+00
2.933495513792000242e+00 2.131309349893324878e+00 0.000000000000000000e+00
2.905435944472732235e+00 2.189403127757210576e+00 0.000000000000000000e+00
2.882543279328987129e+00 2.252089737772151601e+00 0.000000000000000000e+00
2.857565683400759227e+00 2.314011171470388817e+00 0.000000000000000000e+00
2.801481826633269723e+00 2.435291108281468553e+00 0.000000000000000000e+00
2.773416516719572122e+00 2.497195559970754708e+00 0.000000000000000000e+00
5.569770445271823078e+00 5.767666387639631687e+00 0.000000000000000000e+00
8.822579527025886659e-01 3.821479342648381738e+00 0.000000000000000000e+00
8.306071130523956514e-01 3.907699567439115285e+00 0.000000000000000000e+00
7.762108937015896881e-01 3.993259238388008114e+00 0.000000000000000000e+00
1.016362713665971640e+00 5.764079957324321768e+00 0.000000000000000000e+00
3.863112689271329114e-01 5.524509823191950275e+00 0.000000000000000000e+00
-9.296905483772965884e-02 5.326188811766687792e+00 0.000000000000000000e+00
-1.844788136047146032e-01 5.282779683833243922e+00 0.000000000000000000e+00
-2.758629014488416797e-01 5.263776182025154959e+00 0.000000000000000000e+00
-3.625942263062025273e-01 5.185337882063067561e+00 0.000000000000000000e+00
-4.505952744027103551e-01 5.150326658335890428e+00 0.000000000000000000e+00
-5.250465210062705834e-01 4.995483237364273243e+00 0.000000000000000000e+00
-1.701550241518830386e+00 4.674970676558439564e+00 0.000000000000000000e+00
-1.782522232889762304e+00 4.643628996976615575e+00 0.000000000000000000e+00
-1.864791742538182806e+00 4.615521356256934382e+00 0.000000000000000000e+00
-1.943496682137200393e+00 4.578591095394962451e+00 0.000000000000000000e+00
-2.025548547266057042e+00 4.549456371110760067e+00 0.000000000000000000e+00
-2.113513952498987436e+00 4.532445151091700986e+00 0.000000000000000000e+00
-2.209571861556423489e+00 4.336528818212695313e+00 0.000000000000000000e+00
-2.354399877764367321e+00 4.427982032081168029e+00 0.000000000000000000e+00
-2.527000001687399688e+00 4.376892275226674123e+00 0.000000000000000000e+00
-1.257026962492706623e+00 1.935651730184215102e+00 0.000000000000000000e+00
-2.959080835840559587e+00 4.226005298198307614e+00 0.000000000000000000e+00
-3.082345884619570597e+00 4.242485050942996772e+00 0.000000000000000000e+00
-2.375100204215947919e+00 2.830534141570746787e+00 0.000000000000000000e+00
-5.155907536806525471e-01 5.529033803865184282e-01 0.000000000000000000e+00
-5.036273402675871536e-01 5.215213674488232698e-01 0.000000000000000000e+00
-4.900250172593244580e-01 4.900250077648638514e-01 0.000000000000000000e+00
-4.805189787106108334e-01 4.640317749518365620e-01 0.000000000000000000e+00
-4.717231277374799303e-01 4.398889247898521981e-01 0.000000000000000000e+00
-4.637223845412269396e-01 4.175375026783864074e-01 0.000000000000000000e+00
-4.657550099618409378e-01 3.908148499254506247e-01 0.000000000000000000e+00
-4.600704184187003887e-01 3.725576722190070411e-01 0.000000000000000000e+00
-4.570462270619375933e-01 3.570836414187290031e-01 0.000000000000000000e+00
-4.536249875006496124e-01 3.418309404381489891e-01 0.000000000000000000e+00
-4.506224535951936505e-01 3.273963707788782873e-01 0.000000000000000000e+00
-4.529910612620859367e-01 3.171877502099720303e-01 0.000000000000000000e+00
-4.650900720789950538e-01 3.137072091669345641e-01 0.000000000000000000e+00
-4.780422202340892102e-01 3.104442422074326635e-01 0.000000000000000000e+00
-4.910198468726739152e-01 3.068232480756901137e-01 0.000000000000000000e+00
-5.092229392642593222e-01 2.939999958610678976e-01 0.000000000000000000e+00
-5.238971867431742035e-01 2.904009474890605902e-01 0.000000000000000000e+00
-5.421298439334429897e-01 2.882555460660464752e-01 0.000000000000000000e+00
-5.604431130086803270e-01 2.855600239507956051e-01 0.000000000000000000e+00
-5.797221447327020050e-01 2.827493771906828268e-01 0.000000000000000000e+00
-6.075077507872803650e-01 2.704798722124882593e-01 0.000000000000000000e+00
-6.268638017202790014e-01 2.660878920570646788e-01 0.000000000000000000e+00
