-4.218357284717437317e+00 -7.363192030903988050e-02 0.000000000000000000e+00
-4.270396759730131997e+00 -1.491257632385313281e-01 0.000000000000000000e+00
-4.311083602198479525e+00 -2.259345421248730168e-01 0.000000000000000000e+00
-4.367317361910138196e+00 -3.820909862638509624e-01 0.000000000000000000e+00
-4.422638871336688204e+00 -4.648383065509605339e-01 0.000000000000000000e+00
-4.460502335715177402e+00 -5.476810531029487894e-01 0.000000000000000000e+00
-4.542359492863945469e+00 -6.383872317801244645e-01 0.000000000000000000e+00
-4.610529355141566477e+00 -7.302363528274470328e-01 0.000000000000000000e+00
-4.624657264294900649e+00 -8.154520950509455135e-01 0.000000000000000000e+00
-4.715736845367684005e+00 -9.166466343688589591e-01 0.000000000000000000e+00
-1.060311979383904202e+00 -2.253763247701374151e-01 0.000000000000000000e+00
-1.048422153321137973e+00 -2.420473818604201577e-01 0.000000000000000000e+00
-1.042097597855095703e+00 -2.598241686085652757e-01 0.000000000000000000e+00
-1.033356354121403697e+00 -2.963102224306677912e-01 0.000000000000000000e+00
-1.028027642552608478e+00 -3.142996478962680751e-01 0.000000000000000000e+00
-1.022385783810015436e+00 -3.321933346459132741e-01 0.000000000000000000e+00
-1.019268959259847618e+00 -3.509625047136702980e-01 0.000000000000000000e+00
-1.015807676960779782e+00 -3.697238151788239113e-01 0.000000000000000000e+00
-1.012001155105374250e+00 -3.884709042609177931e-01 0.000000000000000000e+00
-1.008776068497217349e+00 -4.075720455200650960e-01 0.000000000000000000e+00
-1.004900003250587925e+00 -4.474103663518048113e-01 0.000000000000000000e+00
-9.942196223035651981e-01 -4.636122829516493016e-01 0.000000000000000000e+00
-9.949649795907773431e-01 -4.852769050839729204e-01 0.000000000000000000e+00
-7.525542411190413006e+00 -5.670903520943691767e+00 0.000000000000000000e+00
-2.973538621056221576e+00 -3.672014728710228049e+00 0.000000000000000000e+00
-2.911463004574056157e+00 -3.726503057680535136e+00 0.000000000000000000e+00
-2.858019417478467883e+00 -3.792720224024432429e+00 0.000000000000000000e+00
-2.820781125573573078e+00 -3.882472510044846281e+00 0.000000000000000000e+00
1.948513270418987586e+00 -3.118272818667492174e+00 0.000000000000000000e+00
1.992289695286697526e+00 -3.067856860128546970e+00 0.000000000000000000e+00
4.286018618459574547e+00 -3.596396398405284245e+00 0.000000000000000000e+00
4.384492048580066026e+00 -3.425540383536084033e+00 0.000000000000000000e+00
4.521874513325060185e+00 -3.407476620026904879e+00 0.000000000000000000e+00
4.713333294398152518e+00 -3.424436850790746334e+00 0.000000000000000000e+00
1.839815575747463905e+00 -1.288252645472891089e+00 0.000000000000000000e+00
3.688402110885950158e+00 -2.129499794249083866e+00 0.000000000000000000e+00
6.216365388765561661e+00 -2.898738549641641793e+00 0.000000000000000000e+00
3.372556841069792810e+00 -1.227510186481847620e+00 0.000000000000000000e+00
3.391575065310653780e+00 -1.167812831791625872e+00 0.000000000000000000e+00
1.860266536115111613e+00 -6.044371753592708840e-01 0.000000000000000000e+00
5.885813904563753418e+00 -1.467498039427773238e+00 0.000000000000000000e+00
7.248053049934082281e+00 3.798545645893101619e-01 0.000000000000000000e+00
7.196427269305504026e+00 5.032234144640487239e-01 0.000000000000000000e+00
6.752207525954259992e+00 5.907417977945186305e-01 0.000000000000000000e+00
6.740869266184192021e+00 7.084940941378677914e-01 0.000000000000000000e+00
6.705641819912764312e+00 8.233494701662851245e-01 0.000000000000000000e+00
6.744715662302365189e+00 9.479081537384111966e-01 0.000000000000000000e+00
7.111296942756414552e+00 1.253913713788977313e+00 0.000000000000000000e+00
7.141158157928543915e+00 1.648666463398458459e+00 0.000000000000000000e+00
7.138465489708071487e+00 1.779819541407189787e+00 0.000000000000000000e+00
7.008757787423431473e+00 1.877991183733082048e+00 0.000000000000000000e+00
3.781603498538115282e+00 1.084357459466407825e+00 0.000000000000000000e+00
3.751583621257430501e+00 1.146974322263111024e+00 0.000000000000000000e+00
3.701240882326954917e+00 1.885876537494930894e+00 0.000000000000000000e+00
2.773419057750442729e+00 1.537331374264980566e+00 0.000000000000000000e+00
2.694205046880304266e+00 1.555500094865134075e+00 0.000000000000000000e+00
2.641789597781059040e+00 1.587347418452514258e+00 0.000000000000000000e+00
2.598419236084204886e+00 1.623672629355542130e+00 0.000000000000000000e+00
2.597362611747511707e+00 1.686747089054845494e+00 0.000000000000000000e+00
3.273282707456674157e+00 2.378179208540356360e+00 0.000000000000000000e+00
3.262426032619349936e+00 2.458414467364756995e+00 0.000000000000000000e+00
3.227692142579113188e+00 2.521749596308699992e+00 0.000000000000000000e+00
3.211167030081695017e+00 2.600351909399773120e+00 0.000000000000000000e+00
2.463598943859785173e+00 2.067205059753808971e+00 0.000000000000000000e+00
3.178836609397944546e+00 2.763320631228146418e+00 0.000000000000000000e+00
3.118978789855423095e+00 2.808341242188346687e+00 0.000000000000000000e+00
3.119057283334393915e+00 3.012038739051870362e+00 0.000000000000000000e+00
2.190581035326958137e+00 2.519975324979384812e+00 0.000000000000000000e+00
2.076846680146999358e+00 2.475089598793215551e+00 0.000000000000000000e+00
2.196328113687884276e+00 2.712239459116891904e+00 0.000000000000000000e+00
2.051587309156259753e+00 2.722548432393491868e+00 0.000000000000000000e+00
1.936752396130814180e+00 2.665711098160987280e+00 0.000000000000000000e+00
1.841180328653035048e+00 2.629478131166842481e+00 0.000000000000000000e+00
1.745241027827756364e+00 2.587426342186345707e+00 0.000000000000000000e+00
1.664961435575005311e+00 2.563815894311701982e+00 0.000000000000000000e+00
1.585518442169636000e+00 2.537360022912197532e+00 0.000000000000000000e+00
1.501335918835509764e+00 2.498642678819339658e+00 0.000000000000000000e+00
1.428500007208399092e+00 2.474234704392942241e+00 0.000000000000000000e+00
1.317337154036660074e+00 2.477550966273442956e+00 0.000000000000000000e+00
1.249381850089255952e+00 2.452050062105554318e+00 0.000000000000000000e+00
1.167382364559421015e+00 2.393488663811432993e+00 0.000000000000000000e+00
1.123319290346654453e+00 2.408966112542313187e+00 0.000000000000000000e+00
1.065243205649751612e+00 2.392575535489279925e+00 0.000000000000000000e+00
1.008086236850652462e+00 2.374902470712331404e+00 0.000000000000000000e+00
9.795961999035991408e-01 2.424585806898075901e+00 0.000000000000000000e+00
9.128516855378840944e-01 2.508039537504060945e+00 0.000000000000000000e+00
8.956379216088197204e-01 2.601121549369697750e+00 0.000000000000000000e+00
8.748270897607108854e-01 2.692441098815903100e+00 0.000000000000000000e+00
8.484626224582655363e-01 2.775196369712368494e+00 0.000000000000000000e+00
8.282902339676561088e-01 2.888591521157627628e+00 0.000000000000000000e+00
8.025978238121648234e-01 2.995336069775627941e+00 0.000000000000000000e+00
7.223177729310847894e-01 3.128702257234780237e+00 0.000000000000000000e+00
6.958803480310028489e-01 3.273859917954488719e+00 0.000000000000000000e+00
6.649692698283795611e-01 3.420970642814963547e+00 0.000000000000000000e+00
6.239178305054475793e-01 3.538414203392012958e+00 0.000000000000000000e+00
5.860034512413762053e-01 3.699880584689093421e+00 0.000000000000000000e+00
5.583624257742035857e-01 3.972955584308038635e+00 0.000000000000000000e+00
5.045389967289275468e-01 4.109140943710803739e+00 0.000000000000000000e+00
-2.452065251102048676e-02 1.404785982705440528e+00 0.000000000000000000e+00
-3.676078732185243947e-01 7.014374014084076236e+00 0.000000000000000000e+00
-4.865515036896196355e-01 6.958009148016529366e+00 0.000000000000000000e+00
-6.013747370347319876e-01 6.873743502759392499e+00 0.000000000000000000e+00
-7.193649834122841646e-01 6.844299642811986217e+00 0.000000000000000000e+00
-1.767992949274326708e+00 6.598239151377960354e+00 0.000000000000000000e+00
-1.893628692787452605e+00 6.603867715319099219e+00 0.000000000000000000e+00
-1.999530242519838685e+00 6.540168414323666468e+00 0.000000000000000000e+00
-2.208654418445312739e+00 6.414397911960868726e+00 0.000000000000000000e+00
-7.390796222696638385e-01 1.230035018901094901e+00 0.000000000000000000e+00
-3.318218788153463272e+00 3.685255238261826882e+00 0.000000000000000000e+00
-3.239492244890714190e+00 3.473930050431776273e+00 0.000000000000000000e+00
-3.264712113195695320e+00 3.264712049940392991e+00 0.000000000000000000e+00
-3.150708436869765539e+00 3.042603712010510275e+00 0.000000000000000000e+00
-3.099476953303396787e+00 2.890308963520487495e+00 0.000000000000000000e+00
-3.063986248776235044e+00 2.758825558573414938e+00 0.000000000000000000e+00
-3.056573968155412491e+00 2.657039164586608937e+00 0.000000000000000000e+00
-2.979912986627416327e+00 2.500443842257562999e+00 0.000000000000000000e+00
-2.912743011845615015e+00 2.358692740983395097e+00 0.000000000000000000e+00
-2.866783150217954379e+00 2.239776429220924125e+00 0.000000000000000000e+00
-2.884954607351878142e+00 2.096042176267807644e+00 0.000000000000000000e+00
-2.850649146388286592e+00 1.996045985679488100e+00 0.000000000000000000e+00
-2.734955042780824019e+00 1.708989554926482191e+00 0.000000000000000000e+00
-2.705219927035629190e+00 1.625460091264184781e+00 0.000000000000000000e+00
-2.681214623982209222e+00 1.547999957528093162e+00 0.000000000000000000e+00
-2.643100831059396416e+00 1.465094688559658520e+00 0.000000000000000000e+00
-2.610876057498727310e+00 1.388227399924248706e+00 0.000000000000000000e+00
-2.610996687850116960e+00 1.273468150292847101e+00 0.000000000000000000e+00
-2.588414999803970495e+00 1.206997714884374018e+00 0.000000000000000000e+00
-2.652936057159697381e+00 1.181163211166525562e+00 0.000000000000000000e+00
-2.728376381117866512e+00 1.158127041308868010e+00 0.000000000000000000e+00
-2.833473861781353076e+00 1.144797728696524519e+00 0.000000000000000000e+00
-2.937043943552290592e+00 1.127425517536751132e+00 0.000000000000000000e+00
-3.050242998093351865e+00 1.050282870427001303e+00 0.000000000000000000e+00
-3.169871322424034243e+00 1.029953606021414059e+00 0.000000000000000000e+00
-3.286819486832031068e+00 1.004881540328212974e+00 0.000000000000000000e+00
-3.423053009404152469e+00 9.815446342907686583e-01 0.000000000000000000e+00
-3.526595219211382304e+00 9.449483197323255146e-01 0.000000000000000000e+00
-3.689064400773601538e+00 9.197870378671421099e-01 0.000000000000000000e+00
-3.710401296784092917e+00 8.566136147854673810e-01 0.000000000000000000e+00
-3.750797569025109635e+00 7.290811711635198922e-01 0.000000000000000000e+00
-3.761965554050948235e+00 6.633360084520679711e-01 0.000000000000000000e+00
-3.779883186266363548e+00 5.986746642707393429e-01 0.000000000000000000e+00
-3.843230418870034804e+00 5.401307926590888098e-01 0.000000000000000000e+00
-3.858026976883037751e+00 4.737061304889064184e-01 0.000000000000000000e+00
-3.962175200738466962e+00 4.164413767762144558e-01 0.000000000000000000e+00
-3.976809338876174049e+00 3.479257170056812565e-01 0.000000000000000000e+00
-4.025475792582421164e+00 2.109662306630267492e-01 0.000000000000000000e+00
-4.088507953948091078e+00 1.427738279661999454e-01 0.000000000000000000e+00
-4.162366062002963218e+00 7.265435429965956537e-02 0.000000000000000000e+00
-4.186999797821044034e+00 -1.508889438016232268e-08 0.000000000000000000e+00
