-4.229355765732914385e+00 -7.382390008291681016e-02 0.000000000000000000e+00
-4.276393146617465391e+00 -1.493351619950308296e-01 0.000000000000000000e+00
-4.311083602198479525e+00 -2.259345421248730168e-01 0.000000000000000000e+00
-4.378275659347106163e+00 -3.830497136309027884e-01 0.000000000000000000e+00
-4.399764628857550264e+00 -4.624341255976952558e-01 0.000000000000000000e+00
-4.445614276053596825e+00 -5.458530284589920845e-01 0.000000000000000000e+00
-4.534437450365478739e+00 -6.372738609012704725e-01 0.000000000000000000e+00
-4.611516971887266614e+00 -7.303927760046614592e-01 0.000000000000000000e+00
-4.625642000660945108e+00 -8.156257306928693662e-01 0.000000000000000000e+00
-1.059333786084824203e+00 -2.251684033140490815e-01 0.000000000000000000e+00
-1.048889638242631372e+00 -2.615176148370946807e-01 0.000000000000000000e+00
-1.039336151142969733e+00 -2.784893383369165254e-01 0.000000000000000000e+00
-1.033356354121403697e+00 -2.963102224306677912e-01 0.000000000000000000e+00
-1.028027642552608478e+00 -3.142996478962680751e-01 0.000000000000000000e+00
-1.024287872322851456e+00 -3.328113607725247114e-01 0.000000000000000000e+00
-1.021160084746923324e+00 -3.516136715442131355e-01 0.000000000000000000e+00
-1.015807676960779782e+00 -3.697238151788239113e-01 0.000000000000000000e+00
-1.013868291883980977e+00 -3.891876310246226156e-01 0.000000000000000000e+00
-1.001509314082452917e+00 -4.251155401396276012e-01 0.000000000000000000e+00
-9.994186922904959580e-01 -4.449699291572480897e-01 0.000000000000000000e+00
-9.987511568138153217e-01 -4.657253724667240746e-01 0.000000000000000000e+00
-9.967625444973924331e-01 -4.861536361774919102e-01 0.000000000000000000e+00
-2.996823587051510529e+00 -3.700769269675916462e+00 0.000000000000000000e+00
-2.931779827386105985e+00 -3.752507407456751487e+00 0.000000000000000000e+00
-2.885101137813958605e+00 -3.828658884129271911e+00 0.000000000000000000e+00
-2.773758353145460376e+00 -3.817751210103107251e+00 0.000000000000000000e+00
2.004816394818451641e+00 -3.087146284344401526e+00 0.000000000000000000e+00
2.033225458200104807e+00 -3.014380473614220790e+00 0.000000000000000000e+00
1.653981667717417725e+00 -1.712748038292902120e+00 0.000000000000000000e+00
3.693810160265324605e+00 -3.567070766124099013e+00 0.000000000000000000e+00
1.551682937783139371e+00 -1.348857307895699575e+00 0.000000000000000000e+00
4.264977085961390024e+00 -3.453710111616451695e+00 0.000000000000000000e+00
4.401040202688918157e+00 -3.438469217605063744e+00 0.000000000000000000e+00
4.488331586485859503e+00 -3.382200213387348331e+00 0.000000000000000000e+00
3.691866374442694720e+00 -2.131499887598325316e+00 0.000000000000000000e+00
2.199349089035904203e+00 -1.072694138718412571e+00 0.000000000000000000e+00
3.351883533281389216e+00 -1.219985718520474327e+00 0.000000000000000000e+00
3.168318580828100473e+00 -9.085006304488175699e-01 0.000000000000000000e+00
6.778447784636662199e+00 4.739954301351976262e-01 0.000000000000000000e+00
6.761173578430013542e+00 5.915262259890441410e-01 0.000000000000000000e+00
6.725492723948482521e+00 8.257868552457557909e-01 0.000000000000000000e+00
6.715998081073476733e+00 9.438721601153358121e-01 0.000000000000000000e+00
6.677760996977188945e+00 1.057653621052767612e+00 0.000000000000000000e+00
7.067105825304581757e+00 1.631570133274750756e+00 0.000000000000000000e+00
7.005859759404091669e+00 1.877214659385173068e+00 0.000000000000000000e+00
3.742976818329017963e+00 1.144342958297309476e+00 0.000000000000000000e+00
2.755926680522593486e+00 1.527635190686915889e+00 0.000000000000000000e+00
2.681214575152986335e+00 1.548000042102786189e+00 0.000000000000000000e+00
2.643504012468926412e+00 1.588377542778550255e+00 0.000000000000000000e+00
2.599267424892380163e+00 1.624202636574252123e+00 0.000000000000000000e+00
2.570016355392591656e+00 1.733498007422135334e+00 0.000000000000000000e+00
3.288654073298294289e+00 2.389347160079688059e+00 0.000000000000000000e+00
3.259231341353296951e+00 2.456007094707507221e+00 0.000000000000000000e+00
3.230056003454540914e+00 2.523596446920535641e+00 0.000000000000000000e+00
3.213498669514474937e+00 2.602240033871114466e+00 0.000000000000000000e+00
2.435255162655560746e+00 2.043421802310886992e+00 0.000000000000000000e+00
3.150190735825974642e+00 2.836444605828763788e+00 0.000000000000000000e+00
3.089969255838591167e+00 2.881443074592575648e+00 0.000000000000000000e+00
3.103951213705606005e+00 2.997450976537908929e+00 0.000000000000000000e+00
2.112510040320719540e+00 2.430164914937674059e+00 0.000000000000000000e+00
2.137576513492260410e+00 2.735973289534078035e+00 0.000000000000000000e+00
2.025107502817509175e+00 2.687408540995305017e+00 0.000000000000000000e+00
1.925584445263386124e+00 2.650339731831200307e+00 0.000000000000000000e+00
1.820531569890969203e+00 2.599988646212203047e+00 0.000000000000000000e+00
1.737412361545998651e+00 2.575819866611555042e+00 0.000000000000000000e+00
1.658425851502589143e+00 2.553751976934730550e+00 0.000000000000000000e+00
1.524512670730727937e+00 2.537215273210285282e+00 0.000000000000000000e+00
1.449999997886964875e+00 2.511473782315657211e+00 0.000000000000000000e+00
1.380737773451407024e+00 2.490916996496502112e+00 0.000000000000000000e+00
1.313581430026596664e+00 2.470487476397919213e+00 0.000000000000000000e+00
1.247111845721996959e+00 2.447594927472919402e+00 0.000000000000000000e+00
1.172642750386617916e+00 2.404274053609078088e+00 0.000000000000000000e+00
1.122896702733323648e+00 2.408059870435690364e+00 0.000000000000000000e+00
1.064022987238967488e+00 2.389834879926201250e+00 0.000000000000000000e+00
9.653611100019766633e-01 2.389352721123765733e+00 0.000000000000000000e+00
9.407158219476257077e-01 2.450648637062727175e+00 0.000000000000000000e+00
9.166139604163230370e-01 2.518376303372574121e+00 0.000000000000000000e+00
9.001959332788324053e-01 2.614358977231005632e+00 0.000000000000000000e+00
8.785352457437871632e-01 2.703853630145248932e+00 0.000000000000000000e+00
8.581108859132394739e-01 2.806754419537467626e+00 0.000000000000000000e+00
8.371105809600940528e-01 2.919351728740878560e+00 0.000000000000000000e+00
7.538285580537916752e-01 3.023441435319172310e+00 0.000000000000000000e+00
7.263669199197972937e-01 3.146241041130478422e+00 0.000000000000000000e+00
7.008702630995770066e-01 3.297335624637721896e+00 0.000000000000000000e+00
6.722200313894970414e-01 3.458272580760210158e+00 0.000000000000000000e+00
6.270435192596086615e-01 3.556140866972289594e+00 0.000000000000000000e+00
5.858469908344876576e-01 3.698892732449497789e+00 0.000000000000000000e+00
5.625375811391039038e-01 4.002663362010547843e+00 0.000000000000000000e+00
4.349428435072948407e-01 4.138205390005806450e+00 0.000000000000000000e+00
-2.504422467384513976e-02 1.434781384946073324e+00 0.000000000000000000e+00
-3.631069814587694622e-01 6.928491908449568193e+00 0.000000000000000000e+00
-4.832032020662944682e-01 6.910126214455035054e+00 0.000000000000000000e+00
-6.009389482716174236e-01 6.868762415270076360e+00 0.000000000000000000e+00
-7.238597310997523238e-01 6.887064304285975602e+00 0.000000000000000000e+00
-3.223444499028136345e-01 2.625284547381123268e+00 0.000000000000000000e+00
-1.766698947777490813e+00 6.593409872312187225e+00 0.000000000000000000e+00
-1.884532661716753488e+00 6.572146086810763066e+00 0.000000000000000000e+00
-2.095753361922345182e+00 6.450065327236199408e+00 0.000000000000000000e+00
-1.819205128077736155e+00 4.998224807524167090e+00 0.000000000000000000e+00
-7.359894335461109049e-01 1.224892081346801831e+00 0.000000000000000000e+00
-8.477364738383226239e-01 1.256820977401533312e+00 0.000000000000000000e+00
-1.947003721986452440e+00 2.320348631634784553e+00 0.000000000000000000e+00
-3.273387095733072183e+00 3.635464600609410901e+00 0.000000000000000000e+00
-3.280871551499526362e+00 3.397441880444504125e+00 0.000000000000000000e+00
-3.273197453994900030e+00 3.273197390575190546e+00 0.000000000000000000e+00
-3.130567010084517321e+00 3.023153362627224006e+00 0.000000000000000000e+00
-3.097283051203171933e+00 2.888263116753145621e+00 0.000000000000000000e+00
-3.068445148949963563e+00 2.762840370248017763e+00 0.000000000000000000e+00
-3.052800333854635895e+00 2.653758794396176235e+00 0.000000000000000000e+00
-2.980678975554002186e+00 2.501086583271583841e+00 0.000000000000000000e+00
-2.908080288719050444e+00 2.354916942312824002e+00 0.000000000000000000e+00
-2.862843006242337562e+00 2.236698051421873501e+00 0.000000000000000000e+00
-2.881718581017553849e+00 2.093691065556057662e+00 0.000000000000000000e+00
-2.847372580377036222e+00 1.993751709499672842e+00 0.000000000000000000e+00
-2.728170745324216995e+00 1.704750255446419338e+00 0.000000000000000000e+00
-2.699219782061281769e+00 1.621854840504299844e+00 0.000000000000000000e+00
-2.675152472557907224e+00 1.544499972833316637e+00 0.000000000000000000e+00
-2.667384607670653107e+00 1.418273528484566226e+00 0.000000000000000000e+00
-2.636488413386967711e+00 1.343357919827122160e+00 0.000000000000000000e+00
-2.608300286844407623e+00 1.272153027674282733e+00 0.000000000000000000e+00
-2.586602515601008623e+00 1.206152539635658272e+00 0.000000000000000000e+00
-2.653849536407037579e+00 1.181569918323379431e+00 0.000000000000000000e+00
-2.751389090305939256e+00 1.167895356629631953e+00 0.000000000000000000e+00
-2.833473861781353076e+00 1.144797728696524519e+00 0.000000000000000000e+00
-2.937043943552290592e+00 1.127425517536751132e+00 0.000000000000000000e+00
-3.057807049328810756e+00 1.052887382083482537e+00 0.000000000000000000e+00
-3.181284080457803309e+00 1.033661835818749042e+00 0.000000000000000000e+00
-3.307858262637437985e+00 1.011313739456475513e+00 0.000000000000000000e+00
-3.414401593622182318e+00 9.790638807890023054e-01 0.000000000000000000e+00
-3.526595219211382304e+00 9.449483197323255146e-01 0.000000000000000000e+00
-3.678390996013175762e+00 9.171258592370020724e-01 0.000000000000000000e+00
-3.706503634390713398e+00 8.557137685411002614e-01 0.000000000000000000e+00
-3.747852666876494432e+00 7.285087401890506520e-01 0.000000000000000000e+00
-3.758026373751493399e+00 6.626414247035273819e-01 0.000000000000000000e+00
-3.784821741005070184e+00 5.994568544746378125e-01 0.000000000000000000e+00
-3.846201243854866725e+00 5.405483148680174654e-01 0.000000000000000000e+00
-3.858026976883037751e+00 4.737061304889064184e-01 0.000000000000000000e+00
-3.960186301111205953e+00 4.162323350107488551e-01 0.000000000000000000e+00
-3.974816856374805418e+00 3.477513973831303229e-01 0.000000000000000000e+00
-4.023478202088657696e+00 2.108615413893627499e-01 0.000000000000000000e+00
-4.089507272340149768e+00 1.428087249295416639e-01 0.000000000000000000e+00
-4.167365414902559628e+00 7.274161831042307014e-02 0.000000000000000000e+00
-4.190999984741210049e+00 -1.510331004790864261e-08 0.000000000000000000e+00
