-6.892169918398153960e+00 -4.819478280751517962e-01 0.000000000000000000e+00
-6.852823483445731334e+00 -5.995447242553139100e-01 0.000000000000000000e+00
-6.864190035383135324e+00 -7.214558015511479683e-01 0.000000000000000000e+00
-6.818986027173358444e+00 -9.583463440692794322e-01 0.000000000000000000e+00
-6.747436392061630706e+00 -1.682325201032050188e+00 0.000000000000000000e+00
-2.702660519528932159e+00 -7.241758491756572491e-01 0.000000000000000000e+00
-6.627487300566755835e+00 -2.544054393258907698e+00 0.000000000000000000e+00
-1.438989356067554626e+00 -5.813895210735486874e-01 0.000000000000000000e+00
-4.150580412705601852e+00 -2.695418718338679298e+00 0.000000000000000000e+00
-3.954509078098801478e+00 -2.667350327436031510e+00 0.000000000000000000e+00
-3.743321386763150294e+00 -2.719682454617763590e+00 0.000000000000000000e+00
-3.508405771194305967e+00 -2.643773638320081609e+00 0.000000000000000000e+00
-3.367169639781128154e+00 -2.630721497177401336e+00 0.000000000000000000e+00
-3.219715693597998030e+00 -2.607274610677205118e+00 0.000000000000000000e+00
-3.106309963186581591e+00 -2.606503792522474772e+00 0.000000000000000000e+00
-2.950914403570696010e+00 -2.565190997566262787e+00 0.000000000000000000e+00
-2.820234551057468675e+00 -2.539350833597580959e+00 0.000000000000000000e+00
-2.675291719032004689e+00 -2.494750120204853427e+00 0.000000000000000000e+00
-2.530027994772526601e+00 -2.530028228504741072e+00 0.000000000000000000e+00
-2.237572701524313423e+00 -2.485076473970091460e+00 0.000000000000000000e+00
-2.143344708875658977e+00 -2.465636266203874438e+00 0.000000000000000000e+00
-2.064633621663262364e+00 -2.460534763448877893e+00 0.000000000000000000e+00
-1.959074214736635122e+00 -2.419255401698491958e+00 0.000000000000000000e+00
-1.896852950820430816e+00 -2.427861288327382905e+00 0.000000000000000000e+00
-1.766882383681109614e+00 -2.431905198504029197e+00 0.000000000000000000e+00
-1.693771147463916327e+00 -2.418956118980170267e+00 0.000000000000000000e+00
-1.697709549884043767e+00 -2.516958157241089733e+00 0.000000000000000000e+00
2.023231908136999380e+00 -3.237847625049919298e+00 0.000000000000000000e+00
3.160973089991969687e+00 -3.510616029716018272e+00 0.000000000000000000e+00
3.181522440678649755e+00 -3.411764881047186115e+00 0.000000000000000000e+00
4.719396402066100116e+00 -3.687196323329608560e+00 0.000000000000000000e+00
4.795043876986825104e+00 -3.483803059933815227e+00 0.000000000000000000e+00
4.783848173080222033e+00 -3.349686319514651789e+00 0.000000000000000000e+00
4.814221422306762754e+00 -3.247233123409256184e+00 0.000000000000000000e+00
4.753309690968582579e+00 -2.970197332763925058e+00 0.000000000000000000e+00
1.799092700962299451e+00 -9.972532936140446891e-01 0.000000000000000000e+00
1.707620686867084236e+00 -9.079579554167599431e-01 0.000000000000000000e+00
4.563159519733715364e+00 -2.031649343316607403e+00 0.000000000000000000e+00
4.548214526806510172e+00 -1.930602358684686326e+00 0.000000000000000000e+00
4.516312438694627396e+00 -1.824708506889789694e+00 0.000000000000000000e+00
4.523197023947095552e+00 -1.736292501139504285e+00 0.000000000000000000e+00
4.459781052344065522e+00 -1.623227399629106893e+00 0.000000000000000000e+00
4.504203763673146454e+00 -1.463504367413254847e+00 0.000000000000000000e+00
4.498457609989021222e+00 -1.375316361875766447e+00 0.000000000000000000e+00
4.498291172230887369e+00 -1.121549811642126526e+00 0.000000000000000000e+00
4.507435879978568316e+00 -1.040623427231887055e+00 0.000000000000000000e+00
4.443724794473866702e+00 -9.445427260203358433e-01 0.000000000000000000e+00
4.429665438683993983e+00 -7.810693985653189841e-01 0.000000000000000000e+00
4.428794743137995482e+00 -7.014520443368650326e-01 0.000000000000000000e+00
4.427488746058059199e+00 -6.222428329771541033e-01 0.000000000000000000e+00
1.454985596124414249e+00 -1.529251061090071417e-01 0.000000000000000000e+00
1.414596432079748389e+00 -1.237611104817238350e-01 0.000000000000000000e+00
1.428511763725121009e+00 -9.989123257746612694e-02 0.000000000000000000e+00
1.457000484800009987e+00 -7.635811841017101087e-02 0.000000000000000000e+00
1.512078334206586661e+00 -5.280289625443162355e-02 0.000000000000000000e+00
1.542764977218818334e+00 -2.692901952020132494e-02 0.000000000000000000e+00
1.514000058174132635e+00 4.230067296440153561e-08 0.000000000000000000e+00
1.557762676831170756e+00 2.719089199281614008e-02 0.000000000000000000e+00
2.227942435489961959e+00 1.167615769273078613e-01 0.000000000000000000e+00
2.205614076650054933e+00 1.542316214847154476e-01 0.000000000000000000e+00
4.262862844895166425e+00 6.751712626426118469e-01 0.000000000000000000e+00
4.241567130121803864e+00 7.479028418063435879e-01 0.000000000000000000e+00
4.246519383457853181e+00 8.254398670911079483e-01 0.000000000000000000e+00
4.240269862774724174e+00 9.012972992185662724e-01 0.000000000000000000e+00
4.238509663272463257e+00 9.785371759158181248e-01 0.000000000000000000e+00
4.196947483427229564e+00 1.124568805418030060e+00 0.000000000000000000e+00
4.213209883149700019e+00 1.208118610757870304e+00 0.000000000000000000e+00
2.197106367898477686e+00 1.268500022911101865e+00 0.000000000000000000e+00
2.177204880017331590e+00 1.308196742329721607e+00 0.000000000000000000e+00
1.876940984111780342e+00 1.266012743140572994e+00 0.000000000000000000e+00
4.027518984254944812e+00 3.034953387289201387e+00 0.000000000000000000e+00
4.059043337552716402e+00 3.171272366048519586e+00 0.000000000000000000e+00
4.010752420809816421e+00 3.611297862044477114e+00 0.000000000000000000e+00
1.557049029358731351e+00 1.557049097419509920e+00 0.000000000000000000e+00
1.170978533232077679e+00 1.300503469703042425e+00 0.000000000000000000e+00
1.194888259710040090e+00 1.988628104260245610e+00 0.000000000000000000e+00
1.733499944281824856e+00 3.002510115899217347e+00 0.000000000000000000e+00
1.668229836604147476e+00 3.009566431772642048e+00 0.000000000000000000e+00
8.730236877631523118e-01 1.713405543426395949e+00 0.000000000000000000e+00
5.855121640514799886e-01 6.692435926807601909e+00 0.000000000000000000e+00
4.624155696164715112e-01 6.612852283180372659e+00 0.000000000000000000e+00
3.505461243123532133e-01 6.688820583743398274e+00 0.000000000000000000e+00
1.143655146953689444e-01 6.552001921480222535e+00 0.000000000000000000e+00
-1.035097540548899579e-07 6.563000202178953302e+00 0.000000000000000000e+00
-5.019677013159982160e-01 7.178470996964795958e+00 0.000000000000000000e+00
-6.287416562835899114e-01 7.186548766753237949e+00 0.000000000000000000e+00
-8.719752829175037023e-01 7.101667910310820453e+00 0.000000000000000000e+00
-5.376257335245111513e-01 3.825405458544298032e+00 0.000000000000000000e+00
-6.113459443640401059e-01 3.859886018612245451e+00 0.000000000000000000e+00
-1.113807639065567567e+00 2.901567988542893328e+00 0.000000000000000000e+00
-1.155661391583170827e+00 2.860362211918426212e+00 0.000000000000000000e+00
-1.191729958810183287e+00 2.807539744047021557e+00 0.000000000000000000e+00
-1.238106339895942432e+00 2.780832275659280484e+00 0.000000000000000000e+00
-1.349306453824863583e+00 2.766488119686319802e+00 0.000000000000000000e+00
-1.780550751163747059e+00 3.494527505103584453e+00 0.000000000000000000e+00
-1.904176810829111721e+00 3.581235619270952686e+00 0.000000000000000000e+00
-1.976084157938531094e+00 3.564950089720680282e+00 0.000000000000000000e+00
-2.053000014957066632e+00 3.555900237635776229e+00 0.000000000000000000e+00
-2.125562101461095033e+00 3.537529301128809589e+00 0.000000000000000000e+00
-1.680903900549080010e+00 2.690008483538849582e+00 0.000000000000000000e+00
-2.346373517298760092e+00 3.478641710446115809e+00 0.000000000000000000e+00
-2.523736414435258979e+00 3.604269045130630733e+00 0.000000000000000000e+00
-2.514545275296360849e+00 3.460974575759141469e+00 0.000000000000000000e+00
-2.488505294042421045e+00 3.302357990039189950e+00 0.000000000000000000e+00
-2.490350748559849947e+00 3.187503531976932258e+00 0.000000000000000000e+00
-2.448685693728030355e+00 3.023874935519399898e+00 0.000000000000000000e+00
-2.357102229387715742e+00 2.809084990861226316e+00 0.000000000000000000e+00
-2.117102510212081512e+00 2.435447792284547219e+00 0.000000000000000000e+00
-2.426550250852179236e+00 2.602156510364645126e+00 0.000000000000000000e+00
-2.411853805944577545e+00 2.497547679390386577e+00 0.000000000000000000e+00
-2.384364074424424107e+00 2.384364028226271248e+00 0.000000000000000000e+00
-2.366627937505129342e+00 2.285425989703700811e+00 0.000000000000000000e+00
-2.347645430713027892e+00 2.189214739708238433e+00 0.000000000000000000e+00
-2.317868698852374010e+00 2.087018311640678636e+00 0.000000000000000000e+00
-2.310920780367359484e+00 2.008852749406430327e+00 0.000000000000000000e+00
-2.332214990769549967e+00 1.888590427225910195e+00 0.000000000000000000e+00
-2.316751676516304315e+00 1.810044752434368798e+00 0.000000000000000000e+00
-2.303264876181615239e+00 1.735634544828046799e+00 0.000000000000000000e+00
-2.295181140755066629e+00 1.667546678529179704e+00 0.000000000000000000e+00
-2.281338526968815117e+00 1.597410405451491489e+00 0.000000000000000000e+00
-2.239230475300663770e+00 1.510380000046113613e+00 0.000000000000000000e+00
-2.263571775563082422e+00 1.469980672842468472e+00 0.000000000000000000e+00
-2.249871708920710756e+00 1.405875851824092582e+00 0.000000000000000000e+00
-2.268120506201997344e+00 1.309499961645959498e+00 0.000000000000000000e+00
-2.315992995833143553e+00 1.283775857910226748e+00 0.000000000000000000e+00
-2.398085742358610162e+00 1.275084784414944661e+00 0.000000000000000000e+00
-2.495709388842703103e+00 1.271627425353176966e+00 0.000000000000000000e+00
-2.594818496105061101e+00 1.265577519097285109e+00 0.000000000000000000e+00
-2.708954058606178439e+00 1.263206000085779657e+00 0.000000000000000000e+00
-2.841598392384699245e+00 1.206186932835187076e+00 0.000000000000000000e+00
-2.954007869303155065e+00 1.193496627918025910e+00 0.000000000000000000e+00
-3.122826561066505135e+00 1.198740781361834706e+00 0.000000000000000000e+00
-3.268250872696201181e+00 1.189546012429683497e+00 0.000000000000000000e+00
-3.402921339173226922e+00 1.171719759434972419e+00 0.000000000000000000e+00
-3.540783464276543668e+00 1.150470264005493348e+00 0.000000000000000000e+00
-3.854864609571440504e+00 1.178550359136538717e+00 0.000000000000000000e+00
-1.472938457675397883e+00 1.808540949595500158e-01 0.000000000000000000e+00
-1.479848616087333424e+00 1.555383504972028541e-01 0.000000000000000000e+00
-6.973970452436215162e+00 4.876674912818259044e-01 0.000000000000000000e+00
-6.972431287408999978e+00 3.654096119450243041e-01 0.000000000000000000e+00
