-7.231898174150270364e+00 -1.262336293730493275e-01 0.000000000000000000e+00
-3.956339088931308368e+00 -2.766543851377399887e-01 0.000000000000000000e+00
-3.080257529939779637e+00 -9.417294020285629230e-01 0.000000000000000000e+00
-3.025310723899036436e+00 -9.829832081260769794e-01 0.000000000000000000e+00
-2.987838728910206854e+00 -1.028795544544298224e+00 0.000000000000000000e+00
-2.974127055280006093e+00 -1.082493888010988448e+00 0.000000000000000000e+00
-3.778672362119605665e+00 -1.603951475683338623e+00 0.000000000000000000e+00
-3.781164510881788843e+00 -1.683483126259084584e+00 0.000000000000000000e+00
-3.809211604294700404e+00 -1.776264769368803176e+00 0.000000000000000000e+00
-3.812684346300565963e+00 -1.859570635738182043e+00 0.000000000000000000e+00
-3.811684582628754647e+00 -2.026708880184830530e+00 0.000000000000000000e+00
-3.765237588175073036e+00 -2.087105514004773177e+00 0.000000000000000000e+00
-3.885855868689184422e+00 -2.243500181652442027e+00 0.000000000000000000e+00
-3.570282410196221612e+00 -2.230960293828863517e+00 0.000000000000000000e+00
-3.479644219127935312e+00 -2.259707614068978909e+00 0.000000000000000000e+00
-3.370866648952386857e+00 -2.273678497698394807e+00 0.000000000000000000e+00
-3.199607695668919227e+00 -2.240389654525578589e+00 0.000000000000000000e+00
-2.747421544196767762e+00 -1.996118793222809273e+00 0.000000000000000000e+00
-2.713763367991777198e+00 -2.044967578106867911e+00 0.000000000000000000e+00
-2.826594384920127379e+00 -2.208377779473464475e+00 0.000000000000000000e+00
-2.723119305275702562e+00 -2.205138745823921997e+00 0.000000000000000000e+00
-2.586389660902125520e+00 -2.248314443250723826e+00 0.000000000000000000e+00
-2.481360458238185629e+00 -2.234227201322878553e+00 0.000000000000000000e+00
-2.371779973909092565e+00 -2.211720812693319438e+00 0.000000000000000000e+00
-2.286781051626517236e+00 -2.208318996730761263e+00 0.000000000000000000e+00
-2.201930472898220970e+00 -2.201930676319719282e+00 0.000000000000000000e+00
-2.125654472477390033e+00 -2.201179845775365962e+00 0.000000000000000000e+00
-2.043267021249440596e+00 -2.191135821543916506e+00 0.000000000000000000e+00
-1.966574679340182596e+00 -2.184102651325834810e+00 0.000000000000000000e+00
-1.854442147224291126e+00 -2.210038295498780059e+00 0.000000000000000000e+00
-1.787269756407646293e+00 -2.207094544941890391e+00 0.000000000000000000e+00
-1.726314615777486017e+00 -2.209582153064162835e+00 0.000000000000000000e+00
-1.662213044947170149e+00 -2.205831420757260020e+00 0.000000000000000000e+00
-1.612294865170881497e+00 -2.219133712772405786e+00 0.000000000000000000e+00
-1.611176115286269361e+00 -2.300998177151586166e+00 0.000000000000000000e+00
-1.613830566593892124e+00 -2.392602438544887633e+00 0.000000000000000000e+00
2.197667699171962141e+00 -3.657532963194840114e+00 0.000000000000000000e+00
2.224306001345123018e+00 -3.425130612980336053e+00 0.000000000000000000e+00
2.217199930994533830e+00 -3.287133825289211497e+00 0.000000000000000000e+00
2.156647504167312768e+00 -3.080011602421749650e+00 0.000000000000000000e+00
2.131850266123206161e+00 -2.367659421366823391e+00 0.000000000000000000e+00
2.123060915716397545e+00 -2.276703938954458550e+00 0.000000000000000000e+00
2.124265432952223254e+00 -2.199741099986575410e+00 0.000000000000000000e+00
2.121320415734722520e+00 -2.121320271384560474e+00 0.000000000000000000e+00
2.119175192494818560e+00 -2.046463556454320099e+00 0.000000000000000000e+00
2.127507926386626558e+00 -1.983933102977517793e+00 0.000000000000000000e+00
2.224975643645369150e+00 -2.003376932561218737e+00 0.000000000000000000e+00
2.339499718771342884e+00 -1.963073218212804116e+00 0.000000000000000000e+00
2.407598291885355124e+00 -1.949634522718799001e+00 0.000000000000000000e+00
2.511390365203166386e+00 -1.962113061104296508e+00 0.000000000000000000e+00
2.626712285169038097e+00 -1.979369545279445974e+00 0.000000000000000000e+00
2.764411180419786174e+00 -2.008462148903952915e+00 0.000000000000000000e+00
2.858840707782162927e+00 -2.001781674932121557e+00 0.000000000000000000e+00
2.968783686792283660e+00 -2.002469740864085690e+00 0.000000000000000000e+00
3.107248316081135719e+00 -1.941624102085122816e+00 0.000000000000000000e+00
3.263235909741938112e+00 -1.960749806055340994e+00 0.000000000000000000e+00
3.318609423471972963e+00 -1.915999902401952726e+00 0.000000000000000000e+00
3.351542791962074830e+00 -1.857790366324558518e+00 0.000000000000000000e+00
3.439080915357188850e+00 -1.828591618990828449e+00 0.000000000000000000e+00
3.474034430848279786e+00 -1.770108816700542986e+00 0.000000000000000000e+00
3.535855846100986355e+00 -1.724551986937369108e+00 0.000000000000000000e+00
3.602109860937693586e+00 -1.603762503125333971e+00 0.000000000000000000e+00
3.609299581467705131e+00 -1.532056644230853637e+00 0.000000000000000000e+00
3.720788865460296524e+00 -1.503296148640366203e+00 0.000000000000000000e+00
3.822078183029254728e+00 -1.467158218584868168e+00 0.000000000000000000e+00
3.864955713537628679e+00 -1.406728702358578831e+00 0.000000000000000000e+00
3.947540274939051130e+00 -1.359246986522414380e+00 0.000000000000000000e+00
4.001094593116429898e+00 -1.300034305438313220e+00 0.000000000000000000e+00
4.063253451153890694e+00 -1.165119045914192242e+00 0.000000000000000000e+00
4.111946246053006071e+00 -1.101792543877447628e+00 0.000000000000000000e+00
4.176152740718410250e+00 -1.041231690081683370e+00 0.000000000000000000e+00
1.042705334008844575e+00 -2.216338284147202631e-01 0.000000000000000000e+00
1.035616632972622186e+00 -2.013034496389657646e-01 0.000000000000000000e+00
1.037002542980677733e+00 -1.828514960708314541e-01 0.000000000000000000e+00
1.038791232901021377e+00 -1.459925562109347374e-01 0.000000000000000000e+00
1.041180941375279279e+00 -1.278409141781847724e-01 0.000000000000000000e+00
1.041264477864964233e+00 -1.094412763873323924e-01 0.000000000000000000e+00
1.038034933112994995e+00 -9.081625905984451463e-02 0.000000000000000000e+00
1.039461797619245953e+00 -7.268621989545970274e-02 0.000000000000000000e+00
1.039573355795116782e+00 -5.448170143111392277e-02 0.000000000000000000e+00
1.042364616452087667e+00 -3.640014505643344306e-02 0.000000000000000000e+00
1.046000003814696822e+00 2.922490249801512288e-08 0.000000000000000000e+00
1.046840586857719968e+00 1.827269952881885318e-02 0.000000000000000000e+00
1.051359194756712467e+00 3.671430121895308263e-02 0.000000000000000000e+00
5.141444911112906802e+00 3.595249929759566920e-01 0.000000000000000000e+00
5.155307740337075728e+00 4.510311258954263769e-01 0.000000000000000000e+00
5.142672710079742693e+00 5.405168234686724693e-01 0.000000000000000000e+00
5.118695775329196174e+00 7.193859170461479602e-01 0.000000000000000000e+00
5.132028693972112698e+00 8.128336330071342930e-01 0.000000000000000000e+00
3.477434085991230273e+00 1.696058033466701032e+00 0.000000000000000000e+00
3.720720497468759103e+00 2.509657790699747704e+00 0.000000000000000000e+00
3.818067432022421936e+00 2.673439729347548255e+00 0.000000000000000000e+00
3.731995264596240425e+00 2.711453405602705757e+00 0.000000000000000000e+00
5.135043809007997062e+00 4.463825683189056370e+00 0.000000000000000000e+00
4.723813542199064131e+00 4.405027587610123696e+00 0.000000000000000000e+00
3.992702238131236925e+00 4.434345264937205044e+00 0.000000000000000000e+00
3.851722342128434118e+00 4.430899886516519892e+00 0.000000000000000000e+00
3.748737102851768199e+00 4.467571102177794629e+00 0.000000000000000000e+00
3.555660177044498216e+00 4.390874831173382731e+00 0.000000000000000000e+00
3.315398765541051507e+00 4.399682953583533340e+00 0.000000000000000000e+00
3.146414462556968328e+00 4.330668168532285200e+00 0.000000000000000000e+00
2.978582254854330369e+00 4.253856495822373240e+00 0.000000000000000000e+00
2.489999924023704736e+00 4.312806576735602526e+00 0.000000000000000000e+00
2.393504912105695492e+00 4.317997364451597875e+00 0.000000000000000000e+00
2.280223237480612841e+00 4.288476391960956313e+00 0.000000000000000000e+00
2.193227953098619842e+00 4.304452428393217289e+00 0.000000000000000000e+00
2.073933790035917379e+00 4.252194625040337073e+00 0.000000000000000000e+00
1.910035234643982838e+00 4.290009596019228155e+00 0.000000000000000000e+00
1.825886427062812789e+00 4.301519084734818144e+00 0.000000000000000000e+00
1.722815634610105118e+00 4.264118558227182554e+00 0.000000000000000000e+00
1.643475324630436996e+00 4.281399834450789754e+00 0.000000000000000000e+00
1.075653289633846210e+00 2.955333294321921045e+00 0.000000000000000000e+00
9.695418881131498967e-01 2.815754265582745219e+00 0.000000000000000000e+00
1.368018171593273102e+00 4.210327266079747055e+00 0.000000000000000000e+00
1.223002815537461263e+00 4.265117972465877649e+00 0.000000000000000000e+00
1.134144972400128681e+00 4.232686961508429491e+00 0.000000000000000000e+00
9.310723295050804538e-01 4.032917654996313495e+00 0.000000000000000000e+00
9.006733249168982214e-01 4.237335205627712043e+00 0.000000000000000000e+00
8.220050958380269446e-01 4.228850006605489931e+00 0.000000000000000000e+00
2.155666729856157426e-01 1.361034557724782434e+00 0.000000000000000000e+00
1.870486227381261968e-01 1.330920269597587469e+00 0.000000000000000000e+00
1.617205993522057017e-01 1.317108767702710015e+00 0.000000000000000000e+00
1.416360473746409165e-01 1.347577189541748099e+00 0.000000000000000000e+00
1.210593089877711748e-01 1.383714495593346472e+00 0.000000000000000000e+00
1.011468666597054172e-01 1.446467922094265335e+00 0.000000000000000000e+00
5.053444641282228700e-02 1.447117872585848675e+00 0.000000000000000000e+00
2.488710888312012370e-02 1.425782812735362448e+00 0.000000000000000000e+00
-2.304247180584579820e-08 1.460999965667724387e+00 0.000000000000000000e+00
-3.794156601599862899e-02 2.173668913468477015e+00 0.000000000000000000e+00
-2.939538600843636940e-01 4.203735127836599972e+00 0.000000000000000000e+00
-3.668385941626879365e-01 4.192983588935720540e+00 0.000000000000000000e+00
-4.412147265911359750e-01 4.197877107232479865e+00 0.000000000000000000e+00
-5.151418055965315546e-01 4.195492810099040071e+00 0.000000000000000000e+00
-5.910682518206438196e-01 4.205668694584242751e+00 0.000000000000000000e+00
-7.355737513497098146e-01 4.171645691260843947e+00 0.000000000000000000e+00
-8.157085333760447643e-01 4.196456291202024680e+00 0.000000000000000000e+00
-8.890304538758174724e-01 4.182559150546601323e+00 0.000000000000000000e+00
-9.591913402169679470e-01 4.154713883331194957e+00 0.000000000000000000e+00
-1.159999367011470772e+00 3.368882635279749849e+00 0.000000000000000000e+00
-1.215197603732740772e+00 3.338727840679969638e+00 0.000000000000000000e+00
-1.243393921059430252e+00 2.792708376997095066e+00 0.000000000000000000e+00
-1.171331521828921973e+00 2.202954129097965286e+00 0.000000000000000000e+00
-1.216872168211080796e+00 2.195295442157799926e+00 0.000000000000000000e+00
-1.102000020454688700e+00 1.908719973726549446e+00 0.000000000000000000e+00
-2.661106456612381876e+00 4.097744496054140484e+00 0.000000000000000000e+00
-2.964243196702727623e+00 4.233377913400465431e+00 0.000000000000000000e+00
-3.095865086885240647e+00 4.261092636093960273e+00 0.000000000000000000e+00
-3.495245434789654215e+00 4.316268556156694913e+00 0.000000000000000000e+00
-2.941380632618060265e+00 2.840458205053982166e+00 0.000000000000000000e+00
-3.001475684760876561e+00 2.798921303869417621e+00 0.000000000000000000e+00
-1.962934751040793291e+00 1.533612679126272305e+00 0.000000000000000000e+00
-2.914380158893109751e+00 1.892620571230939630e+00 0.000000000000000000e+00
-3.000394269650594303e+00 1.874854389665029375e+00 0.000000000000000000e+00
-6.720231376579175908e+00 1.064380052223051543e+00 0.000000000000000000e+00
-6.714017718255417044e+00 9.435936222514321736e-01 0.000000000000000000e+00
-6.709044523371368030e+00 7.051489640450439023e-01 0.000000000000000000e+00
-6.748223054608188498e+00 5.903929871207558300e-01 0.000000000000000000e+00
-7.352000236511229581e+00 -2.649476006886297420e-08 0.000000000000000000e+00
