-6.968752273709315936e+00 -2.433545546486471645e-01 0.000000000000000000e+00
-6.993402395735709653e+00 -3.665090529373577488e-01 0.000000000000000000e+00
-6.936503472890279909e+00 -6.068657790465855628e-01 0.000000000000000000e+00
-3.995989079170301217e+00 -4.199955842192134581e-01 0.000000000000000000e+00
-6.703773010900015095e+00 -1.671438695073005354e+00 0.000000000000000000e+00
-6.642178798149175556e+00 -2.158175083429739072e+00 0.000000000000000000e+00
-1.443625270826888629e+00 -5.832625524829210262e-01 0.000000000000000000e+00
-1.430464530846772275e+00 -6.071962518278082310e-01 0.000000000000000000e+00
-1.467730657272567241e+00 -7.158601613807985542e-01 0.000000000000000000e+00
-4.082180698877492020e+00 -2.753465931867025152e+00 0.000000000000000000e+00
-3.850833806996495579e+00 -2.696383132897995694e+00 0.000000000000000000e+00
-3.608215701491582106e+00 -2.621522418706467406e+00 0.000000000000000000e+00
-3.441320302390086017e+00 -2.593221106627441763e+00 0.000000000000000000e+00
-3.278778579864884524e+00 -2.655102797527107317e+00 0.000000000000000000e+00
-3.136185721593358178e+00 -2.631572532768816863e+00 0.000000000000000000e+00
-2.998461077842808908e+00 -2.606522694839303433e+00 0.000000000000000000e+00
-2.853675946318790402e+00 -2.569461603959451335e+00 0.000000000000000000e+00
-2.727217902134400962e+00 -2.543172073823935619e+00 0.000000000000000000e+00
-2.609045406336207407e+00 -2.519526095446400937e+00 0.000000000000000000e+00
-2.481944680576222861e+00 -2.481944909866344418e+00 0.000000000000000000e+00
-1.434469506332594291e+00 -1.485436794926806137e+00 0.000000000000000000e+00
-2.300380291470134342e+00 -2.466856072845367454e+00 0.000000000000000000e+00
-2.164338639246185192e+00 -2.489787022672198979e+00 0.000000000000000000e+00
-2.075561137941275280e+00 -2.473557671435110628e+00 0.000000000000000000e+00
-1.957815665250402404e+00 -2.417701222372373948e+00 0.000000000000000000e+00
-1.908550404268939849e+00 -2.442833347383075004e+00 0.000000000000000000e+00
-1.834332139300182352e+00 -2.434241195058017393e+00 0.000000000000000000e+00
-1.756890058554027245e+00 -2.418151941554878448e+00 0.000000000000000000e+00
-1.704668992937721672e+00 -2.434519856756689027e+00 0.000000000000000000e+00
-1.708893396546468324e+00 -2.533538893379521539e+00 0.000000000000000000e+00
3.156958278122462325e+00 -3.506157129717783150e+00 0.000000000000000000e+00
3.326937464729322169e+00 -3.326937238340154757e+00 0.000000000000000000e+00
4.959274386310257299e+00 -3.603123501121309857e+00 0.000000000000000000e+00
4.863305632586010674e+00 -3.405323027758792698e+00 0.000000000000000000e+00
4.892979819488927795e+00 -3.300356329353117069e+00 0.000000000000000000e+00
4.902029396827585650e+00 -3.183414886561067636e+00 0.000000000000000000e+00
4.806994145110738081e+00 -2.888333267477559918e+00 0.000000000000000000e+00
1.785577057328611827e+00 -9.097968816917638701e-01 0.000000000000000000e+00
4.557419786149197627e+00 -1.934509759115020433e+00 0.000000000000000000e+00
4.586778610589671956e+00 -1.853178685835604744e+00 0.000000000000000000e+00
4.573473297225532086e+00 -1.574772988805165586e+00 0.000000000000000000e+00
4.567924467449941517e+00 -1.484208476988425618e+00 0.000000000000000000e+00
4.548185501534976360e+00 -1.390519702401387780e+00 0.000000000000000000e+00
4.526581471587104666e+00 -1.297976202771871090e+00 0.000000000000000000e+00
4.517635170046312432e+00 -1.210496550409280170e+00 0.000000000000000000e+00
2.931263322049500797e+00 -7.308459370111554110e-01 0.000000000000000000e+00
4.506650503623106374e+00 -8.760039804425356902e-01 0.000000000000000000e+00
4.479890281213140035e+00 -7.899253918881312675e-01 0.000000000000000000e+00
4.472252706299914671e+00 -7.083351082110433961e-01 0.000000000000000000e+00
1.480345267117684216e+00 -1.295133862917308698e-01 0.000000000000000000e+00
1.447465415074570938e+00 -1.012166004485734322e-01 0.000000000000000000e+00
1.419052574803739475e+00 -7.436935379743207786e-02 0.000000000000000000e+00
1.431127706684188317e+00 -4.997604033691779857e-02 0.000000000000000000e+00
1.474775374916615478e+00 -2.574225850695396195e-02 0.000000000000000000e+00
1.526000022888182928e+00 4.263594810538506201e-08 0.000000000000000000e+00
1.525070423431807987e+00 5.325667496440015386e-02 0.000000000000000000e+00
1.509927819132497850e+00 7.913200556707816746e-02 0.000000000000000000e+00
1.538243817731872465e+00 1.075645285180447386e-01 0.000000000000000000e+00
2.234464732891447980e+00 1.954903945625092454e-01 0.000000000000000000e+00
2.199882320055656315e+00 2.312170092626678330e-01 0.000000000000000000e+00
4.235721330966418563e+00 8.233409380133099864e-01 0.000000000000000000e+00
4.227553932842305073e+00 8.985944445239262279e-01 0.000000000000000000e+00
4.204291532316762670e+00 1.048247727439271415e+00 0.000000000000000000e+00
4.176663129649144324e+00 1.119133628640866629e+00 0.000000000000000000e+00
4.160340655275370558e+00 1.192958602141440672e+00 0.000000000000000000e+00
4.155143931445132388e+00 1.270355102221492283e+00 0.000000000000000000e+00
4.133291770592000702e+00 1.342988023096731265e+00 0.000000000000000000e+00
3.161957316068773949e+00 1.542189722301691823e+00 0.000000000000000000e+00
2.121836480556041682e+00 1.377936792822439527e+00 0.000000000000000000e+00
2.088345656660574701e+00 1.408607002454958845e+00 0.000000000000000000e+00
1.834081464542427709e+00 1.284237730597228344e+00 0.000000000000000000e+00
2.689784809495431528e+00 2.338194368237918930e+00 0.000000000000000000e+00
3.844151712587671188e+00 3.712254320872407920e+00 0.000000000000000000e+00
3.907472003620732881e+00 3.907472174421768862e+00 0.000000000000000000e+00
2.530368678068679156e+00 3.238724355442646807e+00 0.000000000000000000e+00
2.519799310797062208e+00 3.343886771447281525e+00 0.000000000000000000e+00
1.570807086541133879e+00 3.082882638189330393e+00 0.000000000000000000e+00
1.497914173592413078e+00 3.071179334809472472e+00 0.000000000000000000e+00
7.650716100153680532e-01 1.718379058708612073e+00 0.000000000000000000e+00
2.392359406596112625e-01 6.850824142115619964e+00 0.000000000000000000e+00
-1.040617615950365184e-07 6.598000049591062677e+00 0.000000000000000000e+00
-1.167916069706689264e-01 6.690980686435683999e+00 0.000000000000000000e+00
-2.297783921485433700e-01 6.579989312090692266e+00 0.000000000000000000e+00
-3.452080787763819880e-01 6.586960600219601503e+00 0.000000000000000000e+00
-4.932481401987559577e-01 7.053775490815124449e+00 0.000000000000000000e+00
-1.128831215997263548e+00 7.127159128426843182e+00 0.000000000000000000e+00
-1.248356873858146088e+00 7.079783046133089286e+00 0.000000000000000000e+00
-8.393688643711665343e-01 4.318178132759158849e+00 0.000000000000000000e+00
-8.035787404855079252e-01 3.780540474794411132e+00 0.000000000000000000e+00
-1.513785250500750967e+00 3.746749834361145837e+00 0.000000000000000000e+00
-1.309694018265447735e+00 2.808647795053474283e+00 0.000000000000000000e+00
-1.390118959725083370e+00 2.728261992504442457e+00 0.000000000000000000e+00
-1.428601989702883435e+00 2.686809492789514309e+00 0.000000000000000000e+00
-1.478669350247211023e+00 2.667590047546441134e+00 0.000000000000000000e+00
-2.004013204798899217e+00 3.335237971617980968e+00 0.000000000000000000e+00
-2.147232922260192467e+00 3.436290899870619864e+00 0.000000000000000000e+00
-2.225939716699802950e+00 3.427646496437608992e+00 0.000000000000000000e+00
-2.356825732278123642e+00 3.365895892704877213e+00 0.000000000000000000e+00
-2.440484374998177941e+00 3.359038493912440693e+00 0.000000000000000000e+00
-1.910160925705759905e+00 2.534869108121552195e+00 0.000000000000000000e+00
-2.569770901467129498e+00 3.289156689889927598e+00 0.000000000000000000e+00
-2.728103954577842938e+00 3.368927743919567508e+00 0.000000000000000000e+00
-2.699065130396715695e+00 3.216620498095154268e+00 0.000000000000000000e+00
-2.700339110221336547e+00 3.106384737009907582e+00 0.000000000000000000e+00
-2.762093517829790290e+00 2.961982603547003823e+00 0.000000000000000000e+00
-2.693885202616547403e+00 2.789599734343792825e+00 0.000000000000000000e+00
-2.577404228907171468e+00 2.577404178968776716e+00 0.000000000000000000e+00
-2.317712774377566731e+00 2.238189166656569196e+00 0.000000000000000000e+00
-2.597037103743025988e+00 2.421776232774909055e+00 0.000000000000000000e+00
-2.586887119418940006e+00 2.329243580987928830e+00 0.000000000000000000e+00
-2.546390198619545409e+00 2.213543188072978118e+00 0.000000000000000000e+00
-2.520286207696913916e+00 2.114771188636167754e+00 0.000000000000000000e+00
-2.536606712843333167e+00 1.981814329136865949e+00 0.000000000000000000e+00
-2.510111334483878132e+00 1.891504528440141275e+00 0.000000000000000000e+00
-2.495008515506345059e+00 1.812729761959395391e+00 0.000000000000000000e+00
-2.463190186555472838e+00 1.724744306070932431e+00 0.000000000000000000e+00
-2.445660892096723771e+00 1.649619071847370888e+00 0.000000000000000000e+00
-2.422919232296440128e+00 1.573462119374628321e+00 0.000000000000000000e+00
-2.410152707689682927e+00 1.506030533880893696e+00 0.000000000000000000e+00
-2.395782682080134673e+00 1.439531439992915329e+00 0.000000000000000000e+00
-2.392959582096777282e+00 1.326439132578496327e+00 0.000000000000000000e+00
-2.384841435788800812e+00 1.268042661821495942e+00 0.000000000000000000e+00
-2.373641419801469699e+00 1.209430689673957948e+00 0.000000000000000000e+00
-2.362030780732957247e+00 1.152039366143937205e+00 0.000000000000000000e+00
-2.383589591387412110e+00 1.111486060096495088e+00 0.000000000000000000e+00
-2.471140400760164724e+00 1.100222571564795526e+00 0.000000000000000000e+00
-2.563606103177974660e+00 1.088186209168991780e+00 0.000000000000000000e+00
-2.683110220054067963e+00 1.029949495680314353e+00 0.000000000000000000e+00
-2.770213809421083084e+00 1.008275349393842335e+00 0.000000000000000000e+00
-2.882886166574170961e+00 9.926572932177739617e-01 0.000000000000000000e+00
-3.002485489509504557e+00 9.755666531543867315e-01 0.000000000000000000e+00
-3.146242616315542584e+00 9.619028788151391396e-01 0.000000000000000000e+00
-3.281747468362564479e+00 9.410259232968457566e-01 0.000000000000000000e+00
-3.428070786623579114e+00 9.185487781803908236e-01 0.000000000000000000e+00
-3.574963684774208339e+00 8.253453790552096603e-01 0.000000000000000000e+00
-3.693485366861784414e+00 7.850745299838955971e-01 0.000000000000000000e+00
-4.027616498689663871e+00 7.828893188243712942e-01 0.000000000000000000e+00
-1.510769904667539132e+00 2.637058112715799305e-02 0.000000000000000000e+00
-7.076000213623045987e+00 -2.550012539119963900e-08 0.000000000000000000e+00
