-7.118190536396496348e+00 -1.255129419144388914e+00 0.000000000000000000e+00
-6.934214482734629925e+00 -1.347875120265517035e+00 0.000000000000000000e+00
-6.640644023466192536e+00 -1.411512812469793987e+00 0.000000000000000000e+00
-6.580895522935887421e+00 -1.519319795540109208e+00 0.000000000000000000e+00
-6.560169474700929371e+00 -1.635634304506349723e+00 0.000000000000000000e+00
-6.545113332920863058e+00 -1.753758184414896837e+00 0.000000000000000000e+00
-6.945267841347289917e+00 -2.527871153154179762e+00 0.000000000000000000e+00
-6.830074256394836674e+00 -2.621820251059541196e+00 0.000000000000000000e+00
-6.854670216992731824e+00 -2.769466930224765200e+00 0.000000000000000000e+00
-4.091644146219690192e+00 -1.736800134378106097e+00 0.000000000000000000e+00
-3.636824338694991887e+00 -1.619218732679146067e+00 0.000000000000000000e+00
-3.387353875206878584e+00 -2.461056893099875964e+00 0.000000000000000000e+00
-2.583585699187902485e+00 -1.946871658898386981e+00 0.000000000000000000e+00
-2.504298061691062838e+00 -1.956572270192664220e+00 0.000000000000000000e+00
-2.458112665535522545e+00 -1.990540579647538610e+00 0.000000000000000000e+00
-2.424530537900730032e+00 -2.034422873769478279e+00 0.000000000000000000e+00
-2.918832450665963307e+00 -2.721855547697610067e+00 0.000000000000000000e+00
-2.977347256498193317e+00 -2.875191090862251553e+00 0.000000000000000000e+00
-2.969141153433504599e+00 -2.969141427732420624e+00 0.000000000000000000e+00
-2.932152977010244133e+00 -3.036333572221173949e+00 0.000000000000000000e+00
-2.889626901481757049e+00 -3.098745758085956314e+00 0.000000000000000000e+00
-2.910048843761946280e+00 -3.231936962231525712e+00 0.000000000000000000e+00
-2.849264170730560153e+00 -3.277703788035958521e+00 0.000000000000000000e+00
-2.843898721391000528e+00 -3.511922770385464077e+00 0.000000000000000000e+00
-2.529428432212160072e+00 -3.356665217669309254e+00 0.000000000000000000e+00
-2.404041622748833262e+00 -3.308879738561092410e+00 0.000000000000000000e+00
-2.316101562932440849e+00 -3.307736146186962323e+00 0.000000000000000000e+00
3.698836686257864770e+00 -5.919375594998074419e+00 0.000000000000000000e+00
8.902351534599461935e-01 -1.319827790219670449e+00 0.000000000000000000e+00
2.160387535673296444e+00 -2.237146629795085051e+00 0.000000000000000000e+00
3.537369646440349236e+00 -3.185061720500501181e+00 0.000000000000000000e+00
3.500343143591890360e+00 -3.042801666764470614e+00 0.000000000000000000e+00
3.387579497186751443e+00 -2.743207601712393640e+00 0.000000000000000000e+00
3.317525388478631321e+00 -2.591934724871986617e+00 0.000000000000000000e+00
3.276003132422531827e+00 -2.468645259387414193e+00 0.000000000000000000e+00
3.262765609911764564e+00 -2.370537810969994830e+00 0.000000000000000000e+00
3.125884260018203520e+00 -2.188767570235672366e+00 0.000000000000000000e+00
3.042568021300116499e+00 -2.052237899406270216e+00 0.000000000000000000e+00
2.922940625396252212e+00 -1.756279785732747678e+00 0.000000000000000000e+00
2.922104563223273832e+00 -1.619748886980840963e+00 0.000000000000000000e+00
2.837793599529637500e+00 -1.508881506495974634e+00 0.000000000000000000e+00
2.803997643032719811e+00 -1.428708047872690345e+00 0.000000000000000000e+00
2.755702574515521253e+00 -1.344045842686041325e+00 0.000000000000000000e+00
2.756081920368520954e+00 -1.285182000881237574e+00 0.000000000000000000e+00
2.736068579080783714e+00 -1.218176114141864996e+00 0.000000000000000000e+00
2.692476687941147251e+00 -1.142888448600183571e+00 0.000000000000000000e+00
2.781136208865851334e+00 -1.067578068904788902e+00 0.000000000000000000e+00
2.855725938681166198e+00 -1.039399139799116245e+00 0.000000000000000000e+00
2.936780676165948734e+00 -1.011214580760029458e+00 0.000000000000000000e+00
3.019604423687296979e+00 -9.811288506901193474e-01 0.000000000000000000e+00
3.145286404271788072e+00 -9.616104517634754822e-01 0.000000000000000000e+00
3.264444659578619845e+00 -9.360643368500198847e-01 0.000000000000000000e+00
3.364319718669185999e+00 -9.014666436380740500e-01 0.000000000000000000e+00
3.477526790636357834e+00 -8.028502109673755216e-01 0.000000000000000000e+00
3.511549824744497172e+00 -7.464028483818623272e-01 0.000000000000000000e+00
3.667359238251551190e+00 -7.128623104539144606e-01 0.000000000000000000e+00
3.754087209561129068e+00 -6.619467495957874759e-01 0.000000000000000000e+00
3.776920115077671447e+00 -5.982052656929173207e-01 0.000000000000000000e+00
3.800648921884132392e+00 -5.341462594140576892e-01 0.000000000000000000e+00
3.851079195615088491e+00 -4.728529551162515276e-01 0.000000000000000000e+00
3.894125004785951916e+00 -3.406916799856511413e-01 0.000000000000000000e+00
3.898480308568596175e+00 -2.726081878292686000e-01 0.000000000000000000e+00
3.911631948681750348e+00 -2.049998326221882106e-01 0.000000000000000000e+00
3.973578002671273701e+00 -1.387602892571284385e-01 0.000000000000000000e+00
4.036385326587841327e+00 -7.045525459534804358e-02 0.000000000000000000e+00
4.094999790191648614e+00 1.144129724295339524e-07 0.000000000000000000e+00
4.124371740518435914e+00 7.199129122979633366e-02 0.000000000000000000e+00
4.174271277824523452e+00 2.187644030461557143e-01 0.000000000000000000e+00
4.206727599496749015e+00 2.941631655707958592e-01 0.000000000000000000e+00
4.237812421782865435e+00 3.707606614780623588e-01 0.000000000000000000e+00
4.285394850098063202e+00 4.504132660715435832e-01 0.000000000000000000e+00
4.310627857924822948e+00 5.292786668633314706e-01 0.000000000000000000e+00
1.042998877602386187e+00 1.651948220592933669e-01 0.000000000000000000e+00
1.027763705401195216e+00 1.997770549905338033e-01 0.000000000000000000e+00
1.018251655063390437e+00 2.164360987234238420e-01 0.000000000000000000e+00
1.012370524644815584e+00 2.337241796923258674e-01 0.000000000000000000e+00
1.007166945304223571e+00 2.511149508667234742e-01 0.000000000000000000e+00
1.002630988751448626e+00 2.686541915874952058e-01 0.000000000000000000e+00
9.958671224655858412e-01 2.855603299765195335e-01 0.000000000000000000e+00
9.833924668863180951e-01 3.195236093489514095e-01 0.000000000000000000e+00
9.786116856361550820e-01 3.369630538243920115e-01 0.000000000000000000e+00
9.725818222145883318e-01 3.539908614696820055e-01 0.000000000000000000e+00
9.727908466763121043e-01 3.734194476661715223e-01 0.000000000000000000e+00
9.633440470103278308e-01 3.892162874703891107e-01 0.000000000000000000e+00
9.619275222155448946e-01 4.083140363876737733e-01 0.000000000000000000e+00
4.698299528020484672e+00 2.190853190701195885e+00 0.000000000000000000e+00
4.615413585223929971e+00 2.351670822823328066e+00 0.000000000000000000e+00
4.582497998607671263e+00 2.436557548408213147e+00 0.000000000000000000e+00
4.541899938575340023e+00 2.517616389355736395e+00 0.000000000000000000e+00
2.655658888182109489e+00 3.792674113253375445e+00 0.000000000000000000e+00
2.589063128880761067e+00 3.838444108540995714e+00 0.000000000000000000e+00
2.547276712332522397e+00 3.922462336211854250e+00 0.000000000000000000e+00
2.429679768576606058e+00 3.888300602059628464e+00 0.000000000000000000e+00
1.115000665556858950e+00 2.188312124936912184e+00 0.000000000000000000e+00
2.825302004583222004e+00 5.792727837177679362e+00 0.000000000000000000e+00
2.635447397769215439e+00 5.651735465750492793e+00 0.000000000000000000e+00
2.119746305117998109e+00 5.522128226568077558e+00 0.000000000000000000e+00
2.000133713599697050e+00 5.495322529910231069e+00 0.000000000000000000e+00
1.885365046021620472e+00 5.475498001275045823e+00 0.000000000000000000e+00
1.748418053851674481e+00 5.381077793772480078e+00 0.000000000000000000e+00
1.635819529897134528e+00 5.350524938531894925e+00 0.000000000000000000e+00
1.511319472740330516e+00 5.270597715255214588e+00 0.000000000000000000e+00
1.386752300197714671e+00 5.175430410335454035e+00 0.000000000000000000e+00
8.823062792077271954e-01 5.003808061650391714e+00 0.000000000000000000e+00
7.766970594852635745e-01 4.903872774959064706e+00 0.000000000000000000e+00
6.815305708451290245e-01 4.849342581677881014e+00 0.000000000000000000e+00
5.900912813518067734e-01 4.805908483685018773e+00 0.000000000000000000e+00
4.132924633879083154e-01 4.723955367753664980e+00 0.000000000000000000e+00
3.292504646292874204e-01 4.708502113300006009e+00 0.000000000000000000e+00
2.477583511565293883e-01 4.727512427247562599e+00 0.000000000000000000e+00
1.627711790438114148e-01 4.661158854139618057e+00 0.000000000000000000e+00
8.031590535960361765e-02 4.601299330862500980e+00 0.000000000000000000e+00
-7.198209909773533742e-08 4.564000129699706143e+00 0.000000000000000000e+00
-2.361922403755773725e-01 4.506815098146444321e+00 0.000000000000000000e+00
-3.116022366179683756e-01 4.456118615375458170e+00 0.000000000000000000e+00
-3.857513942671801921e-01 4.409157845736489278e+00 0.000000000000000000e+00
-4.614932270280869275e-01 4.390814123208750530e+00 0.000000000000000000e+00
-5.356158266127389878e-01 4.362240309591621568e+00 0.000000000000000000e+00
-6.049855500987830759e-01 4.304695406814630587e+00 0.000000000000000000e+00
-6.784563205179787726e-01 4.283604217789741320e+00 0.000000000000000000e+00
-8.235316816529084649e-01 4.236702897017924130e+00 0.000000000000000000e+00
-2.879577089683637015e-01 1.354734413613573496e+00 0.000000000000000000e+00
-3.016593733906611230e-01 1.306630214551010916e+00 0.000000000000000000e+00
-3.285299622020843024e-01 1.317661630587700028e+00 0.000000000000000000e+00
-3.563938367220291781e-01 1.330079833030047176e+00 0.000000000000000000e+00
-4.198457834170334912e-01 1.373253613874166668e+00 0.000000000000000000e+00
-4.554910613339753223e-01 1.401857277175706074e+00 0.000000000000000000e+00
-4.720738575884064203e-01 1.371001973472095292e+00 0.000000000000000000e+00
-5.171344632067218505e-01 1.420815202712578218e+00 0.000000000000000000e+00
-8.128963620408145019e-01 2.011989024745547194e+00 0.000000000000000000e+00
-1.721309470725377988e+00 3.866124240179098059e+00 0.000000000000000000e+00
-1.790211030101482637e+00 3.839119819020087920e+00 0.000000000000000000e+00
-1.861323854100330966e+00 3.816279329770172257e+00 0.000000000000000000e+00
-1.991498462585422180e+00 3.745463755978020615e+00 0.000000000000000000e+00
-2.061895253574324016e+00 3.719757399853149682e+00 0.000000000000000000e+00
-2.139499946140443587e+00 3.705722509242959539e+00 0.000000000000000000e+00
-2.206423114180569911e+00 3.672104621989802364e+00 0.000000000000000000e+00
-2.277063083730895166e+00 3.644062584891593293e+00 0.000000000000000000e+00
-2.344126393511677175e+00 3.609638014743608458e+00 0.000000000000000000e+00
-2.409562269508498833e+00 3.572322885863103981e+00 0.000000000000000000e+00
-2.246673783164592653e+00 2.774411006933629853e+00 0.000000000000000000e+00
-2.287038399908865038e+00 2.725586172126314821e+00 0.000000000000000000e+00
-2.678689167015237516e+00 3.081479326841980448e+00 0.000000000000000000e+00
-1.863064070363719571e+00 1.677510392428205988e+00 0.000000000000000000e+00
-1.938848931327166847e+00 1.685415631496093303e+00 0.000000000000000000e+00
-1.696022399662503455e+00 1.423131743979757280e+00 0.000000000000000000e+00
-1.784056310253432365e+00 1.393857526965265103e+00 0.000000000000000000e+00
-4.234197063511588865e+00 2.964816649536212712e+00 0.000000000000000000e+00
-4.375660230947858054e+00 2.951420040374994613e+00 0.000000000000000000e+00
-4.837617897200894745e+00 2.792999945778983584e+00 0.000000000000000000e+00
-3.688896666786062095e+00 1.642402582920689857e+00 0.000000000000000000e+00
-6.469238115213824969e+00 2.227537275348117962e+00 0.000000000000000000e+00
-2.341990238491108212e+00 7.160182564686286000e-01 0.000000000000000000e+00
-3.479270943182690701e+00 7.395418497966373961e-01 0.000000000000000000e+00
