-7.266893167648777130e+00 -1.268444710819374432e-01 0.000000000000000000e+00
-3.991522218611423423e+00 -2.091870230452816393e-01 0.000000000000000000e+00
-3.971302416441903738e+00 -2.777007237045326926e-01 0.000000000000000000e+00
-4.062627958710110398e+00 -1.012927132650913498e+00 0.000000000000000000e+00
-3.070694491646301483e+00 -9.388056872916754614e-01 0.000000000000000000e+00
-3.018653357416725580e+00 -9.808200982640860044e-01 0.000000000000000000e+00
-2.980274452391095341e+00 -1.026190954843634762e+00 0.000000000000000000e+00
-2.964730138203298893e+00 -1.079073689373669653e+00 0.000000000000000000e+00
-3.788798059265602980e+00 -1.608249579705920418e+00 0.000000000000000000e+00
-3.798521922986678234e+00 -1.691211145050653064e+00 0.000000000000000000e+00
-3.815555731000989770e+00 -1.779223084613902106e+00 0.000000000000000000e+00
-3.823469950029450448e+00 -1.864831126815132079e+00 0.000000000000000000e+00
-2.991108927861416245e+00 -1.524046304158152010e+00 0.000000000000000000e+00
-3.791376997343603339e+00 -2.015911144291336665e+00 0.000000000000000000e+00
-3.708320731928378411e+00 -2.141000211238738071e+00 0.000000000000000000e+00
-3.766393056243992454e+00 -2.263077509765600848e+00 0.000000000000000000e+00
-3.578762680625660941e+00 -2.236259355481515776e+00 0.000000000000000000e+00
-3.452806707399343811e+00 -2.242279128345527006e+00 0.000000000000000000e+00
-3.359260173910315839e+00 -2.265849830626847528e+00 0.000000000000000000e+00
-2.723960209561902879e+00 -1.979073134147425250e+00 0.000000000000000000e+00
-2.778296743517967293e+00 -2.249820558599291864e+00 0.000000000000000000e+00
-2.682687605896237670e+00 -2.251042394928434831e+00 0.000000000000000000e+00
-2.573559628788923970e+00 -2.237161465436305896e+00 0.000000000000000000e+00
-2.475415376425358804e+00 -2.228874225113312235e+00 0.000000000000000000e+00
-2.367391821200678592e+00 -2.207628793711271964e+00 0.000000000000000000e+00
-2.280307119940019778e+00 -2.202067192992636979e+00 0.000000000000000000e+00
-2.194152188071130105e+00 -2.194152390774045447e+00 0.000000000000000000e+00
-2.079412914341445706e+00 -2.229897549860345496e+00 0.000000000000000000e+00
-2.000031335583371206e+00 -2.221260035875178396e+00 0.000000000000000000e+00
-1.922908909235093722e+00 -2.212053863096843376e+00 0.000000000000000000e+00
-1.852513771013612365e+00 -2.207740146009399940e+00 0.000000000000000000e+00
-1.782864533122501038e+00 -2.201654546728393669e+00 0.000000000000000000e+00
-1.724467765326504809e+00 -2.207218292063062304e+00 0.000000000000000000e+00
-1.659203901139282733e+00 -2.201838151674700317e+00 0.000000000000000000e+00
-1.621111564931694726e+00 -2.231268860069137716e+00 0.000000000000000000e+00
-1.585311797601300476e+00 -2.350321620689276969e+00 0.000000000000000000e+00
2.228840474154881957e+00 -3.566890086516398384e+00 0.000000000000000000e+00
2.225395200524884043e+00 -3.426807832504977114e+00 0.000000000000000000e+00
2.189240311013401552e+00 -3.245681987185921269e+00 0.000000000000000000e+00
2.162383263350552198e+00 -3.088203114849690678e+00 0.000000000000000000e+00
2.222728086107637502e+00 -2.556955989604327684e+00 0.000000000000000000e+00
2.133857512524785172e+00 -2.369888694186413236e+00 0.000000000000000000e+00
2.119651008343244492e+00 -2.273047261234823591e+00 0.000000000000000000e+00
2.122181443192617589e+00 -2.197583065564396421e+00 0.000000000000000000e+00
2.098692952111112842e+00 -2.098692809300688911e+00 0.000000000000000000e+00
2.110543054238863458e+00 -2.038127598003291130e+00 0.000000000000000000e+00
2.135552931743268879e+00 -1.991435191332968646e+00 0.000000000000000000e+00
2.257336372645496692e+00 -1.962272438834529398e+00 0.000000000000000000e+00
2.360949052906812895e+00 -1.981071345355966073e+00 0.000000000000000000e+00
2.425472650961883136e+00 -1.964108892319627042e+00 0.000000000000000000e+00
2.533454570681636486e+00 -1.979351506529602789e+00 0.000000000000000000e+00
2.644282326234008274e+00 -1.992609519976968890e+00 0.000000000000000000e+00
2.770074274826154426e+00 -2.012576627546429631e+00 0.000000000000000000e+00
2.867032220600406855e+00 -2.007517433557950426e+00 0.000000000000000000e+00
3.015020779199296896e+00 -1.957977248770785828e+00 0.000000000000000000e+00
3.140322221613495834e+00 -1.962290970516387345e+00 0.000000000000000000e+00
3.283808069228643767e+00 -1.973110805639611831e+00 0.000000000000000000e+00
3.308217045754840324e+00 -1.909999860772793934e+00 0.000000000000000000e+00
3.357665103328898670e+00 -1.861184018676007801e+00 0.000000000000000000e+00
3.433783192660714523e+00 -1.825774770082374099e+00 0.000000000000000000e+00
3.508892050013048269e+00 -1.711400865923738523e+00 0.000000000000000000e+00
3.557258072855058906e+00 -1.658776545768097410e+00 0.000000000000000000e+00
3.593887894203914968e+00 -1.600101847993026238e+00 0.000000000000000000e+00
3.713316554026894423e+00 -1.576209225729029439e+00 0.000000000000000000e+00
3.781982986478321873e+00 -1.528020176198014113e+00 0.000000000000000000e+00
3.825812679284374518e+00 -1.468591757254302355e+00 0.000000000000000000e+00
3.879050977544126866e+00 -1.411858958411917442e+00 0.000000000000000000e+00
3.952267525214330224e+00 -1.360874709165803775e+00 0.000000000000000000e+00
4.020305227587125607e+00 -1.229130523972803424e+00 0.000000000000000000e+00
4.078633440407854138e+00 -1.169529186364736795e+00 0.000000000000000000e+00
4.154447126454869021e+00 -1.113180619093641965e+00 0.000000000000000000e+00
4.181974555834598206e+00 -1.042683231433048974e+00 0.000000000000000000e+00
1.078627662607871907e+00 -2.490207836246491890e-01 0.000000000000000000e+00
1.039770870665850833e+00 -2.210100890668549312e-01 0.000000000000000000e+00
1.036017806600704860e+00 -1.826778605078984430e-01 0.000000000000000000e+00
1.038060449817248543e+00 -1.644125923419130220e-01 0.000000000000000000e+00
1.034830093557979946e+00 -1.454358544985191459e-01 0.000000000000000000e+00
1.041180941375279279e+00 -1.278409141781847724e-01 0.000000000000000000e+00
1.037286322931520566e+00 -1.090231555709233469e-01 0.000000000000000000e+00
1.037038691860189488e+00 -9.072909927281350151e-02 0.000000000000000000e+00
1.039461797619245953e+00 -7.268621989545970274e-02 0.000000000000000000e+00
1.041570589153674842e+00 -5.458637193937833365e-02 0.000000000000000000e+00
1.042841129395635669e+00 -1.820283033686002222e-02 0.000000000000000000e+00
1.046000003814696822e+00 2.922490249801512288e-08 0.000000000000000000e+00
1.046840586857719968e+00 1.827269952881885318e-02 0.000000000000000000e+00
1.053357950675298582e+00 3.678409936902787142e-02 0.000000000000000000e+00
5.153415763411996586e+00 3.603620768430703669e-01 0.000000000000000000e+00
5.145345565369050078e+00 4.501595482479778809e-01 0.000000000000000000e+00
5.150322092529751039e+00 6.323801777598150320e-01 0.000000000000000000e+00
5.215742094808001106e+00 7.330248904484544248e-01 0.000000000000000000e+00
3.339019765080822655e+00 1.628548854249572075e+00 0.000000000000000000e+00
3.718233565054310130e+00 2.507980333520926752e+00 0.000000000000000000e+00
3.800046221708046179e+00 2.660821141414474678e+00 0.000000000000000000e+00
3.731186306252369356e+00 2.710865662933982012e+00 0.000000000000000000e+00
4.682126264891397049e+00 4.366153570896258884e+00 0.000000000000000000e+00
4.425074067122588772e+00 4.425074260548730543e+00 0.000000000000000000e+00
3.975973909557513064e+00 4.415766573069632273e+00 0.000000000000000000e+00
3.853690689348469256e+00 4.433164211070366179e+00 0.000000000000000000e+00
3.708241661010550860e+00 4.419310511804007469e+00 0.000000000000000000e+00
3.619221429259376954e+00 4.469366444176782416e+00 0.000000000000000000e+00
3.442778882580210364e+00 4.406556212166924169e+00 0.000000000000000000e+00
3.316000823896270600e+00 4.400481912040673294e+00 0.000000000000000000e+00
3.155231162613101770e+00 4.342803315614454540e+00 0.000000000000000000e+00
1.004314339407982537e+00 1.546508532415402426e+00 0.000000000000000000e+00
2.492000017415099133e+00 4.316270840268010112e+00 0.000000000000000000e+00
2.374112546478798436e+00 4.283012609148231675e+00 0.000000000000000000e+00
2.277406388507695834e+00 4.283178669298757235e+00 0.000000000000000000e+00
2.164626677397467613e+00 4.248319261536103397e+00 0.000000000000000000e+00
1.998139128767443484e+00 4.285023404040511075e+00 0.000000000000000000e+00
1.905967775292323418e+00 4.280873932271491711e+00 0.000000000000000000e+00
1.822369915626793846e+00 4.293234702513927914e+00 0.000000000000000000e+00
1.725812448635095198e+00 4.271535933622901737e+00 0.000000000000000000e+00
1.640250076125900014e+00 4.272997774373318514e+00 0.000000000000000000e+00
1.031874706334562797e+00 2.835052618336948438e+00 0.000000000000000000e+00
1.287897344524949084e+00 4.212522673930337191e+00 0.000000000000000000e+00
1.219970893136848034e+00 4.254544401777657470e+00 0.000000000000000000e+00
1.139580148290634920e+00 4.252971315524093576e+00 0.000000000000000000e+00
8.992179495452327087e-01 4.230488202247956409e+00 0.000000000000000000e+00
8.223866861355138003e-01 4.230813118683770746e+00 0.000000000000000000e+00
2.141587531048918247e-01 1.352145300467929578e+00 0.000000000000000000e+00
1.845435062921717551e-01 1.313095437707267221e+00 0.000000000000000000e+00
1.622080703833753690e-01 1.321078901202873190e+00 0.000000000000000000e+00
1.417405682452732574e-01 1.348571639356650476e+00 0.000000000000000000e+00
1.230638804705736361e-01 1.406626856826855620e+00 0.000000000000000000e+00
7.646280667146782006e-02 1.458997717228170954e+00 0.000000000000000000e+00
4.987135857659816957e-02 1.428129512625290642e+00 0.000000000000000000e+00
2.462532327478666322e-02 1.410785111606788211e+00 0.000000000000000000e+00
-3.386186847621969742e-08 2.147000074386596236e+00 0.000000000000000000e+00
-2.941631143834839146e-01 4.206727603076116040e+00 0.000000000000000000e+00
-3.672743829258025006e-01 4.197964676425036679e+00 0.000000000000000000e+00
-4.397512844339385163e-01 4.183953387195022522e+00 0.000000000000000000e+00
-5.874497476320363898e-01 4.179921702184681287e+00 0.000000000000000000e+00
-6.620306971955529640e-01 4.179896923427665278e+00 0.000000000000000000e+00
-7.374839086192798154e-01 4.182478730542915635e+00 0.000000000000000000e+00
-8.155177381963396588e-01 4.195474735168902569e+00 0.000000000000000000e+00
-8.892383505111913777e-01 4.183537227248991464e+00 0.000000000000000000e+00
-9.639152920500574373e-01 4.175175565419238843e+00 0.000000000000000000e+00
-1.159022655679956548e+00 3.366046059728077910e+00 0.000000000000000000e+00
-1.199806670636434980e+00 3.296441601252870779e+00 0.000000000000000000e+00
-1.169453659712486937e+00 2.199422384219437365e+00 0.000000000000000000e+00
-1.089499972517319115e+00 1.887069256187767108e+00 0.000000000000000000e+00
-1.196027785109353037e+00 1.914044513455752439e+00 0.000000000000000000e+00
-2.062007337602520529e+00 2.944851599891056715e+00 0.000000000000000000e+00
-1.167294190132637688e+00 1.494068398218852289e+00 0.000000000000000000e+00
-2.933467782234734589e+00 2.832816854408154228e+00 0.000000000000000000e+00
-2.923605666359077038e+00 1.898611685724652665e+00 0.000000000000000000e+00
-2.929158135404102303e+00 1.830341113411386944e+00 0.000000000000000000e+00
-4.300973267843191117e+00 1.565426217146185461e+00 0.000000000000000000e+00
-6.718256143070294506e+00 1.064067205978997732e+00 0.000000000000000000e+00
-6.735803453346442815e+00 9.466554075416402370e-01 0.000000000000000000e+00
-6.677850674782958684e+00 8.199369320351099777e-01 0.000000000000000000e+00
-6.736891489277996747e+00 7.080757979768285137e-01 0.000000000000000000e+00
-6.773870904455906228e+00 2.365487581463841249e-01 0.000000000000000000e+00
-7.367000102996825284e+00 -2.654881581570955202e-08 0.000000000000000000e+00
