-7.226899298020083684e+00 -1.261463734049059482e-01 0.000000000000000000e+00
-3.947582608724196973e+00 -2.068842433831212246e-01 0.000000000000000000e+00
-3.971828231960895295e+00 -3.474901502822757560e-01 0.000000000000000000e+00
-3.084082699657007876e+00 -9.428988739819463838e-01 0.000000000000000000e+00
-3.029114900924708476e+00 -9.842192603792997430e-01 0.000000000000000000e+00
-2.988784178939149161e+00 -1.029121089148815615e+00 0.000000000000000000e+00
-2.966609611234710453e+00 -1.079757761718720621e+00 0.000000000000000000e+00
-3.768075230158662858e+00 -1.522401429999320488e+00 0.000000000000000000e+00
-3.769288409736990975e+00 -1.678195544662072658e+00 0.000000000000000000e+00
-3.802867477588411482e+00 -1.773306454123704023e+00 0.000000000000000000e+00
-3.804594929214708543e+00 -1.855625162914632975e+00 0.000000000000000000e+00
-3.759156310053541006e+00 -1.915386038844833383e+00 0.000000000000000000e+00
-3.845236684601310628e+00 -2.044548851342609108e+00 0.000000000000000000e+00
-3.779231739999278528e+00 -2.094862599912936219e+00 0.000000000000000000e+00
-3.888453756521603299e+00 -2.245000073058839085e+00 0.000000000000000000e+00
-3.648103962355212282e+00 -2.192002243846007836e+00 0.000000000000000000e+00
-3.481321438639322974e+00 -2.260796813269148053e+00 0.000000000000000000e+00
-3.373353581326013373e+00 -2.275355954937737568e+00 0.000000000000000000e+00
-3.234831218339063952e+00 -2.265053433117235393e+00 0.000000000000000000e+00
-2.766028935969551572e+00 -2.009637856028794634e+00 0.000000000000000000e+00
-2.696193327988855248e+00 -2.031727601999959276e+00 0.000000000000000000e+00
-2.831322482333887169e+00 -2.212071774382475375e+00 0.000000000000000000e+00
-2.726227848981428892e+00 -2.207655995125230142e+00 0.000000000000000000e+00
-2.629064365486485144e+00 -2.206047149395377271e+00 0.000000000000000000e+00
-2.482103549169907719e+00 -2.234896283465780176e+00 0.000000000000000000e+00
-2.389332410374446436e+00 -2.228088726020421184e+00 0.000000000000000000e+00
-2.290377832789207257e+00 -2.211792368247024854e+00 0.000000000000000000e+00
-2.202637528396179878e+00 -2.202637731882998384e+00 0.000000000000000000e+00
-2.127738462063888392e+00 -2.203337880364712564e+00 0.000000000000000000e+00
-2.045994979433520378e+00 -2.194061198812109037e+00 0.000000000000000000e+00
-1.967913003021847906e+00 -2.185589010492443141e+00 0.000000000000000000e+00
-1.897322585924137384e+00 -2.182620162389221630e+00 0.000000000000000000e+00
-1.789157730678660574e+00 -2.209425999217109915e+00 0.000000000000000000e+00
-1.728161613013592834e+00 -2.211946201941674683e+00 0.000000000000000000e+00
-1.673045646991041968e+00 -2.220206770553465603e+00 0.000000000000000000e+00
-1.612882607784558164e+00 -2.219942671156271086e+00 0.000000000000000000e+00
-1.612323321692008538e+00 -2.302636557849622623e+00 0.000000000000000000e+00
-1.627251289246376187e+00 -2.412499480037378241e+00 0.000000000000000000e+00
2.194577448925924212e+00 -3.652389923533446936e+00 0.000000000000000000e+00
2.231386315421856725e+00 -3.436033339709064105e+00 0.000000000000000000e+00
2.216081626188479259e+00 -3.285475870359853001e+00 0.000000000000000000e+00
2.157794710704475261e+00 -3.081649983027762385e+00 0.000000000000000000e+00
2.158615465875689310e+00 -2.397385185115687989e+00 0.000000000000000000e+00
2.125106925180723749e+00 -2.278898015333561400e+00 0.000000000000000000e+00
2.139547803696707717e+00 -2.215566457077263962e+00 0.000000000000000000e+00
2.122734695431473195e+00 -2.122734550985073021e+00 0.000000000000000000e+00
2.116297698740181144e+00 -2.043684793224339824e+00 0.000000000000000000e+00
2.139941084779925617e+00 -1.995527209963019244e+00 0.000000000000000000e+00
2.207883310724570780e+00 -1.987986927913310664e+00 0.000000000000000000e+00
2.301109595789227136e+00 -2.000323918611657703e+00 0.000000000000000000e+00
2.419255377860546119e+00 -1.959074244174048962e+00 0.000000000000000000e+00
2.512966272522251909e+00 -1.963344294757459529e+00 0.000000000000000000e+00
2.634698632851379063e+00 -1.985387689508524289e+00 0.000000000000000000e+00
2.755511866737189841e+00 -2.001996419489559642e+00 0.000000000000000000e+00
2.857202327098085526e+00 -2.000634468506446773e+00 0.000000000000000000e+00
2.965467381465442642e+00 -2.000232864833673130e+00 0.000000000000000000e+00
3.067856995698512446e+00 -1.992289486527258457e+00 0.000000000000000000e+00
3.259807284615691803e+00 -1.958689680389508858e+00 0.000000000000000000e+00
3.318609423471972963e+00 -1.915999902401952726e+00 0.000000000000000000e+00
3.361163537177713323e+00 -1.863123232078605307e+00 0.000000000000000000e+00
3.432017425435965663e+00 -1.824835895066713398e+00 0.000000000000000000e+00
3.456214317072281883e+00 -1.761029015927872310e+00 0.000000000000000000e+00
3.510689507845389024e+00 -1.712277544615155689e+00 0.000000000000000000e+00
3.557258072855058906e+00 -1.658776545768097410e+00 0.000000000000000000e+00
3.612061115377418474e+00 -1.533228845728443090e+00 0.000000000000000000e+00
3.714298606692671090e+00 -1.500673914119180941e+00 0.000000000000000000e+00
3.809941626657419089e+00 -1.462499431513132997e+00 0.000000000000000000e+00
3.870593908756300827e+00 -1.408780837397494157e+00 0.000000000000000000e+00
3.916338168830232558e+00 -1.348503240861144592e+00 0.000000000000000000e+00
4.007752413271346015e+00 -1.302197562117053398e+00 0.000000000000000000e+00
4.061426544058452492e+00 -1.241702570720405241e+00 0.000000000000000000e+00
4.145753502856004857e+00 -1.110851169950259010e+00 0.000000000000000000e+00
4.173242064496846204e+00 -1.040505977084668299e+00 0.000000000000000000e+00
1.044661604036080105e+00 -2.220496463849633006e-01 0.000000000000000000e+00
1.035616632972622186e+00 -2.013034496389657646e-01 0.000000000000000000e+00
1.032078508886113744e+00 -1.819832561547490291e-01 0.000000000000000000e+00
1.039048184317121981e+00 -1.645690340883434466e-01 0.000000000000000000e+00
1.041180941375279279e+00 -1.278409141781847724e-01 0.000000000000000000e+00
1.038280891303943854e+00 -1.091276888902157211e-01 0.000000000000000000e+00
1.039031055610137866e+00 -9.090340845710476181e-02 0.000000000000000000e+00
1.038464186950789792e+00 -7.261646019040508826e-02 0.000000000000000000e+00
1.040572031997354596e+00 -5.453403980471051987e-02 0.000000000000000000e+00
1.045362809904152535e+00 -3.650484419418226212e-02 0.000000000000000000e+00
1.049840032752230146e+00 -1.832499645282248055e-02 0.000000000000000000e+00
1.047840362084182075e+00 1.829015069811706917e-02 0.000000000000000000e+00
1.049360319701456046e+00 3.664449890853078984e-02 0.000000000000000000e+00
5.166384107456742036e+00 3.612689121553616101e-01 0.000000000000000000e+00
5.136379987915944412e+00 4.493751616125619130e-01 0.000000000000000000e+00
5.134716637372080505e+00 5.396806063127951303e-01 0.000000000000000000e+00
5.132456136912739275e+00 6.301865137547381090e-01 0.000000000000000000e+00
5.165238306388055811e+00 7.259270444850556281e-01 0.000000000000000000e+00
4.079609007367497320e+00 1.648269148603887624e+00 0.000000000000000000e+00
3.799227129048591944e+00 2.660247606531503273e+00 0.000000000000000000e+00
3.753029724614314500e+00 2.726735836100964594e+00 0.000000000000000000e+00
3.732822138834170911e+00 2.812883375271946207e+00 0.000000000000000000e+00
3.604361029598947663e+00 2.816035597521107547e+00 0.000000000000000000e+00
4.636145038210619518e+00 4.477073418807227867e+00 0.000000000000000000e+00
4.090626167828976811e+00 4.386659696625095251e+00 0.000000000000000000e+00
3.971290015844829657e+00 4.410564581869801160e+00 0.000000000000000000e+00
3.820231602107705626e+00 4.394673932517181747e+00 0.000000000000000000e+00
3.648462456503270612e+00 4.348068427005706837e+00 0.000000000000000000e+00
3.325629740031177395e+00 4.413259915887616458e+00 0.000000000000000000e+00
3.169925849558551167e+00 4.363028817930983294e+00 0.000000000000000000e+00
3.061750824749761346e+00 4.372633528325454932e+00 0.000000000000000000e+00
1.051697940730287550e+00 1.619472883183022516e+00 0.000000000000000000e+00
9.411365951366404969e-01 1.506133457099150919e+00 0.000000000000000000e+00
2.493999872387922867e+00 4.319734690847320202e+00 0.000000000000000000e+00
2.400777222597206606e+00 4.331116960478745170e+00 0.000000000000000000e+00
2.291960070890853629e+00 4.310550166216414070e+00 0.000000000000000000e+00
2.187780029209010380e+00 4.293760275220902756e+00 0.000000000000000000e+00
2.101112920464299982e+00 4.307920103296244640e+00 0.000000000000000000e+00
1.990954534780571938e+00 4.269615991744219130e+00 0.000000000000000000e+00
1.744168269462538667e+00 4.316968186888648695e+00 0.000000000000000000e+00
1.647059085976052550e+00 4.290735852462060684e+00 0.000000000000000000e+00
1.380069844307895366e+00 4.247418503086596964e+00 0.000000000000000000e+00
1.294914174683494457e+00 4.235473692711180682e+00 0.000000000000000000e+00
1.216938839302109443e+00 4.243970372724139573e+00 0.000000000000000000e+00
1.122498096397884337e+00 4.189220225423818000e+00 0.000000000000000000e+00
9.006733249168982214e-01 4.237335205627712043e+00 0.000000000000000000e+00
8.218143006892835167e-01 4.227868450566349523e+00 0.000000000000000000e+00
2.431074209846220135e-01 1.378730834900345759e+00 0.000000000000000000e+00
1.899712613568604880e-01 1.351715926477820240e+00 0.000000000000000000e+00
1.611112532992656776e-01 1.312146041667145102e+00 0.000000000000000000e+00
1.401726430389308997e-01 1.333653825126875470e+00 0.000000000000000000e+00
1.186189385092024928e-01 1.355820928101112655e+00 0.000000000000000000e+00
9.961221940639022887e-02 1.424521438758120651e+00 0.000000000000000000e+00
7.635813613890114759e-02 1.457000483870886764e+00 0.000000000000000000e+00
4.980156051389178495e-02 1.426130756703653635e+00 0.000000000000000000e+00
-2.318441821342748919e-08 1.470000028610229270e+00 0.000000000000000000e+00
-3.752270911793523928e-02 2.149672639352424142e+00 0.000000000000000000e+00
-2.936748210897174305e-01 4.199744685174973569e+00 0.000000000000000000e+00
-3.671871919258964945e-01 4.196968078909055322e+00 0.000000000000000000e+00
-4.407965931400706361e-01 4.193898833761064537e+00 0.000000000000000000e+00
-5.155073871718931500e-01 4.198470232731548180e+00 0.000000000000000000e+00
-5.889806073067382908e-01 4.190814333602226327e+00 0.000000000000000000e+00
-6.623436180716505417e-01 4.181872627896986216e+00 0.000000000000000000e+00
-7.360946581676414135e-01 4.174599900377993222e+00 0.000000000000000000e+00
-8.873671816528001521e-01 4.174734070510363715e+00 0.000000000000000000e+00
-9.625655762027421902e-01 4.169329304163247762e+00 0.000000000000000000e+00
-1.037361171916439950e+00 4.160628163512788191e+00 0.000000000000000000e+00
-1.157394855208432549e+00 3.361318584094754591e+00 0.000000000000000000e+00
-1.456049100511842775e+00 3.793137442778060642e+00 0.000000000000000000e+00
-1.143148054449854900e+00 2.243554313781698450e+00 0.000000000000000000e+00
-1.184476780505457905e+00 2.227676764269876486e+00 0.000000000000000000e+00
-1.072883741208733976e+00 1.935533450899164842e+00 0.000000000000000000e+00
-1.168471958606725591e+00 1.869945973950442708e+00 0.000000000000000000e+00
-2.868100553943171871e+00 4.252133832547838388e+00 0.000000000000000000e+00
-2.973993836548933345e+00 4.247303269934088021e+00 0.000000000000000000e+00
-2.019630221092500122e+00 2.779782458604622697e+00 0.000000000000000000e+00
-1.464932494358756943e+00 1.570947737884937023e+00 0.000000000000000000e+00
-2.949604369320788955e+00 1.915495440543154793e+00 0.000000000000000000e+00
-2.966472175796288635e+00 1.853657513236925736e+00 0.000000000000000000e+00
-1.710756128442910029e+00 9.482875899963225663e-01 0.000000000000000000e+00
-6.705416183329558244e+00 1.062033556205119966e+00 0.000000000000000000e+00
-6.682329075816080710e+00 9.391400741438270527e-01 0.000000000000000000e+00
-6.720529905647753210e+00 8.251772824593929245e-01 0.000000000000000000e+00
-6.749820285305183631e+00 7.094346691384614267e-01 0.000000000000000000e+00
-7.382999897003172940e+00 -2.660647504989241048e-08 0.000000000000000000e+00
