-3.064533240077004450e+00 -5.349178651491787173e-02 0.000000000000000000e+00
-4.480850698834650814e+00 -2.348316674849106056e-01 0.000000000000000000e+00
-4.456118604000759653e+00 -3.116023992836471912e-01 0.000000000000000000e+00
-4.414138919128467009e+00 -3.861873441635517157e-01 0.000000000000000000e+00
-4.374013846837642383e+00 -6.147277853805597214e-01 0.000000000000000000e+00
-4.356693012836725387e+00 -6.900326125317614023e-01 0.000000000000000000e+00
-4.352850304363681033e+00 -7.675251801989896316e-01 0.000000000000000000e+00
-4.335847046742380861e+00 -8.428035178508088698e-01 0.000000000000000000e+00
-1.441093282062168024e+00 -3.327026759543722512e-01 0.000000000000000000e+00
-1.392374294194495210e+00 -3.471579764943736324e-01 0.000000000000000000e+00
-1.411217580045534215e+00 -3.781346869192501736e-01 0.000000000000000000e+00
-1.429396110319799407e+00 -4.098728165759467079e-01 0.000000000000000000e+00
-1.488010172070309833e+00 -4.549304452422158751e-01 0.000000000000000000e+00
-1.480795010891513774e+00 -4.811395467197659426e-01 0.000000000000000000e+00
-1.457044108176061892e+00 -5.017006012378729674e-01 0.000000000000000000e+00
-2.166840221374668918e+00 -8.317721535591505733e-01 0.000000000000000000e+00
-4.028613573315881879e+00 -1.627665768412092095e+00 0.000000000000000000e+00
-4.003275503048671524e+00 -1.699289865681832268e+00 0.000000000000000000e+00
-3.944251613604947693e+00 -1.839234967906103746e+00 0.000000000000000000e+00
-3.942110733890402674e+00 -1.922696110598238750e+00 0.000000000000000000e+00
-3.919537752347482584e+00 -1.997104475143439695e+00 0.000000000000000000e+00
-3.892032882239061742e+00 -2.069430833903166622e+00 0.000000000000000000e+00
-3.870192267177539946e+00 -2.145282849202581499e+00 0.000000000000000000e+00
-3.834760358073882713e+00 -2.214000171559241448e+00 0.000000000000000000e+00
-3.804965649057821864e+00 -2.286254264285580540e+00 0.000000000000000000e+00
-3.708601078712736587e+00 -2.408393952762180490e+00 0.000000000000000000e+00
-3.695849531394010512e+00 -2.492882242277613347e+00 0.000000000000000000e+00
-3.676354183635706541e+00 -2.574211172994233632e+00 0.000000000000000000e+00
-2.941374548794513988e+00 -2.216484922119313250e+00 0.000000000000000000e+00
-2.881755270912129241e+00 -2.251474191031732186e+00 0.000000000000000000e+00
-1.858905792839057547e+00 -1.924953476386757512e+00 0.000000000000000000e+00
-1.856399365323357697e+00 -1.990744775963781299e+00 0.000000000000000000e+00
-1.510998188638074557e+00 -1.865927539815390723e+00 0.000000000000000000e+00
-3.253770614723682009e+00 -4.164636859788220846e+00 0.000000000000000000e+00
-3.205868521360407453e+00 -4.254331619361199301e+00 0.000000000000000000e+00
1.759184190048511232e+00 -2.708905887752117270e+00 0.000000000000000000e+00
1.819958180283715254e+00 -2.599169451829594468e+00 0.000000000000000000e+00
1.813905356376818601e+00 -2.496626352942843852e+00 0.000000000000000000e+00
2.803657386136602536e+00 -3.113776764745527448e+00 0.000000000000000000e+00
2.886899029028691555e+00 -3.095819974876031999e+00 0.000000000000000000e+00
2.322242969539548785e+00 -2.404752826557861489e+00 0.000000000000000000e+00
3.051872960647427302e+00 -3.051872752975661296e+00 0.000000000000000000e+00
3.111864231770511413e+00 -3.005092153544375755e+00 0.000000000000000000e+00
3.257449486751492707e+00 -3.037620583167212729e+00 0.000000000000000000e+00
2.672234447917428479e+00 -2.013672953036805158e+00 0.000000000000000000e+00
2.875246386301701040e+00 -2.088988634021843094e+00 0.000000000000000000e+00
2.806415064805615422e+00 -1.965072847077070639e+00 0.000000000000000000e+00
2.789711500777380060e+00 -1.881684034744595779e+00 0.000000000000000000e+00
2.748764703862488723e+00 -1.586999924449211008e+00 0.000000000000000000e+00
2.720942010346525830e+00 -1.508242671486306197e+00 0.000000000000000000e+00
2.676214109842741884e+00 -1.422968174441795686e+00 0.000000000000000000e+00
2.658763482082571183e+00 -1.354707552511684288e+00 0.000000000000000000e+00
2.637061786012913522e+00 -1.286180868419739109e+00 0.000000000000000000e+00
2.609260110312302317e+00 -1.216717872066145789e+00 0.000000000000000000e+00
2.532348111700502447e+00 -1.127473925891945283e+00 0.000000000000000000e+00
2.561809032776045658e+00 -1.035037942699257751e+00 0.000000000000000000e+00
2.535604543112174980e+00 -9.733273016303660707e-01 0.000000000000000000e+00
2.508039548611607383e+00 -9.128516550201480895e-01 0.000000000000000000e+00
2.567082878564604265e+00 -8.839174330896717446e-01 0.000000000000000000e+00
2.643937114183261716e+00 -8.590671552162910674e-01 0.000000000000000000e+00
2.717818148868401451e+00 -8.309203048710605000e-01 0.000000000000000000e+00
2.821303046928220315e+00 -8.089955386214755517e-01 0.000000000000000000e+00
2.918649466409936721e+00 -7.277009499760858091e-01 0.000000000000000000e+00
3.028342221143026869e+00 -6.991477959774916595e-01 0.000000000000000000e+00
3.144744472164457516e+00 -6.684359751687289908e-01 0.000000000000000000e+00
3.277653171173803059e+00 -6.371111365636252799e-01 0.000000000000000000e+00
3.410389324525159971e+00 -6.013435496320062024e-01 0.000000000000000000e+00
3.530985881030117124e+00 -5.592531170271053398e-01 0.000000000000000000e+00
3.634283902656078258e+00 -5.107651856699561010e-01 0.000000000000000000e+00
3.914438300121621417e+00 -4.114239302421751066e-01 0.000000000000000000e+00
4.075432599900171482e+00 -3.565540339413421633e-01 0.000000000000000000e+00
1.483773946471977467e+00 2.589941184259525117e-02 0.000000000000000000e+00
6.975576493522678057e+00 7.331628242161952747e-01 0.000000000000000000e+00
6.462619443833226285e+00 2.225258512096479180e+00 0.000000000000000000e+00
6.414341971308632040e+00 2.334629733274715235e+00 0.000000000000000000e+00
6.430501926437699467e+00 2.468438601977945623e+00 0.000000000000000000e+00
1.260893043737364438e+00 7.576210155427801629e-01 0.000000000000000000e+00
1.266769388546950870e+00 8.544467844734968676e-01 0.000000000000000000e+00
3.287123247630160616e+00 3.403915916046345913e+00 0.000000000000000000e+00
3.062854683817963775e+00 3.284509668419396622e+00 0.000000000000000000e+00
2.923431521459847193e+00 3.246799774035026065e+00 0.000000000000000000e+00
2.762664480814537082e+00 3.178082075293104936e+00 0.000000000000000000e+00
2.624501861803065772e+00 3.127759657107869629e+00 0.000000000000000000e+00
2.475574669665963512e+00 3.168591219870618758e+00 0.000000000000000000e+00
2.289304225269190418e+00 3.038009448567763560e+00 0.000000000000000000e+00
2.151294012728638627e+00 2.961002313251133167e+00 0.000000000000000000e+00
2.049388520815195847e+00 2.926830258766809134e+00 0.000000000000000000e+00
1.747143721595628252e+00 2.796014549911164604e+00 0.000000000000000000e+00
1.656877435867230464e+00 2.757507245974442522e+00 0.000000000000000000e+00
1.514060344930131086e+00 2.731437293469938243e+00 0.000000000000000000e+00
1.447380748863501987e+00 2.722127408252356329e+00 0.000000000000000000e+00
1.362425404880526436e+00 2.673910540970974470e+00 0.000000000000000000e+00
1.287934362449812076e+00 2.640656900295258680e+00 0.000000000000000000e+00
1.217140592188902026e+00 2.610166553694562186e+00 0.000000000000000000e+00
1.152691642239057845e+00 2.588987949941376598e+00 0.000000000000000000e+00
1.113583629397462360e+00 2.623438765579181986e+00 0.000000000000000000e+00
1.090854327263750534e+00 2.699959350125405333e+00 0.000000000000000000e+00
1.023666247448432154e+00 2.812500061602322798e+00 0.000000000000000000e+00
9.981919034294765014e-01 2.898959956667381377e+00 0.000000000000000000e+00
9.749485537853761485e-01 3.000583299450501507e+00 0.000000000000000000e+00
9.446529065114426249e-01 3.089820632514363119e+00 0.000000000000000000e+00
9.231094405850680529e-01 3.219265414251778257e+00 0.000000000000000000e+00
8.955138464394241105e-01 3.342103411747207264e+00 0.000000000000000000e+00
8.605161027631602622e-01 3.451341837685931946e+00 0.000000000000000000e+00
7.563826716774184611e-01 3.558500995820198742e+00 0.000000000000000000e+00
7.100002003850318655e-01 3.652634718799565583e+00 0.000000000000000000e+00
6.494441230606384785e-01 3.683181016778409589e+00 0.000000000000000000e+00
5.867856040883036028e-01 3.704818903954066656e+00 0.000000000000000000e+00
5.249608842219606331e-01 3.735291237803203046e+00 0.000000000000000000e+00
4.651752097474990966e-01 3.788548581507725554e+00 0.000000000000000000e+00
4.013892266465016179e-01 3.818963999509872309e+00 0.000000000000000000e+00
3.381642282608205430e-01 3.865235548163436174e+00 0.000000000000000000e+00
2.044241766923444725e-01 3.900646865107461725e+00 0.000000000000000000e+00
1.360032787676726251e-01 3.894626129416479454e+00 0.000000000000000000e+00
6.947796577899408021e-02 3.980393622125146802e+00 0.000000000000000000e+00
-6.311839219287533365e-08 4.001999855041503018e+00 0.000000000000000000e+00
-7.036816692373290549e-02 4.031385970610234182e+00 0.000000000000000000e+00
-1.428785981310384257e-01 4.091505906355929589e+00 0.000000000000000000e+00
-2.906752766315925940e-01 4.156849210346004853e+00 0.000000000000000000e+00
-3.657927177548545017e-01 4.181029168970422205e+00 0.000000000000000000e+00
-4.432007234152745556e-01 4.216772602102970779e+00 0.000000000000000000e+00
-5.220883204231083763e-01 4.252067626379774978e+00 0.000000000000000000e+00
-6.024804164998441847e-01 4.286870456954178010e+00 0.000000000000000000e+00
-6.901889512304387742e-01 4.357681125743510187e+00 0.000000000000000000e+00
-7.736026815217594832e-01 4.387318453379386973e+00 0.000000000000000000e+00
-2.238263137314582263e-01 9.694982159707395963e-01 0.000000000000000000e+00
-2.395026922828067395e-01 9.605927749426597106e-01 0.000000000000000000e+00
-2.539014978731419792e-01 9.475732380876867866e-01 0.000000000000000000e+00
-2.704002605979225482e-01 9.429977259944928303e-01 0.000000000000000000e+00
-2.868166567851749837e-01 9.381349676633868873e-01 0.000000000000000000e+00
-3.037637118988464890e-01 9.348885328730368593e-01 0.000000000000000000e+00
-3.193823737870475910e-01 9.275537243073090909e-01 0.000000000000000000e+00
-3.365478424116358225e-01 9.246575599960011882e-01 0.000000000000000000e+00
-3.693621133433215298e-01 9.142032772023538367e-01 0.000000000000000000e+00
-3.860423569610090810e-01 9.094587679374188660e-01 0.000000000000000000e+00
-4.034827546893522410e-01 9.062370741162407706e-01 0.000000000000000000e+00
-4.226182729714141328e-01 9.063077817996815222e-01 0.000000000000000000e+00
-4.383711578051673330e-01 8.987940409262608066e-01 0.000000000000000000e+00
-4.567144726531632837e-01 8.963525951856359253e-01 0.000000000000000000e+00
-3.346096507379112683e+00 4.132084973751026347e+00 0.000000000000000000e+00
-3.808238013619184237e+00 2.666556917124452752e+00 0.000000000000000000e+00
-3.796992040053961848e+00 2.561103424095621861e+00 0.000000000000000000e+00
-3.923300915002806644e+00 2.547821359614127701e+00 0.000000000000000000e+00
-3.946815694082272952e+00 2.466244121346992113e+00 0.000000000000000000e+00
-2.207914108820653087e+00 1.124988408567275888e+00 0.000000000000000000e+00
-5.522108698314728947e+00 2.343996031055262996e+00 0.000000000000000000e+00
-5.478729336920749482e+00 2.213550294445552069e+00 0.000000000000000000e+00
-5.452109846680954774e+00 2.092868844899546499e+00 0.000000000000000000e+00
-5.455642174769014474e+00 1.878528211332900488e+00 0.000000000000000000e+00
-5.343830814507584570e+00 1.633773002031058574e+00 0.000000000000000000e+00
-5.246566521119572002e+00 1.504428708263244374e+00 0.000000000000000000e+00
-5.181225988959842432e+00 1.388305288270623272e+00 0.000000000000000000e+00
-5.078528038163154790e+00 1.266219223488689316e+00 0.000000000000000000e+00
-1.859201939714250740e+00 3.613922379683827679e-01 0.000000000000000000e+00
-4.913710054559221163e+00 6.905768890761263545e-01 0.000000000000000000e+00
-4.838662491954744738e+00 5.941130270834755756e-01 0.000000000000000000e+00
-4.793595708620444817e+00 5.038271897301238589e-01 0.000000000000000000e+00
-4.676137682782483651e+00 4.091090161639853173e-01 0.000000000000000000e+00
-4.596774947048431592e+00 3.214377981241898219e-01 0.000000000000000000e+00
-4.681575461815015160e+00 2.453509546780886508e-01 0.000000000000000000e+00
-4.656290781487177455e+00 8.127584050058671294e-02 0.000000000000000000e+00
-4.605000019073485440e+00 -1.659526206440364541e-08 0.000000000000000000e+00
