-7.180906300270631704e+00 -1.253435602441216601e-01 0.000000000000000000e+00
-3.964319498558585675e+00 -2.772124301558625548e-01 0.000000000000000000e+00
-3.086951633945132834e+00 -9.437759953736984952e-01 0.000000000000000000e+00
-3.026261711468069215e+00 -9.832922027705316426e-01 0.000000000000000000e+00
-2.990675304426224645e+00 -1.029772255979358508e+00 0.000000000000000000e+00
-2.964730138203298893e+00 -1.079073689373669653e+00 0.000000000000000000e+00
-3.780128630638716736e+00 -1.527271320595006809e+00 0.000000000000000000e+00
-3.782991469331015821e+00 -1.684296540674881326e+00 0.000000000000000000e+00
-3.772053086134832256e+00 -1.758937465573206849e+00 0.000000000000000000e+00
-3.803696200333699373e+00 -1.855186823496832504e+00 0.000000000000000000e+00
-3.808153048329881329e+00 -2.024831129870226398e+00 0.000000000000000000e+00
-3.781855408875037128e+00 -2.096316923484632166e+00 0.000000000000000000e+00
-3.837358658859382654e+00 -2.215500301384237591e+00 0.000000000000000000e+00
-3.594875639260511235e+00 -2.246327850575292384e+00 0.000000000000000000e+00
-3.516545447834129590e+00 -2.283671554697594974e+00 0.000000000000000000e+00
-3.382473123994458319e+00 -2.281507164769942086e+00 0.000000000000000000e+00
-3.234012125693566997e+00 -2.264479898214330156e+00 0.000000000000000000e+00
-2.747421544196767762e+00 -1.996118793222809273e+00 0.000000000000000000e+00
-2.709770099187211567e+00 -2.041958433930069372e+00 0.000000000000000000e+00
-2.828958433627007274e+00 -2.210224776927969703e+00 0.000000000000000000e+00
-2.720010761569976232e+00 -2.202621496522613853e+00 0.000000000000000000e+00
-2.587144315750908419e+00 -2.248970454764316340e+00 0.000000000000000000e+00
-2.482103549169907719e+00 -2.234896283465780176e+00 0.000000000000000000e+00
-2.388601109712478632e+00 -2.227406777057109544e+00 0.000000000000000000e+00
-2.286781051626517236e+00 -2.208318996730761263e+00 0.000000000000000000e+00
-2.201930472898220970e+00 -2.201930676319719282e+00 0.000000000000000000e+00
-2.123570482890891675e+00 -2.199021811186019359e+00 0.000000000000000000e+00
-2.045313030537768473e+00 -2.193329898087140517e+00 0.000000000000000000e+00
-1.930125504367676381e+00 -2.220355606910483282e+00 0.000000000000000000e+00
-1.859584381617767290e+00 -2.216166572377637589e+00 0.000000000000000000e+00
-1.789157730678660574e+00 -2.209425999217109915e+00 0.000000000000000000e+00
-1.726930379379605363e+00 -2.210370294607607367e+00 0.000000000000000000e+00
-1.662213044947170149e+00 -2.205831420757260020e+00 0.000000000000000000e+00
-1.609943754577259245e+00 -2.215897686352256812e+00 0.000000000000000000e+00
-1.608881839226061539e+00 -2.297721611056585900e+00 0.000000000000000000e+00
-1.626132851251346434e+00 -2.410841327360348618e+00 0.000000000000000000e+00
2.201787950970243823e+00 -3.664390213166960564e+00 0.000000000000000000e+00
2.170019400113080366e+00 -3.472756698186978852e+00 0.000000000000000000e+00
2.255784246565091244e+00 -3.344337421169138125e+00 0.000000000000000000e+00
2.201960042740290113e+00 -3.144724609192802056e+00 0.000000000000000000e+00
2.117758580985375616e+00 -2.436202395619655459e+00 0.000000000000000000e+00
2.145566857222901191e+00 -2.300838604756285211e+00 0.000000000000000000e+00
2.145105164928811980e+00 -2.221321272704396499e+00 0.000000000000000000e+00
2.125563086237574506e+00 -2.125562941598710065e+00 0.000000000000000000e+00
2.117736445617499630e+00 -2.045074174839329739e+00 0.000000000000000000e+00
2.122388472633299106e+00 -1.979159135442816853e+00 0.000000000000000000e+00
2.195249878075204553e+00 -1.976611734831493994e+00 0.000000000000000000e+00
2.280732473956962991e+00 -1.982610358045863830e+00 0.000000000000000000e+00
2.414592654642094161e+00 -1.955298445616949321e+00 0.000000000000000000e+00
2.509814270007671766e+00 -1.960881680666005655e+00 0.000000000000000000e+00
2.624316361823380905e+00 -1.977564087662334824e+00 0.000000000000000000e+00
2.728814311458774622e+00 -1.982599511524216762e+00 0.000000000000000000e+00
2.845734248212758111e+00 -1.992604433780540640e+00 0.000000000000000000e+00
2.958835166127689487e+00 -1.995759379416790491e+00 0.000000000000000000e+00
3.071211634850677719e+00 -1.994468014510577980e+00 0.000000000000000000e+00
3.238695749372784150e+00 -2.023761568638866581e+00 0.000000000000000000e+00
3.315145366391778925e+00 -1.913999928261994166e+00 0.000000000000000000e+00
3.397023057573442362e+00 -1.883000487321168759e+00 0.000000000000000000e+00
3.433783192660714523e+00 -1.825774770082374099e+00 0.000000000000000000e+00
3.466015528351839681e+00 -1.766022982120675433e+00 0.000000000000000000e+00
3.525969185155503283e+00 -1.719729940587116923e+00 0.000000000000000000e+00
3.557258072855058906e+00 -1.658776545768097410e+00 0.000000000000000000e+00
3.650722370647948800e+00 -1.549639573537142878e+00 0.000000000000000000e+00
3.688337350564308004e+00 -1.490184886721275692e+00 0.000000000000000000e+00
3.810875139429738212e+00 -1.462857773459706356e+00 0.000000000000000000e+00
3.864955713537628679e+00 -1.406728702358578831e+00 0.000000000000000000e+00
3.940921673695264804e+00 -1.356968019578689288e+00 0.000000000000000000e+00
3.985877884617141209e+00 -1.295090097646034666e+00 0.000000000000000000e+00
4.034649671378721436e+00 -1.233516060074062226e+00 0.000000000000000000e+00
4.088245819100256639e+00 -1.172285491287797132e+00 0.000000000000000000e+00
4.164509110486034338e+00 -1.038328607378952162e+00 0.000000000000000000e+00
4.129380281099108707e+00 -9.533424267993267920e-01 0.000000000000000000e+00
1.043683527324603011e+00 -2.218417497923425297e-01 0.000000000000000000e+00
1.037579979093705917e+00 -2.016850854049682396e-01 0.000000000000000000e+00
1.036017806600704860e+00 -1.826778605078984430e-01 0.000000000000000000e+00
1.033122012801132472e+00 -1.636304209066369308e-01 0.000000000000000000e+00
1.037800918552972629e+00 -1.458533766351500782e-01 0.000000000000000000e+00
1.041264477864964233e+00 -1.094412763873323924e-01 0.000000000000000000e+00
1.039031055610137866e+00 -9.090340845710476181e-02 0.000000000000000000e+00
1.039461797619245953e+00 -7.268621989545970274e-02 0.000000000000000000e+00
1.041570589153674842e+00 -5.458637193937833365e-02 0.000000000000000000e+00
1.045362809904152535e+00 -3.650484419418226212e-02 0.000000000000000000e+00
1.048840257524792818e+00 -1.830754533939105838e-02 0.000000000000000000e+00
1.047000050544738325e+00 2.925284348087586419e-08 0.000000000000000000e+00
1.049360319701456046e+00 3.664449890853078984e-02 0.000000000000000000e+00
5.175362484518862161e+00 3.618967416869427467e-01 0.000000000000000000e+00
5.182204947719040611e+00 4.533843273607839341e-01 0.000000000000000000e+00
5.154607056253732722e+00 5.417711741240227585e-01 0.000000000000000000e+00
5.162232729607758586e+00 6.338426204298662769e-01 0.000000000000000000e+00
5.238518026093566426e+00 7.362258394662523076e-01 0.000000000000000000e+00
5.004629986125546992e+00 1.723232440546370370e+00 0.000000000000000000e+00
4.130603959692646043e+00 1.668872448209382853e+00 0.000000000000000000e+00
3.783663196712579335e+00 2.649349623247343910e+00 0.000000000000000000e+00
3.748175588781731626e+00 2.723209099810761646e+00 0.000000000000000000e+00
3.705668595939504595e+00 2.792421712072532092e+00 0.000000000000000000e+00
3.590965066465921840e+00 2.805569523580151881e+00 0.000000000000000000e+00
4.573562210736022315e+00 4.416637882159638373e+00 0.000000000000000000e+00
4.086534149145530925e+00 4.382271543638229794e+00 0.000000000000000000e+00
3.942517571476393812e+00 4.378609543693561257e+00 0.000000000000000000e+00
3.827448353858976304e+00 4.402975856091988049e+00 0.000000000000000000e+00
3.565099898641590936e+00 4.402531917033710940e+00 0.000000000000000000e+00
3.326833282806101355e+00 4.414857071163710955e+00 0.000000000000000000e+00
3.170513592191914753e+00 4.363837776300544924e+00 0.000000000000000000e+00
3.061750824749761346e+00 4.372633528325454932e+00 0.000000000000000000e+00
1.057144325716664612e+00 1.627859580974489129e+00 0.000000000000000000e+00
9.453759577054492436e-01 1.512917855702553993e+00 0.000000000000000000e+00
2.494999799874334734e+00 4.321466616136975247e+00 0.000000000000000000e+00
2.396898564531640741e+00 4.324119675777127192e+00 0.000000000000000000e+00
2.284448622870726808e+00 4.296423186465367472e+00 0.000000000000000000e+00
2.183694194531569099e+00 4.285741372774179325e+00 0.000000000000000000e+00
2.084016431365310673e+00 4.272867104303194274e+00 0.000000000000000000e+00
1.991799710007233326e+00 4.271428475957465665e+00 0.000000000000000000e+00
1.819244106981986686e+00 4.285870758436367112e+00 0.000000000000000000e+00
1.646342231177041482e+00 4.288868381760302384e+00 0.000000000000000000e+00
1.384396063125845400e+00 4.260733236345605413e+00 0.000000000000000000e+00
1.296960767573114071e+00 4.242167796855798478e+00 0.000000000000000000e+00
1.216663221941519657e+00 4.243009180694783389e+00 0.000000000000000000e+00
1.135697897428063374e+00 4.238482557025666786e+00 0.000000000000000000e+00
9.571666893012099608e-01 4.145944753947451211e+00 0.000000000000000000e+00
8.994259452897663820e-01 4.231466745374027560e+00 0.000000000000000000e+00
8.229591625665552135e-01 4.233758254877510119e+00 0.000000000000000000e+00
2.432810772600111637e-01 1.379715688676438790e+00 0.000000000000000000e+00
1.901104409446952581e-01 1.352706240824175232e+00 0.000000000000000000e+00
1.607456427619105011e-01 1.309168382381661777e+00 0.000000000000000000e+00
1.401726430389308997e-01 1.333653825126875470e+00 0.000000000000000000e+00
1.189675673160432573e-01 1.359805774352429886e+00 0.000000000000000000e+00
9.961221940639022887e-02 1.424521438758120651e+00 0.000000000000000000e+00
7.641047452464960754e-02 1.457999160072487532e+00 0.000000000000000000e+00
4.980156051389178495e-02 1.426130756703653635e+00 0.000000000000000000e+00
-2.318441821342748919e-08 1.470000028610229270e+00 0.000000000000000000e+00
-3.741799385317397947e-02 2.143673511227844219e+00 0.000000000000000000e+00
-2.936748210897174305e-01 4.199744685174973569e+00 0.000000000000000000e+00
-3.672743829258025006e-01 4.197964676425036679e+00 0.000000000000000000e+00
-4.414237683951374169e-01 4.199866006855690337e+00 0.000000000000000000e+00
-5.157511082221341026e-01 4.200455181153220252e+00 0.000000000000000000e+00
-5.878672367170697521e-01 4.182892291063117440e+00 0.000000000000000000e+00
-6.632821569186256871e-01 4.187798328405447634e+00 0.000000000000000000e+00
-7.376575442252569781e-01 4.183463466915298135e+00 0.000000000000000000e+00
-8.852880170190086107e-01 4.164952370652225788e+00 0.000000000000000000e+00
-9.625655762027421902e-01 4.169329304163247762e+00 0.000000000000000000e+00
-1.035425821561098303e+00 4.152865897666821127e+00 0.000000000000000000e+00
-1.158371566539946995e+00 3.364155159646426529e+00 0.000000000000000000e+00
-1.456765784486599768e+00 3.795004468291371946e+00 0.000000000000000000e+00
-1.130436375573506069e+00 2.218606240023951237e+00 0.000000000000000000e+00
-1.183537793481867828e+00 2.225910786575057809e+00 0.000000000000000000e+00
-1.056885027097361984e+00 1.906671007425983166e+00 0.000000000000000000e+00
-1.189668709349485098e+00 1.903867865203628496e+00 0.000000000000000000e+00
-2.838463344500269159e+00 4.208194863671305797e+00 0.000000000000000000e+00
-3.021600786541640993e+00 4.315293039075726256e+00 0.000000000000000000e+00
-1.923233418089729474e+00 2.647103644802898614e+00 0.000000000000000000e+00
-3.055595772669285282e+00 2.849389101354240061e+00 0.000000000000000000e+00
-1.980271046355977171e+00 1.547157277228856431e+00 0.000000000000000000e+00
-2.916057578420007346e+00 1.893709900189450179e+00 0.000000000000000000e+00
-2.997001918731867498e+00 1.872734613582401453e+00 0.000000000000000000e+00
-1.655655118359195654e+00 9.177446019047312831e-01 0.000000000000000000e+00
-6.707391416838439646e+00 1.062346402449173777e+00 0.000000000000000000e+00
-6.731842195967796094e+00 9.460986891421007128e-01 0.000000000000000000e+00
-6.703656897457629604e+00 8.231055376355895792e-01 0.000000000000000000e+00
-6.743241967110429336e+00 5.899571984541521763e-01 0.000000000000000000e+00
-7.250295644968006492e+00 5.069900299044082237e-01 0.000000000000000000e+00
-7.369999885559081143e+00 -2.655962627771838399e-08 0.000000000000000000e+00
