-7.269892493326889138e+00 -1.268968246628234819e-01 0.000000000000000000e+00
-4.020482518849478382e+00 -2.107047695744250493e-01 0.000000000000000000e+00
-3.932397384373871763e+00 -2.749802168208689834e-01 0.000000000000000000e+00
-3.091733267092280801e+00 -9.452378875955711468e-01 0.000000000000000000e+00
-3.024359736330003212e+00 -9.826742134816223162e-01 0.000000000000000000e+00
-2.985947603423130925e+00 -1.028144377713755331e+00 0.000000000000000000e+00
-2.968488860225946713e+00 -1.080441752519803789e+00 0.000000000000000000e+00
-3.769002346793173697e+00 -1.522776009487240234e+00 0.000000000000000000e+00
-3.783905384168039898e+00 -1.684703441829946025e+00 0.000000000000000000e+00
-3.787460065781012020e+00 -1.766121859088399360e+00 0.000000000000000000e+00
-3.799202555928654856e+00 -1.852995126407830595e+00 0.000000000000000000e+00
-3.757374426208277551e+00 -1.914478123568490009e+00 0.000000000000000000e+00
-3.816982305099274608e+00 -2.029525729518243171e+00 0.000000000000000000e+00
-3.776607654072355658e+00 -2.093408045165978670e+00 0.000000000000000000e+00
-3.901444434542940876e+00 -2.252500245346621632e+00 0.000000000000000000e+00
-3.485514887327069822e+00 -2.263520070973719989e+00 0.000000000000000000e+00
-3.379157214162956446e+00 -2.279270555117485220e+00 0.000000000000000000e+00
-3.242203638051715409e+00 -2.270215657497243633e+00 0.000000000000000000e+00
-2.782209259868957396e+00 -2.021393550630613767e+00 0.000000000000000000e+00
-2.712964790394678527e+00 -2.044365806665064955e+00 0.000000000000000000e+00
-2.828958433627007274e+00 -2.210224776927969703e+00 0.000000000000000000e+00
-2.725450759376504717e+00 -2.207026720310323764e+00 0.000000000000000000e+00
-2.586389660902125520e+00 -2.248314443250723826e+00 0.000000000000000000e+00
-2.482103549169907719e+00 -2.234896283465780176e+00 0.000000000000000000e+00
-2.386407033358271423e+00 -2.225360767566085585e+00 0.000000000000000000e+00
-2.288939086023338287e+00 -2.210402986516625479e+00 0.000000000000000000e+00
-2.202637528396179878e+00 -2.202637731882998384e+00 0.000000000000000000e+00
-2.127043854074873508e+00 -2.202618592669590925e+00 0.000000000000000000e+00
-2.045994979433520378e+00 -2.194061198812109037e+00 0.000000000000000000e+00
-1.969251326703512994e+00 -2.187075369659051471e+00 0.000000000000000000e+00
-1.858298899645648428e+00 -2.214634594477540741e+00 0.000000000000000000e+00
-1.789787155463442136e+00 -2.210203274166211429e+00 0.000000000000000000e+00
-1.726930379379605363e+00 -2.210370294607607367e+00 0.000000000000000000e+00
-1.662814816315198119e+00 -2.206629998409951998e+00 0.000000000000000000e+00
-1.612882607784558164e+00 -2.219942671156271086e+00 0.000000000000000000e+00
-1.610028908880530407e+00 -2.299359796453549709e+00 0.000000000000000000e+00
-1.626692003587876911e+00 -2.411670304869880432e+00 0.000000000000000000e+00
2.208998453014562990e+00 -3.676390502800474192e+00 0.000000000000000000e+00
2.227029258998669548e+00 -3.429324061701219506e+00 0.000000000000000000e+00
2.221673550184705359e+00 -3.293766237980511047e+00 0.000000000000000000e+00
2.149191003553973189e+00 -3.069362616735320071e+00 0.000000000000000000e+00
2.115790390055479087e+00 -2.433938251112579554e+00 0.000000000000000000e+00
2.141475000895334269e+00 -2.296450626366384196e+00 0.000000000000000000e+00
2.139547803696707717e+00 -2.215566457077263962e+00 0.000000000000000000e+00
2.122734695431473195e+00 -2.122734550985073021e+00 0.000000000000000000e+00
2.114859123366840787e+00 -2.042295577228805392e+00 0.000000000000000000e+00
2.117269018879971654e+00 -1.974385167908115912e+00 0.000000000000000000e+00
2.192277336954095990e+00 -1.973935246965153878e+00 0.000000000000000000e+00
2.298090796246815781e+00 -1.997699716382772328e+00 0.000000000000000000e+00
2.415369744297496180e+00 -1.955927720369521339e+00 0.000000000000000000e+00
2.529514614507513581e+00 -1.976273275611567293e+00 0.000000000000000000e+00
2.620323092777435914e+00 -1.974554943805857388e+00 0.000000000000000000e+00
2.753084991607049226e+00 -2.000233191618999928e+00 0.000000000000000000e+00
2.851468287655421818e+00 -1.996619451143493595e+00 0.000000000000000000e+00
2.959664143630417410e+00 -1.996318531763408011e+00 0.000000000000000000e+00
3.077082303355629378e+00 -1.998280470944401976e+00 0.000000000000000000e+00
3.270950469549452677e+00 -1.965385180899442474e+00 0.000000000000000000e+00
3.316877291693601126e+00 -1.914999855727332001e+00 0.000000000000000000e+00
3.359414424516101949e+00 -1.862153683171113627e+00 0.000000000000000000e+00
3.455856967058986040e+00 -1.837511603224022183e+00 0.000000000000000000e+00
3.460669451732537816e+00 -1.763299020240921555e+00 0.000000000000000000e+00
3.525070241950130079e+00 -1.719291496725589230e+00 0.000000000000000000e+00
3.603023340194931201e+00 -1.604169210259957401e+00 0.000000000000000000e+00
3.593651035622968504e+00 -1.525414231182881997e+00 0.000000000000000000e+00
3.698536518105885573e+00 -1.494305617522993623e+00 0.000000000000000000e+00
3.808074601112780400e+00 -1.461782747619986278e+00 0.000000000000000000e+00
3.847101503358561381e+00 -1.400230301916663311e+00 0.000000000000000000e+00
3.898373265208986194e+00 -1.342317429087324987e+00 0.000000000000000000e+00
4.001094593116429898e+00 -1.300034305438313220e+00 0.000000000000000000e+00
4.062382779511006348e+00 -1.241994921205332059e+00 0.000000000000000000e+00
4.152514954216604437e+00 -1.112662895164821197e+00 0.000000000000000000e+00
4.168390474787845967e+00 -1.039296340065640978e+00 0.000000000000000000e+00
1.043683527324603011e+00 -2.218417497923425297e-01 0.000000000000000000e+00
1.035616632972622186e+00 -2.013034496389657646e-01 0.000000000000000000e+00
1.032078508886113744e+00 -1.819832561547490291e-01 0.000000000000000000e+00
1.039048184317121981e+00 -1.645690340883434466e-01 0.000000000000000000e+00
1.041180941375279279e+00 -1.278409141781847724e-01 0.000000000000000000e+00
1.040269909492541167e+00 -1.093367430680400182e-01 0.000000000000000000e+00
1.038034933112994995e+00 -9.081625905984451463e-02 0.000000000000000000e+00
1.039461797619245953e+00 -7.268621989545970274e-02 0.000000000000000000e+00
1.040572031997354596e+00 -5.453403980471051987e-02 0.000000000000000000e+00
1.045362809904152535e+00 -3.650484419418226212e-02 0.000000000000000000e+00
1.051839821589371393e+00 -1.835990284065657646e-02 0.000000000000000000e+00
1.046840586857719968e+00 1.827269952881885318e-02 0.000000000000000000e+00
1.048361001310498253e+00 3.660960191366714744e-02 0.000000000000000000e+00
5.167381599202398590e+00 3.613386636005391228e-01 0.000000000000000000e+00
5.154311142822155745e+00 4.509439348833938488e-01 0.000000000000000000e+00
5.144661609700410310e+00 5.407258652968748303e-01 0.000000000000000000e+00
5.140396403870449937e+00 6.311614561641576415e-01 0.000000000000000000e+00
5.142461902905880677e+00 7.227260291043390295e-01 0.000000000000000000e+00
4.125967934358802935e+00 1.666999372256241063e+00 0.000000000000000000e+00
3.811514300144660528e+00 2.668851176781209311e+00 0.000000000000000000e+00
3.749793891238831112e+00 2.724384865426068281e+00 0.000000000000000000e+00
3.703272863104275281e+00 2.790616397805425475e+00 0.000000000000000000e+00
3.602785122348662661e+00 2.814804363779883634e+00 0.000000000000000000e+00
4.583633266829819419e+00 4.426363388407876798e+00 0.000000000000000000e+00
4.086534149145530925e+00 4.382271543638229794e+00 0.000000000000000000e+00
3.953892605178769504e+00 4.391242799024976939e+00 0.000000000000000000e+00
3.820887613569945440e+00 4.395428587410604493e+00 0.000000000000000000e+00
3.656175961569695598e+00 4.357261024775512581e+00 0.000000000000000000e+00
3.328638883936244852e+00 4.417253184896946294e+00 0.000000000000000000e+00
3.214597372750422011e+00 4.424513897480760960e+00 0.000000000000000000e+00
3.058309342164204470e+00 4.367718581616170326e+00 0.000000000000000000e+00
1.069126424627518723e+00 1.646310396097575124e+00 0.000000000000000000e+00
9.522649139833514464e-01 1.523942490796182714e+00 0.000000000000000000e+00
2.492999944901511000e+00 4.318002765557665157e+00 0.000000000000000000e+00
2.399322668028811112e+00 4.328492874452843253e+00 0.000000000000000000e+00
2.286795810463593259e+00 4.300837604498678246e+00 0.000000000000000000e+00
2.188688160843633046e+00 4.295542583992970620e+00 0.000000000000000000e+00
2.083577882977023066e+00 4.271967946813954420e+00 0.000000000000000000e+00
1.988418807580504488e+00 4.264178106943248281e+00 0.000000000000000000e+00
1.819244106981986686e+00 4.285870758436367112e+00 0.000000000000000000e+00
1.643475324630436996e+00 4.281399834450789754e+00 0.000000000000000000e+00
1.381305822626865520e+00 4.251222453446834137e+00 0.000000000000000000e+00
1.296083716083427761e+00 4.239299090508810153e+00 0.000000000000000000e+00
1.216387604580929649e+00 4.242047988665426317e+00 0.000000000000000000e+00
1.135697897428063374e+00 4.238482557025666786e+00 0.000000000000000000e+00
9.699888272012795465e-01 4.201483539360046038e+00 0.000000000000000000e+00
9.015050104749978699e-01 4.241247978880624991e+00 0.000000000000000000e+00
8.235315480127856080e-01 4.236702922994932230e+00 0.000000000000000000e+00
2.450175572120069367e-01 1.389563756844437226e+00 0.000000000000000000e+00
2.136894651264232836e-01 1.349182332457270928e+00 0.000000000000000000e+00
1.611112532992656776e-01 1.312146041667145102e+00 0.000000000000000000e+00
1.402771763703251351e-01 1.334648393498026664e+00 0.000000000000000000e+00
1.199262835476400807e-01 1.370763953098974364e+00 0.000000000000000000e+00
9.954246800481446333e-02 1.423523947009415203e+00 0.000000000000000000e+00
7.646280667146782006e-02 1.458997717228170954e+00 0.000000000000000000e+00
4.962706327695466657e-02 1.421133807331225629e+00 0.000000000000000000e+00
2.567246570812049822e-02 1.470775916121084492e+00 0.000000000000000000e+00
-3.755761143220121695e-02 2.151672189805772906e+00 0.000000000000000000e+00
-2.208577891208321486e-01 4.214216423749762797e+00 0.000000000000000000e+00
-3.681459188929277482e-01 4.207926376381020184e+00 0.000000000000000000e+00
-4.412147265911359750e-01 4.197877107232479865e+00 0.000000000000000000e+00
-5.159948873842136186e-01 4.202440602857777208e+00 0.000000000000000000e+00
-5.877280736887252610e-01 4.181902094770305389e+00 0.000000000000000000e+00
-6.632821569186256871e-01 4.187798328405447634e+00 0.000000000000000000e+00
-7.366156477874834518e-01 4.177554579088070597e+00 0.000000000000000000e+00
-8.105566995847039991e-01 4.169952406002466638e+00 0.000000000000000000e+00
-9.630155529951992532e-01 4.171278367659145836e+00 0.000000000000000000e+00
-1.036393439060091293e+00 4.156746799253276947e+00 0.000000000000000000e+00
-1.156092599306913549e+00 3.357536558502257407e+00 0.000000000000000000e+00
-1.367738627054996048e+00 3.757830840757836022e+00 0.000000000000000000e+00
-1.016144378073569721e+00 2.083404657153929751e+00 0.000000000000000000e+00
-1.124988451346629503e+00 2.207914087023483685e+00 0.000000000000000000e+00
-1.170392646736077014e+00 2.201188361914256042e+00 0.000000000000000000e+00
-1.086458351684989720e+00 1.960022695773095291e+00 0.000000000000000000e+00
-1.139264188646338605e+00 1.896053964404449843e+00 0.000000000000000000e+00
-2.862508496826719817e+00 4.243843267133136976e+00 0.000000000000000000e+00
-3.026762873901246653e+00 4.322665263675753877e+00 0.000000000000000000e+00
-2.124843724534187572e+00 2.924596419210407028e+00 0.000000000000000000e+00
-1.507216417849536860e+00 1.616291693468240087e+00 0.000000000000000000e+00
-2.934493237787709319e+00 2.934493180930550338e+00 0.000000000000000000e+00
-2.918573607733030428e+00 1.895343828701184341e+00 0.000000000000000000e+00
-2.815400937439372697e+00 1.560602195397521763e+00 0.000000000000000000e+00
-4.295335072674459909e+00 1.563374081970059226e+00 0.000000000000000000e+00
-6.718256143070294506e+00 1.064067205978997732e+00 0.000000000000000000e+00
-6.703124614611597920e+00 9.420626964248761670e-01 0.000000000000000000e+00
-6.723507801570230313e+00 8.255429220888947928e-01 0.000000000000000000e+00
-6.725951592878071317e+00 7.069259685806612570e-01 0.000000000000000000e+00
-6.735272512127603584e+00 5.892599615230429411e-01 0.000000000000000000e+00
-7.099672527601122773e+00 2.479260002645327088e-01 0.000000000000000000e+00
-7.369999885559081143e+00 -2.655962627771838399e-08 0.000000000000000000e+00
