-7.188111514314927675e+00 -1.267458377740261932e+00 0.000000000000000000e+00
-6.664119729809875992e+00 -1.416502729135827199e+00 0.000000000000000000e+00
-6.610126364353647865e+00 -1.526068268578697040e+00 0.000000000000000000e+00
-6.598011040862792775e+00 -1.645069268647030514e+00 0.000000000000000000e+00
-6.530624574686611616e+00 -1.749875932566404169e+00 0.000000000000000000e+00
-6.884556339727928354e+00 -1.974115136782312430e+00 0.000000000000000000e+00
-6.969699870554762811e+00 -2.536763685920001787e+00 0.000000000000000000e+00
-6.845011350623690483e+00 -2.627554065169179776e+00 0.000000000000000000e+00
-6.847252841800938405e+00 -2.766470115695042420e+00 0.000000000000000000e+00
-4.197501991470654836e+00 -1.781734129927722954e+00 0.000000000000000000e+00
-3.636824338694991887e+00 -1.619218732679146067e+00 0.000000000000000000e+00
-2.593169391991230199e+00 -1.954093490135590416e+00 0.000000000000000000e+00
-2.525574312176585234e+00 -1.973195100498069454e+00 0.000000000000000000e+00
-2.462775388451097669e+00 -1.994316378578659732e+00 0.000000000000000000e+00
-2.421466399698829264e+00 -2.031851756289665190e+00 0.000000000000000000e+00
-2.421108193254515317e+00 -2.104637441857134750e+00 0.000000000000000000e+00
-3.032030704037435243e+00 -2.730052964177740460e+00 0.000000000000000000e+00
-2.973031187704551215e+00 -2.871023111290522678e+00 0.000000000000000000e+00
-2.972676768098070799e+00 -2.972677042723618435e+00 0.000000000000000000e+00
-2.940488604117329707e+00 -3.044965367570599213e+00 0.000000000000000000e+00
-2.900538734218076176e+00 -3.110447267158727325e+00 0.000000000000000000e+00
-2.211476586230543440e+00 -2.456093799067782690e+00 0.000000000000000000e+00
-2.802027905605202651e+00 -3.223364675950624036e+00 0.000000000000000000e+00
-2.954251818924674922e+00 -3.520740544073057698e+00 0.000000000000000000e+00
-2.756423230347882392e+00 -3.403899525206495191e+00 0.000000000000000000e+00
-2.546880949755960799e+00 -3.379825492873776760e+00 0.000000000000000000e+00
-2.419911794429429719e+00 -3.330723158002960371e+00 0.000000000000000000e+00
-2.314954219775431365e+00 -3.306097570187853218e+00 0.000000000000000000e+00
-2.011975961070894492e+00 -2.982877317110133930e+00 0.000000000000000000e+00
3.748119146288376946e+00 -5.998244011181439461e+00 0.000000000000000000e+00
8.695449813451147092e-01 -1.289153350960053679e+00 0.000000000000000000e+00
3.481475331562436271e+00 -3.026400129104791947e+00 0.000000000000000000e+00
3.365233429221175410e+00 -2.823765938047628321e+00 0.000000000000000000e+00
3.298207516518070204e+00 -2.670835603666585456e+00 0.000000000000000000e+00
3.291975827787214204e+00 -2.480681547845570822e+00 0.000000000000000000e+00
3.280563851507583450e+00 -2.383468989520944881e+00 0.000000000000000000e+00
3.178310098295822339e+00 -2.225476534841996035e+00 0.000000000000000000e+00
3.092310229307157154e+00 -2.085789439998805062e+00 0.000000000000000000e+00
1.670654807374875706e+00 -1.043940911795069981e+00 0.000000000000000000e+00
2.967513160766682478e+00 -1.783061664977842353e+00 0.000000000000000000e+00
2.900319111029075803e+00 -1.674499895758269075e+00 0.000000000000000000e+00
2.820134664215466103e+00 -1.499492084754950660e+00 0.000000000000000000e+00
2.811125603570113984e+00 -1.432339924885853488e+00 0.000000000000000000e+00
2.753904902393977672e+00 -1.343169059478804828e+00 0.000000000000000000e+00
2.754269436144990646e+00 -1.284336825676630101e+00 0.000000000000000000e+00
2.742463587300086658e+00 -1.221023355004925870e+00 0.000000000000000000e+00
2.712727863457227162e+00 -1.151484561863322265e+00 0.000000000000000000e+00
2.746318512494680064e+00 -1.109584604785752493e+00 0.000000000000000000e+00
2.853846465594881199e+00 -1.038715067604827791e+00 0.000000000000000000e+00
2.933944100571583835e+00 -1.010237869552505829e+00 0.000000000000000000e+00
3.009142879906649526e+00 -9.777296894140813377e-01 0.000000000000000000e+00
3.142417469913304284e+00 -9.607333306018558394e-01 0.000000000000000000e+00
3.250987054390077180e+00 -9.322054310972635038e-01 0.000000000000000000e+00
3.353694383421387926e+00 -8.986195939803944821e-01 0.000000000000000000e+00
3.444549807633284999e+00 -8.588226150836513195e-01 0.000000000000000000e+00
3.559479081735312800e+00 -7.565905249703254176e-01 0.000000000000000000e+00
3.638892006705715332e+00 -7.073288420550929434e-01 0.000000000000000000e+00
3.764920014130229919e+00 -6.638568649908852537e-01 0.000000000000000000e+00
3.786797224593155153e+00 -5.997696458603455349e-01 0.000000000000000000e+00
3.836298585725737453e+00 -5.391564918721827304e-01 0.000000000000000000e+00
3.858026988411115354e+00 -4.737060366002358580e-01 0.000000000000000000e+00
3.881619085062894214e+00 -4.079744926954125828e-01 0.000000000000000000e+00
3.899477800318150056e+00 -2.726779392187069218e-01 0.000000000000000000e+00
3.912630505838070594e+00 -2.050521647568560035e-01 0.000000000000000000e+00
3.999561948800267164e+00 -1.396676679164820523e-01 0.000000000000000000e+00
4.070380068143375496e+00 -7.104863406172891305e-02 0.000000000000000000e+00
4.085000038146970880e+00 1.141335825849409825e-07 0.000000000000000000e+00
4.129371093415279859e+00 7.207855539825655522e-02 0.000000000000000000e+00
4.186448299958605901e+00 1.461941120492331048e-01 0.000000000000000000e+00
4.200742173347204123e+00 2.937446236372390218e-01 0.000000000000000000e+00
4.227850246814838897e+00 3.698890838306138074e-01 0.000000000000000000e+00
4.259537258129416415e+00 4.476955229326407548e-01 0.000000000000000000e+00
4.288792005470398294e+00 5.265975607094668387e-01 0.000000000000000000e+00
4.296773356927626075e+00 6.038722317921001448e-01 0.000000000000000000e+00
1.042998877602386187e+00 1.651948220592933669e-01 0.000000000000000000e+00
1.032671836612433669e+00 2.007310991874005912e-01 0.000000000000000000e+00
1.022164195071390003e+00 2.172677348825401700e-01 0.000000000000000000e+00
1.012370524644815584e+00 2.337241796923258674e-01 0.000000000000000000e+00
1.008137286366157515e+00 2.513568840926177494e-01 0.000000000000000000e+00
1.001665017794112433e+00 2.683953604227380385e-01 0.000000000000000000e+00
9.958671224655858412e-01 2.855603299765195335e-01 0.000000000000000000e+00
9.907317321790801712e-01 3.028971153999724941e-01 0.000000000000000000e+00
9.843434544628708593e-01 3.198326039702629742e-01 0.000000000000000000e+00
9.735215587386178981e-01 3.543328976193380608e-01 0.000000000000000000e+00
9.634549401131505819e-01 3.698357286332571436e-01 0.000000000000000000e+00
9.633440470103278308e-01 3.892162874703891107e-01 0.000000000000000000e+00
9.610070840892932509e-01 4.079233335562282847e-01 0.000000000000000000e+00
4.767179112654666540e+00 2.222972270566150765e+00 0.000000000000000000e+00
4.654854221187573415e+00 2.270324239434477587e+00 0.000000000000000000e+00
4.610958875555533965e+00 2.349401034740878913e+00 0.000000000000000000e+00
4.603123467398398283e+00 2.551553147466588012e+00 0.000000000000000000e+00
2.662521565972150395e+00 2.855204940676327574e+00 0.000000000000000000e+00
2.567327957657068449e+00 3.666524465385297304e+00 0.000000000000000000e+00
2.605838766157685615e+00 3.863315014682425996e+00 0.000000000000000000e+00
2.514053802871240251e+00 3.871303539670301497e+00 0.000000000000000000e+00
3.428499819313942432e+00 5.938336152709549509e+00 0.000000000000000000e+00
3.207899156486059056e+00 6.033181126415432693e+00 0.000000000000000000e+00
2.666298510263272803e+00 5.717895893307541222e+00 0.000000000000000000e+00
2.530715334776772796e+00 5.684079997094398706e+00 0.000000000000000000e+00
2.238648835507655921e+00 5.540850601232334860e+00 0.000000000000000000e+00
2.108636850006365915e+00 5.493187104932146347e+00 0.000000000000000000e+00
1.894155369578478298e+00 5.501026956088173492e+00 0.000000000000000000e+00
1.783027951746051221e+00 5.487596113343642834e+00 0.000000000000000000e+00
1.518761798646881767e+00 5.296552191874330795e+00 0.000000000000000000e+00
1.392964000309452999e+00 5.198612792404401439e+00 0.000000000000000000e+00
1.275412103557518995e+00 5.115398932297050116e+00 0.000000000000000000e+00
3.896264669925144086e-01 1.833048564843479111e+00 0.000000000000000000e+00
3.522333658199110484e-01 1.812083743660530377e+00 0.000000000000000000e+00
7.810772049405662054e-01 4.931527928002716443e+00 0.000000000000000000e+00
6.880716962495979638e-01 4.895885113022662161e+00 0.000000000000000000e+00
5.917974444888565166e-01 4.819804069256311330e+00 0.000000000000000000e+00
4.117236493417832377e-01 4.706023737756231284e+00 0.000000000000000000e+00
3.286226687526345724e-01 4.699524211886049407e+00 0.000000000000000000e+00
1.630503712946369810e-01 4.669153877826166976e+00 0.000000000000000000e+00
8.108380481754610958e-02 4.645292301447597971e+00 0.000000000000000000e+00
-7.232907419146477243e-08 4.585999965667723721e+00 0.000000000000000000e+00
-5.418977086462257314e-02 3.104527111683837770e+00 0.000000000000000000e+00
-1.039307447187825112e-01 2.976185806910522924e+00 0.000000000000000000e+00
-2.323193846670879581e-01 4.432916630727667062e+00 0.000000000000000000e+00
-3.099280691750628258e-01 4.432176910756908228e+00 0.000000000000000000e+00
-4.618068395771515178e-01 4.393797946868560622e+00 0.000000000000000000e+00
-6.798642779759866972e-01 4.292493710485434377e+00 0.000000000000000000e+00
-7.501602186766296310e-01 4.254369651249096052e+00 0.000000000000000000e+00
-2.919080424605463575e-01 1.373319270210339171e+00 0.000000000000000000e+00
-3.090827569183811629e-01 1.338784419151037852e+00 0.000000000000000000e+00
-3.278041913991616707e-01 1.314750723061330451e+00 0.000000000000000000e+00
-3.532880171541702974e-01 1.318488757240874110e+00 0.000000000000000000e+00
-3.864435775263324602e-01 1.347688844776607997e+00 0.000000000000000000e+00
-4.274474547666817781e-01 1.398117559314864700e+00 0.000000000000000000e+00
-4.763062474844683147e-01 1.383293725719607847e+00 0.000000000000000000e+00
-4.918249713657530942e-01 1.351277948208997826e+00 0.000000000000000000e+00
-5.275176405282444581e-01 1.374230383652743193e+00 0.000000000000000000e+00
-8.136455209489671381e-01 2.013843258041916329e+00 0.000000000000000000e+00
-1.785562163000205427e+00 3.829150291671409079e+00 0.000000000000000000e+00
-1.860008835945351047e+00 3.813583143079141813e+00 0.000000000000000000e+00
-1.926281750074744004e+00 3.780540685973521775e+00 0.000000000000000000e+00
-1.996662499457559248e+00 3.755175896510639877e+00 0.000000000000000000e+00
-2.065289137368634620e+00 3.725880128122805335e+00 0.000000000000000000e+00
-2.142499967182155629e+00 3.710918697970390756e+00 0.000000000000000000e+00
-2.273883545850960974e+00 3.638974260765531099e+00 0.000000000000000000e+00
-2.340313936821238006e+00 3.603767346405304384e+00 0.000000000000000000e+00
-2.411239726657058657e+00 3.574809818297964181e+00 0.000000000000000000e+00
-2.460069393988168152e+00 3.513343118920346342e+00 0.000000000000000000e+00
-2.244785808763298363e+00 2.772079552763909494e+00 0.000000000000000000e+00
-2.306047582859248823e+00 2.652804230067755231e+00 0.000000000000000000e+00
-1.874954411767149942e+00 1.688216503716090999e+00 0.000000000000000000e+00
-1.717492616811136408e+00 1.390798072981428657e+00 0.000000000000000000e+00
-1.814499950002598450e+00 1.367323761752595956e+00 0.000000000000000000e+00
-1.612987444826749162e+00 1.007906401501086124e+00 0.000000000000000000e+00
-4.855804351473801184e+00 2.803499899863313161e+00 0.000000000000000000e+00
-4.872306196191277472e+00 1.773374392839800251e+00 0.000000000000000000e+00
-3.457751856390132605e+00 7.349678268152753935e-01 0.000000000000000000e+00
