-7.196296969084089667e+00 -1.139781844509223818e+00 0.000000000000000000e+00
-6.683899441088337667e+00 -1.299218791895038416e+00 0.000000000000000000e+00
-6.636434307475971295e+00 -1.532141937219444250e+00 0.000000000000000000e+00
-6.540763578926105382e+00 -1.630795870230926647e+00 0.000000000000000000e+00
-6.532556286294027181e+00 -1.750393533235653720e+00 0.000000000000000000e+00
-5.992607124595341617e+00 -1.947116416783145176e+00 0.000000000000000000e+00
-6.925534382698256941e+00 -2.520688760479000479e+00 0.000000000000000000e+00
-6.833344765936156584e+00 -2.760850887497151351e+00 0.000000000000000000e+00
-3.638651514950424382e+00 -1.620032244068525973e+00 0.000000000000000000e+00
-3.624324823412006680e+00 -1.690050636545707974e+00 0.000000000000000000e+00
-3.468693104668024496e+00 -2.339663282037406145e+00 0.000000000000000000e+00
-2.569210350392447939e+00 -1.936039055526473707e+00 0.000000000000000000e+00
-2.497994057056981188e+00 -1.951647041504078528e+00 0.000000000000000000e+00
-2.416104112185698316e+00 -2.027352262386862947e+00 0.000000000000000000e+00
-2.390165185213075194e+00 -2.077739092799813392e+00 0.000000000000000000e+00
-3.012445735761688503e+00 -2.809151356443967629e+00 0.000000000000000000e+00
-2.989576175248167100e+00 -2.887000421521973781e+00 0.000000000000000000e+00
-2.976919438260595463e+00 -2.976919713278094903e+00 0.000000000000000000e+00
-2.940488604117329707e+00 -3.044965367570599213e+00 0.000000000000000000e+00
-2.240249189354484027e+00 -2.488049015123767305e+00 0.000000000000000000e+00
-2.822365824531853917e+00 -3.246760777509561713e+00 0.000000000000000000e+00
-2.754987401006215197e+00 -3.283266436191488502e+00 0.000000000000000000e+00
-2.783483844801870166e+00 -3.437316604150536747e+00 0.000000000000000000e+00
-2.639956319072982005e+00 -3.378990315079678730e+00 0.000000000000000000e+00
-2.490912194980895666e+00 -3.305552439706022305e+00 0.000000000000000000e+00
-2.389346936295590140e+00 -3.288654235886955046e+00 0.000000000000000000e+00
-2.157220791930536397e+00 -3.080830868116311905e+00 0.000000000000000000e+00
-1.848504787063872445e+00 -2.846448034783044978e+00 0.000000000000000000e+00
8.539940314448311032e-01 -1.315035385704708792e+00 0.000000000000000000e+00
8.734593814712670046e-01 -1.294956687357696312e+00 0.000000000000000000e+00
3.495010271041279815e+00 -3.146921170155796865e+00 0.000000000000000000e+00
3.434943536862411939e+00 -2.882259659697277154e+00 0.000000000000000000e+00
3.366596223630493157e+00 -2.726215682976275367e+00 0.000000000000000000e+00
3.312009337109013796e+00 -2.587625113515660047e+00 0.000000000000000000e+00
3.251245321320590076e+00 -2.449988911838557382e+00 0.000000000000000000e+00
3.180245876061691401e+00 -2.310583719064487784e+00 0.000000000000000000e+00
3.113597088441373284e+00 -2.180164000672565550e+00 0.000000000000000000e+00
3.036764783465091266e+00 -2.048323566336005097e+00 0.000000000000000000e+00
2.956610812869295390e+00 -1.706999922567407957e+00 0.000000000000000000e+00
2.896740552899581100e+00 -1.605689387533683954e+00 0.000000000000000000e+00
2.836027621793774767e+00 -1.507942519549577920e+00 0.000000000000000000e+00
2.780831452637419599e+00 -1.416904285220265791e+00 0.000000000000000000e+00
2.753904902393977672e+00 -1.343169059478804828e+00 0.000000000000000000e+00
2.747925309201399546e+00 -1.281378510940426985e+00 0.000000000000000000e+00
2.720091807572822429e+00 -1.154610370418525322e+00 0.000000000000000000e+00
2.718503023037201149e+00 -1.098346418560745663e+00 0.000000000000000000e+00
2.806342834381842621e+00 -1.077253984994832603e+00 0.000000000000000000e+00
2.895193081171687943e+00 -1.053764003527574156e+00 0.000000000000000000e+00
2.971764807924188290e+00 -1.023260582157500709e+00 0.000000000000000000e+00
3.058597862777975074e+00 -9.937985857651444599e-01 0.000000000000000000e+00
3.194057832364366689e+00 -9.765213720973305866e-01 0.000000000000000000e+00
3.304432281953590067e+00 -8.854198552568999236e-01 0.000000000000000000e+00
3.442609356818909117e+00 -8.583388064189745315e-01 0.000000000000000000e+00
3.492142443923831330e+00 -8.062244999467932383e-01 0.000000000000000000e+00
3.583932865190740280e+00 -7.617883363458688439e-01 0.000000000000000000e+00
3.738036422076330911e+00 -7.266005611363670624e-01 0.000000000000000000e+00
3.755071945941101941e+00 -6.621203851587204037e-01 0.000000000000000000e+00
3.778895584077418324e+00 -5.985181491857781699e-01 0.000000000000000000e+00
3.805422068691389992e+00 -4.672469661735752511e-01 0.000000000000000000e+00
3.849794319820340593e+00 -4.046295760071819680e-01 0.000000000000000000e+00
3.888148032291768974e+00 -3.401687628225481541e-01 0.000000000000000000e+00
3.905463226491082906e+00 -2.730964808178020231e-01 0.000000000000000000e+00
3.921618234520457769e+00 -2.055231914024390205e-01 0.000000000000000000e+00
3.991566925110321851e+00 -1.393884757629396676e-01 0.000000000000000000e+00
4.034385299368432598e+00 -7.042034404654269608e-02 0.000000000000000000e+00
4.095376351892902278e+00 7.148517403227147571e-02 0.000000000000000000e+00
4.128483544362916646e+00 1.441699365746317574e-01 0.000000000000000000e+00
4.182260687419027789e+00 2.191831104813715403e-01 0.000000000000000000e+00
4.200742173347204123e+00 2.937446236372390218e-01 0.000000000000000000e+00
4.234823579283398587e+00 3.704991715601839708e-01 0.000000000000000000e+00
4.281416576631735360e+00 4.499951325720707440e-01 0.000000000000000000e+00
4.294747324009402512e+00 5.273287820444925167e-01 0.000000000000000000e+00
1.037002532763052542e+00 1.828515540178638765e-01 0.000000000000000000e+00
1.027763705401195216e+00 1.997770549905338033e-01 0.000000000000000000e+00
1.022164195071390003e+00 2.172677348825401700e-01 0.000000000000000000e+00
1.012370524644815584e+00 2.337241796923258674e-01 0.000000000000000000e+00
1.008137286366157515e+00 2.513568840926177494e-01 0.000000000000000000e+00
1.001665017794112433e+00 2.683953604227380385e-01 0.000000000000000000e+00
9.907317321790801712e-01 3.028971153999724941e-01 0.000000000000000000e+00
9.843434544628708593e-01 3.198326039702629742e-01 0.000000000000000000e+00
9.795572483876162639e-01 3.372886372166523095e-01 0.000000000000000000e+00
9.735215587386178981e-01 3.543328976193380608e-01 0.000000000000000000e+00
9.699900858365094747e-01 3.723443362283763713e-01 0.000000000000000000e+00
9.642711636539544884e-01 3.895908669357465159e-01 0.000000000000000000e+00
9.546549535350906668e-01 4.250397981340642284e-01 0.000000000000000000e+00
4.636878357618865465e+00 2.261556824420910772e+00 0.000000000000000000e+00
4.602939548422393834e+00 2.345314983233369954e+00 0.000000000000000000e+00
4.571902553529530344e+00 2.430923849999238051e+00 0.000000000000000000e+00
4.599624825132360151e+00 2.549613818280874522e+00 0.000000000000000000e+00
7.441756548894875145e+00 4.296500383730252892e+00 0.000000000000000000e+00
4.156953653743795662e+00 3.366234851546802798e+00 0.000000000000000000e+00
3.503915431254552626e+00 3.267454145140492816e+00 0.000000000000000000e+00
2.653364475290888702e+00 3.789397351913139644e+00 0.000000000000000000e+00
2.596891795162518779e+00 3.850050584115786378e+00 0.000000000000000000e+00
2.471013506244018831e+00 3.954448412621400788e+00 0.000000000000000000e+00
2.357329263238201467e+00 3.923254903356547363e+00 0.000000000000000000e+00
2.781464724412495038e+00 5.702848088839558294e+00 0.000000000000000000e+00
2.271239746236721757e+00 5.621515940272392875e+00 0.000000000000000000e+00
2.129422221514755353e+00 5.547334851966333247e+00 0.000000000000000000e+00
2.000817704272902287e+00 5.497201778948010542e+00 0.000000000000000000e+00
1.874946844520866573e+00 5.445241345348051709e+00 0.000000000000000000e+00
1.618277245380244311e+00 5.293146707577319532e+00 0.000000000000000000e+00
1.410304852471104153e+00 5.263329738325994711e+00 0.000000000000000000e+00
1.291137039500291683e+00 5.178468210303529773e+00 0.000000000000000000e+00
3.954479932641794537e-01 1.860436694966783211e+00 0.000000000000000000e+00
3.596749225297719565e-01 1.850367237644917173e+00 0.000000000000000000e+00
8.708455032443654931e-01 4.938810764782308738e+00 0.000000000000000000e+00
7.774791750353121644e-01 4.908810858740786820e+00 0.000000000000000000e+00
5.958191313438518932e-01 4.852558084755184353e+00 0.000000000000000000e+00
5.058131774729789365e-01 4.812491683909127183e+00 0.000000000000000000e+00
4.217465794842010784e-01 4.820586375213413710e+00 0.000000000000000000e+00
3.302270840387609985e-01 4.722468424808703880e+00 0.000000000000000000e+00
1.627362820926293863e-01 4.660159535747134818e+00 0.000000000000000000e+00
8.017627971093380101e-02 4.593300175515634187e+00 0.000000000000000000e+00
-2.343604893558328961e-01 4.471863216836955424e+00 0.000000000000000000e+00
-3.106954014634755179e-01 4.443150271319677991e+00 0.000000000000000000e+00
-3.854027549448677537e-01 4.405172880740507502e+00 0.000000000000000000e+00
-4.529219149472784034e-01 4.309263547957180585e+00 0.000000000000000000e+00
-6.795513570998890085e-01 4.290518006016113439e+00 0.000000000000000000e+00
-7.501602186766296310e-01 4.254369651249096052e+00 0.000000000000000000e+00
-2.722844651463670607e-01 1.400782031825690943e+00 0.000000000000000000e+00
-2.862944119603397786e-01 1.346909216973055434e+00 0.000000000000000000e+00
-3.014344386269465770e-01 1.305655915110987664e+00 0.000000000000000000e+00
-3.514762916440555829e-01 1.311727305959467182e+00 0.000000000000000000e+00
-3.828603214347695016e-01 1.335192546368729305e+00 0.000000000000000000e+00
-4.239390044720074968e-01 1.386641936034700429e+00 0.000000000000000000e+00
-4.527099256578264175e-01 1.393297822079037074e+00 0.000000000000000000e+00
-4.720738575884064203e-01 1.371001973472095292e+00 0.000000000000000000e+00
-5.092679989754480552e-01 1.399202270744977827e+00 0.000000000000000000e+00
-8.136455209489671381e-01 2.013843258041916329e+00 0.000000000000000000e+00
-1.721309470725377988e+00 3.866124240179098059e+00 0.000000000000000000e+00
-1.855186684647110562e+00 3.803696268055239305e+00 0.000000000000000000e+00
-1.922649872750007871e+00 3.773412725594882389e+00 0.000000000000000000e+00
-1.995723624364714510e+00 3.753410129326930633e+00 0.000000000000000000e+00
-2.072561217098736197e+00 3.738999306869386086e+00 0.000000000000000000e+00
-2.138000054828879559e+00 3.703124621355788459e+00 0.000000000000000000e+00
-2.212088613667060777e+00 3.681533596295100352e+00 0.000000000000000000e+00
-2.279712740745040378e+00 3.648302922393451997e+00 0.000000000000000000e+00
-2.402851907626339933e+00 3.562374365491829398e+00 0.000000000000000000e+00
-2.474982394696541910e+00 3.534641090656127194e+00 0.000000000000000000e+00
-2.242268559575463893e+00 2.768971008966293557e+00 0.000000000000000000e+00
-2.287681140937727342e+00 2.726352161040447530e+00 0.000000000000000000e+00
-2.187081249542073724e+00 2.187081207166366781e+00 0.000000000000000000e+00
-1.875697502736259903e+00 1.688885585817469170e+00 0.000000000000000000e+00
-1.695256410735917374e+00 1.422489002965736216e+00 0.000000000000000000e+00
-4.164819321332979385e+00 3.025918304503928180e+00 0.000000000000000000e+00
-4.226824448209407947e+00 2.959654288816892631e+00 0.000000000000000000e+00
-1.651149674043828508e+00 1.031752808518580089e+00 0.000000000000000000e+00
-4.835020009284662912e+00 2.791500054517754847e+00 0.000000000000000000e+00
-1.605360430369839664e+00 6.814350609122337143e-01 0.000000000000000000e+00
-5.163610855534051858e+00 1.879400615862733881e+00 0.000000000000000000e+00
-6.441818260413390895e+00 2.218095862377251759e+00 0.000000000000000000e+00
-3.466555013165014909e+00 7.368389955031012795e-01 0.000000000000000000e+00
-5.496720696875956769e+00 6.749124117838779524e-01 0.000000000000000000e+00
