-6.677028080828923962e+00 -1.297883134401445426e+00 0.000000000000000000e+00
-6.621081090318829077e+00 -1.407354581628114110e+00 0.000000000000000000e+00
-6.591613281301671456e+00 -1.521794185597237004e+00 0.000000000000000000e+00
-6.413747271240938019e+00 -1.718558747200154668e+00 0.000000000000000000e+00
-6.477942325499693510e+00 -1.857520422365682267e+00 0.000000000000000000e+00
-6.856166420150312746e+00 -2.227703888359518825e+00 0.000000000000000000e+00
-6.928353704265462376e+00 -2.521714909768560720e+00 0.000000000000000000e+00
-6.788063066773169396e+00 -2.605693663911815339e+00 0.000000000000000000e+00
-3.674655393102128187e+00 -1.559798885841412019e+00 0.000000000000000000e+00
-3.604850387771464160e+00 -1.604983010666870547e+00 0.000000000000000000e+00
-3.353375310748932581e+00 -2.436370018519415925e+00 0.000000000000000000e+00
-2.575599351988308694e+00 -1.940853514028681559e+00 0.000000000000000000e+00
-2.502722154470740978e+00 -1.955341036413089206e+00 0.000000000000000000e+00
-2.458112665535522545e+00 -1.990540579647538610e+00 0.000000000000000000e+00
-2.420700410808159120e+00 -2.031209015232841253e+00 0.000000000000000000e+00
-2.965639006029674452e+00 -2.765503370770244995e+00 0.000000000000000000e+00
-2.975908681236289599e+00 -2.873801874751321872e+00 0.000000000000000000e+00
-2.964898483270979490e+00 -2.964898757177944155e+00 0.000000000000000000e+00
-2.930763429793306951e+00 -3.034894653822968635e+00 0.000000000000000000e+00
-2.890308850377508953e+00 -3.099477058810924834e+00 0.000000000000000000e+00
-2.912056409051024364e+00 -3.234166589571208394e+00 0.000000000000000000e+00
-2.834174969021519885e+00 -3.260345645499291400e+00 0.000000000000000000e+00
-2.840122772848971522e+00 -3.507259861835025916e+00 0.000000000000000000e+00
-2.531233746316243760e+00 -3.359060950627385189e+00 0.000000000000000000e+00
-2.404629365362509930e+00 -3.309688696944957709e+00 0.000000000000000000e+00
-2.320116580225622283e+00 -3.313470185678480728e+00 0.000000000000000000e+00
3.730631813610285175e+00 -5.970258431104089603e+00 0.000000000000000000e+00
8.863208199947861798e-01 -1.314024552651005262e+00 0.000000000000000000e+00
3.578985576494948528e+00 -3.222532869695585944e+00 0.000000000000000000e+00
3.526003209607571520e+00 -3.065107620334977412e+00 0.000000000000000000e+00
3.385150602832957212e+00 -2.840478429947527861e+00 0.000000000000000000e+00
3.334733324326527804e+00 -2.700413617620813778e+00 0.000000000000000000e+00
3.269456833471159563e+00 -2.554379456318210728e+00 0.000000000000000000e+00
3.224890354927909097e+00 -2.430129021534211287e+00 0.000000000000000000e+00
3.155975388798103687e+00 -2.292950179108622866e+00 0.000000000000000000e+00
3.117181333310677260e+00 -2.102565210295072262e+00 0.000000000000000000e+00
3.051083599983035910e+00 -1.981396716758602405e+00 0.000000000000000000e+00
2.987228010698366187e+00 -1.794907541049675537e+00 0.000000000000000000e+00
2.949682492232356790e+00 -1.702999855078207725e+00 0.000000000000000000e+00
2.864379674878258619e+00 -1.587751461281332155e+00 0.000000000000000000e+00
2.798060889817194585e+00 -1.487755251613302576e+00 0.000000000000000000e+00
2.788957901595057631e+00 -1.360265548151270432e+00 0.000000000000000000e+00
2.770582874559851305e+00 -1.291943906318289814e+00 0.000000000000000000e+00
2.768956228209684234e+00 -1.232818637697530084e+00 0.000000000000000000e+00
2.718250931276654736e+00 -1.153828964858501394e+00 0.000000000000000000e+00
2.715721451985666945e+00 -1.097222591006928427e+00 0.000000000000000000e+00
2.825947938098075429e+00 -1.084779678522295177e+00 0.000000000000000000e+00
2.883916690734344090e+00 -1.049659733449743504e+00 0.000000000000000000e+00
2.927325499327797953e+00 -1.007958902608780738e+00 0.000000000000000000e+00
3.090777107462242324e+00 -9.449452891063810922e-01 0.000000000000000000e+00
3.238490641234244460e+00 -9.286221426934012646e-01 0.000000000000000000e+00
3.345967076236320725e+00 -8.965490685086838774e-01 0.000000000000000000e+00
3.439698449260815138e+00 -8.576130357432917295e-01 0.000000000000000000e+00
3.495065342273397935e+00 -8.068993041101729657e-01 0.000000000000000000e+00
3.600561335328663848e+00 -7.653228262704370177e-01 0.000000000000000000e+00
3.759996097433899287e+00 -6.629886457752752760e-01 0.000000000000000000e+00
3.769018710045186626e+00 -5.969538063152259877e-01 0.000000000000000000e+00
3.783814404311378610e+00 -5.317803227607798000e-01 0.000000000000000000e+00
3.843138691961455411e+00 -4.718779840946202286e-01 0.000000000000000000e+00
3.817969554577787417e+00 -4.012846593189513533e-01 0.000000000000000000e+00
3.875197489783610560e+00 -3.390357375399987716e-01 0.000000000000000000e+00
3.897482816819041851e+00 -2.725384364398302783e-01 0.000000000000000000e+00
3.990523678235087246e+00 -2.091343707295270915e-01 0.000000000000000000e+00
3.995391443293445199e+00 -6.973970485203347114e-02 0.000000000000000000e+00
4.078000068664549005e+00 1.139380056969230149e-07 0.000000000000000000e+00
4.109374158592438597e+00 7.172950704638479669e-02 0.000000000000000000e+00
4.115491452187101551e+00 1.437162423586244020e-01 0.000000000000000000e+00
4.187253473186007824e+00 2.194447714337042499e-01 0.000000000000000000e+00
4.206727599496749015e+00 2.941631655707958592e-01 0.000000000000000000e+00
4.246777999235971102e+00 3.715450481134783267e-01 0.000000000000000000e+00
4.266955679733089646e+00 5.239163964437582033e-01 0.000000000000000000e+00
4.292812099566540418e+00 6.033155132676089050e-01 0.000000000000000000e+00
1.053863486038335573e+00 1.669156072833832549e-01 0.000000000000000000e+00
1.036017796392782353e+00 1.826779183999044376e-01 0.000000000000000000e+00
1.026782032351316154e+00 1.995862370526773066e-01 0.000000000000000000e+00
1.017273461759250708e+00 2.162281772911407440e-01 0.000000000000000000e+00
1.012370524644815584e+00 2.337241796923258674e-01 0.000000000000000000e+00
1.001665017794112433e+00 2.683953604227380385e-01 0.000000000000000000e+00
9.958671224655858412e-01 2.855603299765195335e-01 0.000000000000000000e+00
9.897753827424533579e-01 3.026047300081858293e-01 0.000000000000000000e+00
9.843434544628708593e-01 3.198326039702629742e-01 0.000000000000000000e+00
9.795572483876162639e-01 3.372886372166523095e-01 0.000000000000000000e+00
9.735215587386178981e-01 3.543328976193380608e-01 0.000000000000000000e+00
9.690564617927558411e-01 3.719859515088475010e-01 0.000000000000000000e+00
9.642711636539544884e-01 3.895908669357465159e-01 0.000000000000000000e+00
9.546549535350906668e-01 4.250397981340642284e-01 0.000000000000000000e+00
4.642271159547317616e+00 2.264187069828146992e+00 0.000000000000000000e+00
4.610958875555533965e+00 2.349401034740878913e+00 0.000000000000000000e+00
4.588678604732884914e+00 2.439843835169866360e+00 0.000000000000000000e+00
4.553270004626000400e+00 2.523918920240241004e+00 0.000000000000000000e+00
7.383639297552949010e+00 4.436538317661491426e+00 0.000000000000000000e+00
3.270613775435201820e+00 3.049896821817155601e+00 0.000000000000000000e+00
2.649922992705331826e+00 3.784482405203854594e+00 0.000000000000000000e+00
2.577879281814829060e+00 3.821863372674733306e+00 0.000000000000000000e+00
2.469423611041709599e+00 3.951904048317798512e+00 0.000000000000000000e+00
2.359389266151111109e+00 3.926683324093113825e+00 0.000000000000000000e+00
2.690387817903872048e+00 5.769555582836154883e+00 0.000000000000000000e+00
2.240896490682982467e+00 5.546413743308053590e+00 0.000000000000000000e+00
2.117954424445190664e+00 5.517460217562442537e+00 0.000000000000000000e+00
1.988847052052285402e+00 5.464312680385052801e+00 0.000000000000000000e+00
1.847273540446578988e+00 5.364872229845896179e+00 0.000000000000000000e+00
1.611552765718261115e+00 5.271151924245471854e+00 0.000000000000000000e+00
1.411598977230138052e+00 5.268159478021913422e+00 0.000000000000000000e+00
1.288717880701510277e+00 5.168765493588026061e+00 0.000000000000000000e+00
3.592933094860822907e-01 1.848404008547556598e+00 0.000000000000000000e+00
8.678935328670152050e-01 4.922069307172823649e+00 0.000000000000000000e+00
7.751326791976511643e-01 4.893995665462616884e+00 0.000000000000000000e+00
5.941129682068021500e-01 4.838662499183890908e+00 0.000000000000000000e+00
5.059176983436113328e-01 4.813486133724029337e+00 0.000000000000000000e+00
4.227052645464812186e-01 4.831544197692970499e+00 0.000000000000000000e+00
3.295992548996372062e-01 4.713490047719139930e+00 0.000000000000000000e+00
2.292314235739488226e-01 4.373997480217463263e+00 0.000000000000000000e+00
1.624221762492525922e-01 4.651164717121421432e+00 0.000000000000000000e+00
8.042061211318353442e-02 4.607297982225849964e+00 0.000000000000000000e+00
-2.346221502474135634e-01 4.476856002607118690e+00 0.000000000000000000e+00
-3.095095273143363968e-01 4.426191484602270521e+00 0.000000000000000000e+00
-3.855770538264720604e-01 4.407165125727174448e+00 0.000000000000000000e+00
-4.589845260078198041e-01 4.366945430830245556e+00 0.000000000000000000e+00
-5.161167479093341504e-01 4.203433077068613244e+00 0.000000000000000000e+00
-6.102741433533498405e-01 4.342325699121161620e+00 0.000000000000000000e+00
-7.506811254945613410e-01 4.257323860366245327e+00 0.000000000000000000e+00
-2.761006416949463027e-01 1.420414556717079391e+00 0.000000000000000000e+00
-2.879577089683637015e-01 1.354734413613573496e+00 0.000000000000000000e+00
-3.016593733906611230e-01 1.306630214551010916e+00 0.000000000000000000e+00
-3.285299622020843024e-01 1.317661630587700028e+00 0.000000000000000000e+00
-3.798283001250247759e-01 1.324618632002176000e+00 0.000000000000000000e+00
-4.230618831849827233e-01 1.383773001714556639e+00 0.000000000000000000e+00
-4.554910613339753223e-01 1.401857277175706074e+00 0.000000000000000000e+00
-4.720738575884064203e-01 1.371001973472095292e+00 0.000000000000000000e+00
-5.137142649124271099e-01 1.411418285511020665e+00 0.000000000000000000e+00
-8.136455209489671381e-01 2.013843258041916329e+00 0.000000000000000000e+00
-1.724156614894398309e+00 3.872519030467735490e+00 0.000000000000000000e+00
-1.790633617743399464e+00 3.840026061113380962e+00 0.000000000000000000e+00
-1.924465703172603570e+00 3.776976493351694053e+00 0.000000000000000000e+00
-1.989151050991819103e+00 3.741048916996529528e+00 0.000000000000000000e+00
-2.061410479082350200e+00 3.718882843543534378e+00 0.000000000000000000e+00
-2.138500018599400754e+00 3.703990583984845486e+00 0.000000000000000000e+00
-2.206423114180569911e+00 3.672104621989802364e+00 0.000000000000000000e+00
-2.271764022387805504e+00 3.635582314268717585e+00 0.000000000000000000e+00
-2.341947995233788493e+00 3.606283575641313188e+00 0.000000000000000000e+00
-2.404529631418859115e+00 3.564861693242606488e+00 0.000000000000000000e+00
-2.262406853161488929e+00 2.793839729919287862e+00 0.000000000000000000e+00
-2.299894140001176535e+00 2.740907046244323020e+00 0.000000000000000000e+00
-2.664911674474998105e+00 3.065630135020379843e+00 0.000000000000000000e+00
-1.858605170189991496e+00 1.673495580753603384e+00 0.000000000000000000e+00
-1.895830543931682044e+00 1.648020318541785656e+00 0.000000000000000000e+00
-1.713641423448584167e+00 1.437915860069789886e+00 0.000000000000000000e+00
-1.771448112558426491e+00 1.384006923507488773e+00 0.000000000000000000e+00
-4.076636687520389657e+00 2.961849871948856183e+00 0.000000000000000000e+00
-4.210441422852089666e+00 2.948182771166538707e+00 0.000000000000000000e+00
-4.374002275969616882e+00 2.950301735641411405e+00 0.000000000000000000e+00
-2.827158542542007158e+00 1.835978192281720434e+00 0.000000000000000000e+00
-4.924983628144147474e+00 2.729962954892323879e+00 0.000000000000000000e+00
-3.875325479192542222e+00 1.644978039828677741e+00 0.000000000000000000e+00
-6.417234755754356534e+00 2.209631083061444734e+00 0.000000000000000000e+00
-3.415167192807224250e+00 7.884534529089688437e-01 0.000000000000000000e+00
