-7.158765177914995448e+00 -1.133837390806128775e+00 0.000000000000000000e+00
-6.822308670379076290e+00 -1.326122827967274098e+00 0.000000000000000000e+00
-6.646512950052113844e+00 -1.412760291636302235e+00 0.000000000000000000e+00
-6.610126364353647865e+00 -1.526068268578697040e+00 0.000000000000000000e+00
-6.587337636251072048e+00 -1.642408089420467343e+00 0.000000000000000000e+00
-6.534487997901441858e+00 -1.750911133904903050e+00 0.000000000000000000e+00
-6.937750397301994276e+00 -2.525135026861911491e+00 0.000000000000000000e+00
-6.775926510775039269e+00 -2.601034875866543139e+00 0.000000000000000000e+00
-6.727645953634910470e+00 -2.718145789226098064e+00 0.000000000000000000e+00
-3.991308929669187044e+00 -1.694210355951560221e+00 0.000000000000000000e+00
-3.634997380245764909e+00 -1.618405318263349324e+00 0.000000000000000000e+00
-3.351757394089797337e+00 -2.435194533142594597e+00 0.000000000000000000e+00
-2.579592620792873880e+00 -1.943862658205480098e+00 0.000000000000000000e+00
-2.497994057056981188e+00 -1.951647041504078528e+00 0.000000000000000000e+00
-2.457335390644569184e+00 -1.989911154790949821e+00 0.000000000000000000e+00
-2.422232388589499408e+00 -2.032494497346489126e+00 0.000000000000000000e+00
-2.918101150003995059e+00 -2.721173598734298427e+00 0.000000000000000000e+00
-2.975908681236289599e+00 -2.873801874751321872e+00 0.000000000000000000e+00
-2.963484372275062118e+00 -2.963484646051386395e+00 0.000000000000000000e+00
-2.939793996128314824e+00 -3.044246079875477129e+00 0.000000000000000000e+00
-2.893036971162660898e+00 -3.102402610447435816e+00 0.000000000000000000e+00
-2.909379761687693744e+00 -3.231193871237991733e+00 0.000000000000000000e+00
-2.857136933723670502e+00 -3.286760366695778313e+00 0.000000000000000000e+00
-2.841381322335204462e+00 -3.508814041161143482e+00 0.000000000000000000e+00
-2.534844661492158924e+00 -3.363852797362636871e+00 0.000000000000000000e+00
-2.401690372016294983e+00 -3.305643519256254770e+00 0.000000000000000000e+00
-2.318395702241378586e+00 -3.311012516980889941e+00 0.000000000000000000e+00
3.713144480932193403e+00 -5.942272851026739744e+00 0.000000000000000000e+00
8.555651713545486814e-01 -1.268427431908408565e+00 0.000000000000000000e+00
2.135336972502355657e+00 -2.289868397229075647e+00 0.000000000000000000e+00
3.517304418039364666e+00 -3.166994908919928076e+00 0.000000000000000000e+00
3.479966021759626216e+00 -3.025088106198677185e+00 0.000000000000000000e+00
3.340719956677562053e+00 -2.803196693670443551e+00 0.000000000000000000e+00
3.334861496247026214e+00 -2.605479175767547950e+00 0.000000000000000000e+00
3.284787867340694500e+00 -2.475265031510360814e+00 0.000000000000000000e+00
3.266810787564705887e+00 -2.373476804365431736e+00 0.000000000000000000e+00
3.135714153520524849e+00 -2.195650535287176464e+00 0.000000000000000000e+00
3.063293842474067663e+00 -2.066217641325507337e+00 0.000000000000000000e+00
1.638428989585094087e+00 -1.023803987363823609e+00 0.000000000000000000e+00
2.964941845195458114e+00 -1.781516662824447872e+00 0.000000000000000000e+00
2.937847619805736610e+00 -1.628475405086336814e+00 0.000000000000000000e+00
2.848389044922586155e+00 -1.514515204312883556e+00 0.000000000000000000e+00
2.820926602417158868e+00 -1.437333782838893459e+00 0.000000000000000000e+00
2.777273568528030978e+00 -1.354566718593781971e+00 0.000000000000000000e+00
2.766957690032173289e+00 -1.290253455149036332e+00 0.000000000000000000e+00
2.739722931722160304e+00 -1.219803136627489959e+00 0.000000000000000000e+00
2.704443261728085801e+00 -1.147967957370553682e+00 0.000000000000000000e+00
2.766716626519975186e+00 -1.117825977076023491e+00 0.000000000000000000e+00
2.865122856032225496e+00 -1.042819337682658665e+00 0.000000000000000000e+00
2.937726351650202350e+00 -1.011540202910197417e+00 0.000000000000000000e+00
3.019604423687296979e+00 -9.811288506901193474e-01 0.000000000000000000e+00
3.139548535554820496e+00 -9.598562094402361966e-01 0.000000000000000000e+00
3.263483467545909456e+00 -9.357887195011258541e-01 0.000000000000000000e+00
3.362387776725586974e+00 -9.009489814165153598e-01 0.000000000000000000e+00
3.449401397342285236e+00 -8.600322521026785294e-01 0.000000000000000000e+00
3.549697614994854256e+00 -7.545114103341086231e-01 0.000000000000000000e+00
3.643800020951185381e+00 -7.082828632314951411e-01 0.000000000000000000e+00
3.769844165623027266e+00 -6.647251256074401260e-01 0.000000000000000000e+00
3.783834138835160399e+00 -5.993003392694922216e-01 0.000000000000000000e+00
3.797678096889139709e+00 -5.337287372774267569e-01 0.000000000000000000e+00
3.852071669831251377e+00 -4.729748155979895952e-01 0.000000000000000000e+00
3.890140277286055159e+00 -3.403430616170686207e-01 0.000000000000000000e+00
3.899477800318150056e+00 -2.726779392187069218e-01 0.000000000000000000e+00
3.908636039120954919e+00 -2.048428237403271956e-01 0.000000000000000000e+00
3.977575514516246802e+00 -1.388998853338996309e-01 0.000000000000000000e+00
4.023387295102089922e+00 -7.022837347685455256e-02 0.000000000000000000e+00
4.076000213623045099e+00 1.138821303925396800e-07 0.000000000000000000e+00
4.105374580922056538e+00 7.165969404722279112e-02 0.000000000000000000e+00
4.133480612864387282e+00 1.443444381903399854e-01 0.000000000000000000e+00
4.179793419661600673e+00 2.922797435010359712e-01 0.000000000000000000e+00
4.213903581877719517e+00 3.686689083714735915e-01 0.000000000000000000e+00
4.254564534852755209e+00 4.471728685190667907e-01 0.000000000000000000e+00
4.284821635350100522e+00 5.261100604488351262e-01 0.000000000000000000e+00
4.258152868394327939e+00 5.984444750392561296e-01 0.000000000000000000e+00
1.042998877602386187e+00 1.651948220592933669e-01 0.000000000000000000e+00
1.030708490512675324e+00 2.003494633116875978e-01 0.000000000000000000e+00
1.022164195071390003e+00 2.172677348825401700e-01 0.000000000000000000e+00
1.012370524644815584e+00 2.337241796923258674e-01 0.000000000000000000e+00
1.007166945304223571e+00 2.511149508667234742e-01 0.000000000000000000e+00
1.000699161984106800e+00 2.681365601116183495e-01 0.000000000000000000e+00
9.958671224655858412e-01 2.855603299765195335e-01 0.000000000000000000e+00
9.907317321790801712e-01 3.028971153999724941e-01 0.000000000000000000e+00
9.843434544628708593e-01 3.198326039702629742e-01 0.000000000000000000e+00
9.735215587386178981e-01 3.543328976193380608e-01 0.000000000000000000e+00
9.634549401131505819e-01 3.698357286332571436e-01 0.000000000000000000e+00
9.633440470103278308e-01 3.892162874703891107e-01 0.000000000000000000e+00
9.610070840892932509e-01 4.079233335562282847e-01 0.000000000000000000e+00
4.755397101186252584e+00 2.217478228037677024e+00 0.000000000000000000e+00
4.657550836440996100e+00 2.271639466653927020e+00 0.000000000000000000e+00
4.605612799088445009e+00 2.346677072562389554e+00 0.000000000000000000e+00
4.595252043613775150e+00 2.547189945767797337e+00 0.000000000000000000e+00
7.395639587274199123e+00 4.443748819559791841e+00 0.000000000000000000e+00
2.541807827815889542e+00 2.725755299405376864e+00 0.000000000000000000e+00
2.637877940407157951e+00 3.767280287022427565e+00 0.000000000000000000e+00
2.521678715881755739e+00 3.883044876587425254e+00 0.000000000000000000e+00
2.464654430805157226e+00 3.944271764168689742e+00 0.000000000000000000e+00
2.705601979584193906e+00 5.802182459480750509e+00 0.000000000000000000e+00
2.504684137978136160e+00 5.625612968823672233e+00 0.000000000000000000e+00
2.131214102187562798e+00 5.552002860971968268e+00 0.000000000000000000e+00
2.013130514918026748e+00 5.531030950110221056e+00 0.000000000000000000e+00
1.884713956941256097e+00 5.473607101172856204e+00 0.000000000000000000e+00
1.745636955283214276e+00 5.372518451962856822e+00 0.000000000000000000e+00
1.634942478407448219e+00 5.347656232184906600e+00 0.000000000000000000e+00
1.510768238019150722e+00 5.268675331196501332e+00 0.000000000000000000e+00
1.388046424956748570e+00 5.180260150031372746e+00 0.000000000000000000e+00
7.788871322129149455e-01 4.917700351480890575e+00 0.000000000000000000e+00
6.880716962495979638e-01 4.895885113022662161e+00 0.000000000000000000e+00
5.930161656506482970e-01 4.829729757968884485e+00 0.000000000000000000e+00
5.038271314018215596e-01 4.793595714750995995e+00 0.000000000000000000e+00
4.135539116160514284e-01 4.726943735241913025e+00 0.000000000000000000e+00
2.425247371831723842e-01 4.627649092740504067e+00 0.000000000000000000e+00
1.635040649427419446e-01 4.682145970021813319e+00 0.000000000000000000e+00
8.054277831430839418e-02 4.614296885580957408e+00 0.000000000000000000e+00
-7.220290211379395634e-08 4.578000068664549893e+00 0.000000000000000000e+00
-5.153700357525166365e-02 2.952550311645057768e+00 0.000000000000000000e+00
-2.329474207183534762e-01 4.444900268943396959e+00 0.000000000000000000e+00
-3.862743324710969373e-01 4.415135055719138890e+00 0.000000000000000000e+00
-4.609705726750208399e-01 4.385841399925729966e+00 0.000000000000000000e+00
-5.380532114506646479e-01 4.382091213656996942e+00 0.000000000000000000e+00
-6.122225584759980466e-01 4.356189391613754402e+00 0.000000000000000000e+00
-6.782998973768162854e-01 4.282616601038331083e+00 0.000000000000000000e+00
-7.489446866328788310e-01 4.247476027049486014e+00 0.000000000000000000e+00
-2.892051879206333220e-01 1.360603340245032156e+00 0.000000000000000000e+00
-3.030090892379764256e-01 1.312476475807002219e+00 0.000000000000000000e+00
-3.280460957739099737e-01 1.315720948457944406e+00 0.000000000000000000e+00
-3.538056486065407347e-01 1.320420584014514453e+00 0.000000000000000000e+00
-3.930588877861750374e-01 1.370759172142363091e+00 0.000000000000000000e+00
-4.558000927814131464e-01 1.402808378130789846e+00 0.000000000000000000e+00
-4.753295361529540353e-01 1.380457150167936131e+00 0.000000000000000000e+00
-4.884047730714583535e-01 1.341881031007440050e+00 0.000000000000000000e+00
-7.787336154579231895e-01 2.028670347521261519e+00 0.000000000000000000e+00
-1.724563322068951132e+00 3.873432509707195770e+00 0.000000000000000000e+00
-1.788943065655635989e+00 3.836400660578981547e+00 0.000000000000000000e+00
-1.857378590603734114e+00 3.808190341118685485e+00 0.000000000000000000e+00
-1.926281750074744004e+00 3.780540685973521775e+00 0.000000000000000000e+00
-1.991967900131844438e+00 3.746346639569875236e+00 0.000000000000000000e+00
-2.131500048974933836e+00 3.691866281271868999e+00 0.000000000000000000e+00
-2.194577360041621628e+00 3.652389976940526584e+00 0.000000000000000000e+00
-2.275473441133528230e+00 3.641518625018982824e+00 0.000000000000000000e+00
-2.345760451924227663e+00 3.612154243979617263e+00 0.000000000000000000e+00
-2.403411060009193356e+00 3.563203342970115983e+00 0.000000000000000000e+00
-2.300536881030038838e+00 2.741673035158455729e+00 0.000000000000000000e+00
-1.653762234070551340e+00 1.597019595112044055e+00 0.000000000000000000e+00
-1.857118988251771796e+00 1.672157416550846820e+00 0.000000000000000000e+00
-1.906396432074996428e+00 1.657205104808342044e+00 0.000000000000000000e+00
-1.717471733359972275e+00 1.441129871644908800e+00 0.000000000000000000e+00
-1.761203963673509509e+00 1.376003317372116230e+00 0.000000000000000000e+00
-4.175336551583046507e+00 3.033559519421308082e+00 0.000000000000000000e+00
-4.210441422852089666e+00 2.948182771166538707e+00 0.000000000000000000e+00
-4.414624940147978904e+00 2.977702068121858670e+00 0.000000000000000000e+00
-2.911025519793960736e+00 1.890442043165981856e+00 0.000000000000000000e+00
-4.882651258040335840e+00 2.818999968322223548e+00 0.000000000000000000e+00
-3.872563725845895366e+00 1.643805745106324823e+00 0.000000000000000000e+00
-6.417234755754356534e+00 2.209631083061444734e+00 0.000000000000000000e+00
-2.455790692528734720e+00 7.508105460974092704e-01 0.000000000000000000e+00
-3.496039854389060952e+00 8.071243775431810041e-01 0.000000000000000000e+00
