-8.354978420558509811e+00 -8.781440522880477051e-01 0.000000000000000000e+00
-5.581310004172809869e+00 -1.186344359585723263e+00 0.000000000000000000e+00
-5.325160497778003155e+00 -1.833600100663917765e+00 0.000000000000000000e+00
-4.326211450469082287e+00 -1.660677229180305137e+00 0.000000000000000000e+00
-4.231667148207775675e+00 -1.709704749562921400e+00 0.000000000000000000e+00
-4.982508366613624951e+00 -2.538715120282771132e+00 0.000000000000000000e+00
-4.077451905640629093e+00 -2.168019888988094390e+00 0.000000000000000000e+00
-4.931105786690173076e+00 -2.733356882939777854e+00 0.000000000000000000e+00
-4.910363968827637038e+00 -2.835000274922850227e+00 0.000000000000000000e+00
-4.848138230412581073e+00 -2.913055655540893074e+00 0.000000000000000000e+00
-3.623109255657210870e+00 -2.536928669279652215e+00 0.000000000000000000e+00
-2.516969900919719727e+00 -2.430609805187570860e+00 0.000000000000000000e+00
-2.503864918299419262e+00 -2.503865149614603602e+00 0.000000000000000000e+00
-2.475762238717292174e+00 -2.563727084225900121e+00 0.000000000000000000e+00
-2.449737993911635936e+00 -2.627022614290818403e+00 0.000000000000000000e+00
-2.440319247073562181e+00 -2.710249345528592979e+00 0.000000000000000000e+00
-2.413640975833734270e+00 -2.776576580970581798e+00 0.000000000000000000e+00
-2.406596653151941378e+00 -2.868070472430706008e+00 0.000000000000000000e+00
-2.343823052685525266e+00 -2.999956983404138633e+00 0.000000000000000000e+00
-2.329625846155629176e+00 -3.091518205611020420e+00 0.000000000000000000e+00
-8.236557038380861728e-01 -1.176302363938161788e+00 0.000000000000000000e+00
1.322148579326235529e+00 -2.115879855550746758e+00 0.000000000000000000e+00
1.288615993296878814e+00 -1.984294465036772204e+00 0.000000000000000000e+00
1.217363040544152897e+00 -1.804814790173052685e+00 0.000000000000000000e+00
1.160918725347690028e+00 -1.657963638763544134e+00 0.000000000000000000e+00
1.031324852099136047e+00 -1.186403444615933944e+00 0.000000000000000000e+00
9.963354860786065581e-01 -1.106542583192741791e+00 0.000000000000000000e+00
1.010721602229962324e+00 -1.083866146255552998e+00 0.000000000000000000e+00
1.034346324364259662e+00 -1.071096900617542147e+00 0.000000000000000000e+00
1.063488598673462571e+00 -1.063488526305917059e+00 0.000000000000000000e+00
1.095554553140591247e+00 -1.057964662407352652e+00 0.000000000000000000e+00
1.125553407328209632e+00 -1.049595461559644338e+00 0.000000000000000000e+00
1.176592281329392975e+00 -1.022795996811191710e+00 0.000000000000000000e+00
1.207286057143319269e+00 -1.013033216667558856e+00 0.000000000000000000e+00
1.241879318347980155e+00 -1.005653974860439392e+00 0.000000000000000000e+00
1.275001456333448857e+00 -9.961402436918551651e-01 0.000000000000000000e+00
1.313755431407203744e+00 -9.899856583285954192e-01 0.000000000000000000e+00
1.351058378090179701e+00 -9.816013017794369411e-01 0.000000000000000000e+00
1.407705791141814267e+00 -9.495094786937403608e-01 0.000000000000000000e+00
1.455093478000122342e+00 -9.449486863953279192e-01 0.000000000000000000e+00
1.494260745630835663e+00 -9.337176766662892424e-01 0.000000000000000000e+00
1.537758192489022679e+00 -9.239782722056728570e-01 0.000000000000000000e+00
1.592620735416909072e+00 -9.194999423673199113e-01 0.000000000000000000e+00
1.636413545999289232e+00 -9.070787723109252632e-01 0.000000000000000000e+00
1.678483422547589754e+00 -8.924653983509966970e-01 0.000000000000000000e+00
1.725879697422269432e+00 -8.793795599272931085e-01 0.000000000000000000e+00
1.800833588770407889e+00 -8.397424248407789893e-01 0.000000000000000000e+00
1.872768170608012817e+00 -8.338100405093976653e-01 0.000000000000000000e+00
1.927537281586996221e+00 -8.181909627067233126e-01 0.000000000000000000e+00
1.986954920814570036e+00 -8.027818261096223429e-01 0.000000000000000000e+00
2.017467337961271756e+00 -7.744330816567598363e-01 0.000000000000000000e+00
2.040072706064561814e+00 -7.425256699494171553e-01 0.000000000000000000e+00
2.069499112349651782e+00 -6.724209534454252957e-01 0.000000000000000000e+00
2.100045358357468306e+00 -6.420482290678587445e-01 0.000000000000000000e+00
2.113814373939917335e+00 -6.061264492140351345e-01 0.000000000000000000e+00
2.129866390375532159e+00 -5.706959108775966349e-01 0.000000000000000000e+00
2.154056556115119481e+00 -5.370665508918722741e-01 0.000000000000000000e+00
2.174794109160711919e+00 -5.020907140245995937e-01 0.000000000000000000e+00
2.196919575425766880e+00 -4.669696033383140543e-01 0.000000000000000000e+00
2.217787163278381879e+00 -3.910556473724034476e-01 0.000000000000000000e+00
2.266744827488152758e+00 -3.590170431120466299e-01 0.000000000000000000e+00
2.261772198901745856e+00 -3.178712858043105105e-01 0.000000000000000000e+00
2.305684673005351737e+00 -2.831024125492427324e-01 0.000000000000000000e+00
2.307290737835153926e+00 -2.425059614663011009e-01 0.000000000000000000e+00
2.309179393861518825e+00 -2.020269524260359384e-01 0.000000000000000000e+00
2.364754772287458895e+00 -1.239314789508308562e-01 0.000000000000000000e+00
2.395539889065942507e+00 -8.365402861358622877e-02 0.000000000000000000e+00
2.409633032325356083e+00 -4.206023336165472248e-02 0.000000000000000000e+00
2.441999912261962002e+00 6.822868936495750445e-08 0.000000000000000000e+00
2.467624045608387107e+00 4.307260656642730723e-02 0.000000000000000000e+00
2.497477746742671201e+00 8.721391389244538550e-02 0.000000000000000000e+00
2.530527157417682194e+00 1.326193786027905219e-01 0.000000000000000000e+00
2.568727472065140294e+00 1.796229935976233205e-01 0.000000000000000000e+00
2.578795202842366852e+00 2.710423684331630945e-01 0.000000000000000000e+00
2.609403772901984109e+00 3.203945679724217732e-01 0.000000000000000000e+00
2.640054551750110612e+00 3.710355426701378301e-01 0.000000000000000000e+00
2.675647812611806398e+00 4.237810546007568235e-01 0.000000000000000000e+00
2.713145459531368875e+00 4.784008214810966941e-01 0.000000000000000000e+00
2.746592940651585657e+00 5.338836602786748431e-01 0.000000000000000000e+00
2.772082845434785003e+00 6.399858286230989401e-01 0.000000000000000000e+00
2.807065408695923026e+00 6.998800898608081855e-01 0.000000000000000000e+00
2.842719762568332253e+00 7.617045436363569788e-01 0.000000000000000000e+00
2.887630063751952303e+00 8.280146771123283456e-01 0.000000000000000000e+00
2.928205174459780125e+00 8.952422455394013490e-01 0.000000000000000000e+00
2.961590045200982235e+00 9.622790213664873527e-01 0.000000000000000000e+00
3.009585682799139850e+00 1.036283540557692451e+00 0.000000000000000000e+00
3.032269108793966161e+00 1.163979142741464301e+00 0.000000000000000000e+00
3.102357105413493965e+00 1.253433722587250720e+00 0.000000000000000000e+00
3.148126635855835076e+00 1.336300567411992324e+00 0.000000000000000000e+00
3.193754931849745571e+00 1.421951404008705788e+00 0.000000000000000000e+00
3.249113413889237023e+00 1.515086564259223945e+00 0.000000000000000000e+00
3.294978835050729860e+00 1.607068656111584337e+00 0.000000000000000000e+00
3.365796212749141425e+00 1.789625695651027915e+00 0.000000000000000000e+00
3.411891452143698711e+00 1.891242421627213677e+00 0.000000000000000000e+00
3.517794966572507231e+00 2.030999982928443970e+00 0.000000000000000000e+00
3.121664991038374914e+00 1.950632882322985706e+00 0.000000000000000000e+00
3.124047737982957429e+00 2.028780426836825246e+00 0.000000000000000000e+00
3.100600480443285178e+00 2.091381536690450460e+00 0.000000000000000000e+00
3.080011628663759549e+00 2.156647466689840975e+00 0.000000000000000000e+00
3.083163801834812645e+00 2.240049731526235099e+00 0.000000000000000000e+00
3.014141116424227107e+00 2.354905241206393995e+00 0.000000000000000000e+00
5.928998306492736070e+00 5.153999829500865992e+00 0.000000000000000000e+00
5.831687889955466275e+00 5.631595781346973695e+00 0.000000000000000000e+00
5.734635627322602680e+00 5.734635877991501651e+00 0.000000000000000000e+00
5.637847329733375545e+00 5.838162068232255919e+00 0.000000000000000000e+00
1.904058035136700022e+00 2.931992387252783328e+00 0.000000000000000000e+00
1.145804616876241910e+00 3.747758273595639622e+00 0.000000000000000000e+00
1.105857025502770652e+00 3.856582024610270665e+00 0.000000000000000000e+00
1.054946413048114762e+00 3.937113893075998572e+00 0.000000000000000000e+00
1.324061840517841704e+00 5.735142376929783126e+00 0.000000000000000000e+00
1.850021511595852375e-01 5.297770895179629846e+00 0.000000000000000000e+00
9.181702932262744699e-02 5.260198882057068204e+00 0.000000000000000000e+00
-8.183941957485912631e-08 5.189000129699706143e+00 0.000000000000000000e+00
-9.029882806926241290e-02 5.173211759736699555e+00 0.000000000000000000e+00
-3.103560502356130235e-01 2.208297807622400022e+00 0.000000000000000000e+00
-7.862396971250759092e-01 4.964121610993902145e+00 0.000000000000000000e+00
-1.357514094398016402e+00 4.734214017368583605e+00 0.000000000000000000e+00
-1.453964566160308003e+00 4.755703579238618417e+00 0.000000000000000000e+00
-1.540140826843844124e+00 4.740065852584068651e+00 0.000000000000000000e+00
-1.619701599481696341e+00 4.703954802050133388e+00 0.000000000000000000e+00
-1.792556492069000917e+00 4.669769134826315060e+00 0.000000000000000000e+00
-1.990975916116109579e+00 4.471804972795234256e+00 0.000000000000000000e+00
-2.560499958498169804e+00 4.434915900904385921e+00 0.000000000000000000e+00
-2.609182929922858385e+00 4.342409502061857829e+00 0.000000000000000000e+00
-3.752563073743330202e-01 5.778440258682054909e-01 0.000000000000000000e+00
-3.617978228056244472e-01 5.363873176548416000e-01 0.000000000000000000e+00
-3.464401571549847736e-01 4.947678082710227909e-01 0.000000000000000000e+00
-3.484509010891379543e-01 4.624099535182480958e-01 0.000000000000000000e+00
-3.404607840491869486e-01 4.357699220818565533e-01 0.000000000000000000e+00
-3.341691433831659452e-01 4.126645161069724677e-01 0.000000000000000000e+00
-3.310356138820415572e-01 3.945128738171568838e-01 0.000000000000000000e+00
-3.280295183550379634e-01 3.773547867561266589e-01 0.000000000000000000e+00
-3.245283572939270944e-01 3.604252477117366738e-01 0.000000000000000000e+00
-3.232672308371573600e-01 3.466616564050308269e-01 0.000000000000000000e+00
-3.216268284628461815e-01 3.330543240544697192e-01 0.000000000000000000e+00
-3.302188754079857791e-01 3.302188690098428192e-01 0.000000000000000000e+00
-3.395283909499629549e-01 3.278787496007248281e-01 0.000000000000000000e+00
-3.544800832979079219e-01 3.191752946665792345e-01 0.000000000000000000e+00
-3.776599138613404572e-01 3.168942886318512620e-01 0.000000000000000000e+00
-3.846872573920820382e-01 3.115135931558138949e-01 0.000000000000000000e+00
-3.955813807215370903e-01 3.090620413027772573e-01 0.000000000000000000e+00
-4.073041051491808617e-01 3.069256525628757393e-01 0.000000000000000000e+00
-4.198798176497437473e-01 3.050605387394072499e-01 0.000000000000000000e+00
-4.385608652620168191e-01 2.958130335403408306e-01 0.000000000000000000e+00
-4.512047575202671745e-01 2.930157904466594854e-01 0.000000000000000000e+00
-4.664264653068378452e-01 2.914555979465674462e-01 0.000000000000000000e+00
-4.808708489540825526e-01 2.889363508732184505e-01 0.000000000000000000e+00
-5.020317148260490248e-01 2.782807187061917542e-01 0.000000000000000000e+00
-6.467722068769935717e+00 3.154518769729472094e+00 0.000000000000000000e+00
-5.521379797881101226e+00 2.230782198891134271e+00 0.000000000000000000e+00
-3.941172868191345824e+00 1.130113109834355090e+00 0.000000000000000000e+00
-8.390999794006345880e+00 -3.023905320024498516e-08 0.000000000000000000e+00
