-8.600035354735842574e+00 -1.671677984134239070e+00 0.000000000000000000e+00
-6.021606762881027919e+00 -1.390197781429278301e+00 0.000000000000000000e+00
-4.784914745878859677e+00 -1.741566809619661260e+00 0.000000000000000000e+00
-4.737920396496097197e+00 -1.818717509814935962e+00 0.000000000000000000e+00
-5.358609880595365915e+00 -2.613568991621442184e+00 0.000000000000000000e+00
-4.489781794737587539e+00 -2.287658362090719155e+00 0.000000000000000000e+00
-5.290621930945492934e+00 -2.813073909109490511e+00 0.000000000000000000e+00
-5.239846678500643229e+00 -2.904494773340127622e+00 0.000000000000000000e+00
-4.183421207402060915e+00 -2.614091977548257617e+00 0.000000000000000000e+00
-3.249756285305676062e+00 -2.538988122052778795e+00 0.000000000000000000e+00
-3.078275009484147784e+00 -2.492738192030018674e+00 0.000000000000000000e+00
-2.967656111457400936e+00 -2.490159385601403486e+00 0.000000000000000000e+00
-2.941857825638187318e+00 -2.557318233736475932e+00 0.000000000000000000e+00
-2.874219971656458927e+00 -2.680253734115999098e+00 0.000000000000000000e+00
-1.211368180553205498e+00 -1.169804762571438284e+00 0.000000000000000000e+00
-2.802251677136151642e+00 -2.901816826002479477e+00 0.000000000000000000e+00
-2.750855258983289975e+00 -3.164497274535380100e+00 0.000000000000000000e+00
-2.664542516019619001e+00 -3.290436281814029140e+00 0.000000000000000000e+00
-2.634415180579535942e+00 -3.371897980570733644e+00 0.000000000000000000e+00
-2.604053534234829659e+00 -3.455696082166014982e+00 0.000000000000000000e+00
-2.592132712461284072e+00 -3.567764938328046753e+00 0.000000000000000000e+00
-1.567010788310003511e+00 -2.237923547443811945e+00 0.000000000000000000e+00
6.205000668794585783e-01 -1.074737552454900325e+00 0.000000000000000000e+00
6.304066295841848078e-01 -1.049172733798412693e+00 0.000000000000000000e+00
6.528605673817998722e-01 -1.044795225443215569e+00 0.000000000000000000e+00
6.911624325469121199e-01 -1.024690366905721017e+00 0.000000000000000000e+00
7.072198047249793618e-01 -1.010014478400542703e+00 0.000000000000000000e+00
8.313322597351398002e-01 -1.026609770561291768e+00 0.000000000000000000e+00
8.349811554504178446e-01 -9.950917216324727255e-01 0.000000000000000000e+00
8.738846014910903737e-01 -9.705471077339700159e-01 0.000000000000000000e+00
8.954638549781619439e-01 -9.602673530128984503e-01 0.000000000000000000e+00
9.197277156832885936e-01 -9.524058649175413116e-01 0.000000000000000000e+00
9.489373380334626962e-01 -9.489372734608231275e-01 0.000000000000000000e+00
9.747054750771126930e-01 -9.412620721902315024e-01 0.000000000000000000e+00
1.001954606242574819e+00 -9.343377227184105349e-01 0.000000000000000000e+00
1.046027536704793315e+00 -9.092978035578480611e-01 0.000000000000000000e+00
1.072462232112294522e+00 -8.999026024717972083e-01 0.000000000000000000e+00
1.105878715849474059e+00 -8.955228659311305073e-01 0.000000000000000000e+00
1.135523513268290374e+00 -8.871681389900163417e-01 0.000000000000000000e+00
1.170001077920286736e+00 -8.816589904632458063e-01 0.000000000000000000e+00
1.197345195645114213e+00 -8.699221453228347389e-01 0.000000000000000000e+00
1.246872493792678060e+00 -8.410260574536346789e-01 0.000000000000000000e+00
1.281488652385757154e+00 -8.322084024228844079e-01 0.000000000000000000e+00
1.314474535106908704e+00 -8.213747918800281544e-01 0.000000000000000000e+00
1.350895670733231579e+00 -8.116999498821562131e-01 0.000000000000000000e+00
1.390836777919579603e+00 -8.029999287963712762e-01 0.000000000000000000e+00
1.432627115604532264e+00 -7.941181178675390528e-01 0.000000000000000000e+00
1.471873710962890769e+00 -7.826090744364273544e-01 0.000000000000000000e+00
1.529747509984506149e+00 -7.461076533324617621e-01 0.000000000000000000e+00
1.569725104022427375e+00 -7.319747773503423316e-01 0.000000000000000000e+00
1.579520092928939023e+00 -7.032475953726310403e-01 0.000000000000000000e+00
1.593393873166255581e+00 -6.763555130739260512e-01 0.000000000000000000e+00
1.609591137693769936e+00 -6.503169746185990530e-01 0.000000000000000000e+00
1.628164243873124084e+00 -6.249936388562324918e-01 0.000000000000000000e+00
1.650875499031408511e+00 -5.684419640827539366e-01 0.000000000000000000e+00
1.660544742816945085e+00 -5.395436376563693681e-01 0.000000000000000000e+00
1.677358508217672295e+00 -5.128199043069168184e-01 0.000000000000000000e+00
1.693743088944437369e+00 -4.856729602368973775e-01 0.000000000000000000e+00
1.704859083272225240e+00 -4.568155598128566530e-01 0.000000000000000000e+00
1.722274903816642500e+00 -4.294113075418256598e-01 0.000000000000000000e+00
1.737301829989431612e+00 -4.010876765857460113e-01 0.000000000000000000e+00
1.760057533138450703e+00 -3.421204736417022274e-01 0.000000000000000000e+00
1.774623625174694741e+00 -3.129139721230959625e-01 0.000000000000000000e+00
1.784752880200398906e+00 -2.826770327056608023e-01 0.000000000000000000e+00
1.806248965696117148e+00 -2.538516838642390083e-01 0.000000000000000000e+00
1.822314706800418405e+00 -2.237520576682806850e-01 0.000000000000000000e+00
1.805057302455006507e+00 -1.897191149149811407e-01 0.000000000000000000e+00
1.850929793590254668e+00 -1.619353205505071891e-01 0.000000000000000000e+00
1.881417990082814518e+00 -9.860088528761794258e-02 0.000000000000000000e+00
1.893845600004979035e+00 -6.613449216005512499e-02 0.000000000000000000e+00
1.914708299021626647e+00 -3.342130390644178217e-02 0.000000000000000000e+00
1.934999942779540127e+00 5.406327385770736575e-08 0.000000000000000000e+00
1.950702827511630488e+00 3.404969876467157930e-02 0.000000000000000000e+00
1.978793854647701522e+00 6.910105888840435695e-02 0.000000000000000000e+00
1.995128096697149411e+00 1.395130021525236019e-01 0.000000000000000000e+00
2.027256291285238987e+00 1.773619992425870817e-01 0.000000000000000000e+00
2.036780932648611042e+00 2.140743581949076935e-01 0.000000000000000000e+00
2.057548120097851374e+00 2.526351988401075443e-01 0.000000000000000000e+00
2.097387791898308596e+00 2.947686884124546824e-01 0.000000000000000000e+00
2.106739119843914487e+00 3.336747541166975584e-01 0.000000000000000000e+00
2.118321489338762298e+00 3.735172904573151320e-01 0.000000000000000000e+00
2.139208826285989851e+00 4.547029316512432584e-01 0.000000000000000000e+00
2.183563240655630899e+00 5.041153557958515385e-01 0.000000000000000000e+00
2.211303988388228170e+00 5.513400682820948084e-01 0.000000000000000000e+00
2.235152241499842596e+00 5.989073001452753786e-01 0.000000000000000000e+00
2.270500098023621849e+00 6.510554898108416033e-01 0.000000000000000000e+00
2.298956657265014414e+00 7.028616499277196006e-01 0.000000000000000000e+00
2.338648059400189716e+00 7.598728830031330483e-01 0.000000000000000000e+00
2.349231530386988620e+00 8.550504175986394229e-01 0.000000000000000000e+00
2.380630020113495782e+00 9.138383140071699717e-01 0.000000000000000000e+00
2.425512880722188402e+00 9.799708853509715434e-01 0.000000000000000000e+00
2.454986469198709109e+00 1.042080002250973525e+00 0.000000000000000000e+00
2.510422804620054293e+00 1.117712319153265632e+00 0.000000000000000000e+00
2.545818558459450820e+00 1.187134766202775138e+00 0.000000000000000000e+00
2.570553781972939156e+00 1.309762649855922945e+00 0.000000000000000000e+00
2.606461174756349752e+00 1.385880070632900196e+00 0.000000000000000000e+00
2.664966152117308695e+00 1.477214943610879683e+00 0.000000000000000000e+00
2.701999123440151696e+00 1.560000007313248283e+00 0.000000000000000000e+00
2.762650213249019160e+00 1.659967806585160854e+00 0.000000000000000000e+00
2.812127432420957973e+00 1.757212338514961836e+00 0.000000000000000000e+00
2.805353030999202524e+00 1.821817653571845330e+00 0.000000000000000000e+00
2.909628051530263715e+00 2.037343595700910726e+00 0.000000000000000000e+00
2.878482488715201626e+00 2.091340045641506329e+00 0.000000000000000000e+00
2.596495446998168255e+00 2.028604667374815929e+00 0.000000000000000000e+00
2.573907405264153070e+00 2.084309216305879175e+00 0.000000000000000000e+00
2.567780923326372200e+00 2.154624124299711507e+00 0.000000000000000000e+00
2.548654273327834119e+00 2.215511459297193841e+00 0.000000000000000000e+00
2.490990582386328533e+00 2.322886400545904895e+00 0.000000000000000000e+00
2.469493545232996023e+00 2.384762301040072696e+00 0.000000000000000000e+00
2.455781832454237534e+00 2.455781939799877023e+00 0.000000000000000000e+00
5.216189464556943101e+00 5.401522547814228581e+00 0.000000000000000000e+00
1.600795672809426584e+00 5.974251208820863468e+00 0.000000000000000000e+00
5.408265940617978940e-01 3.848181643026642895e+00 0.000000000000000000e+00
4.102741486098702151e-01 3.903498398701513050e+00 0.000000000000000000e+00
5.035857762836055684e-01 5.756012852251141787e+00 0.000000000000000000e+00
4.017274263369186027e-01 5.744971196950888093e+00 0.000000000000000000e+00
2.944419951407083458e-01 5.618289694912595778e+00 0.000000000000000000e+00
1.430529704682059200e-01 4.096502979371905440e+00 0.000000000000000000e+00
-9.597087023565034625e-02 5.498162546632555880e+00 0.000000000000000000e+00
-1.904466303230832047e-01 5.453675518973374103e+00 0.000000000000000000e+00
-2.807824755908616132e-01 5.357647221075593436e+00 0.000000000000000000e+00
-3.856138623337242999e-01 5.514533942190102067e+00 0.000000000000000000e+00
-4.620126823298681962e-01 5.280828205415548204e+00 0.000000000000000000e+00
-5.537918624650918220e-01 5.268976853005502115e+00 0.000000000000000000e+00
-6.338425576160017227e-01 5.162232737320333165e+00 0.000000000000000000e+00
-7.245352186253489757e-01 5.155335407899765521e+00 0.000000000000000000e+00
-9.012341257289651075e-01 5.111152281488971383e+00 0.000000000000000000e+00
-9.715994773135053775e-01 4.998445611725897741e+00 0.000000000000000000e+00
-1.393071235073946479e+00 4.858216496974646859e+00 0.000000000000000000e+00
-1.561462928423815288e+00 4.805688530616483156e+00 0.000000000000000000e+00
-1.646723816951091601e+00 4.782433016597726017e+00 0.000000000000000000e+00
-8.600831420618691991e-01 2.240593101503408846e+00 0.000000000000000000e+00
-2.254981259161326523e+00 4.623396594525465808e+00 0.000000000000000000e+00
-2.331695333137318471e+00 4.576209619323949873e+00 0.000000000000000000e+00
-2.407919787563356451e+00 4.528638339952522074e+00 0.000000000000000000e+00
-2.716310945875140881e+00 4.520700456319318938e+00 0.000000000000000000e+00
-1.931834653445865690e+00 2.974764425066188434e+00 0.000000000000000000e+00
-3.050279444709816712e+00 4.356250406612290682e+00 0.000000000000000000e+00
-3.152292306027735691e+00 4.338758038563178765e+00 0.000000000000000000e+00
-3.288919240358822105e+00 4.364543148851115717e+00 0.000000000000000000e+00
-3.485805712824856961e+00 4.304611470594127631e+00 0.000000000000000000e+00
-1.625609913173644561e+00 1.937326413406133874e+00 0.000000000000000000e+00
-4.118189849907018640e+00 4.118189770115192161e+00 0.000000000000000000e+00
-4.216050652581956548e+00 4.071392711384810958e+00 0.000000000000000000e+00
-2.819502549768986288e+00 2.202836776343112479e+00 0.000000000000000000e+00
-2.329668510363223977e+00 1.631251423545419188e+00 0.000000000000000000e+00
-2.320476198973310478e+00 1.565180931650959728e+00 0.000000000000000000e+00
-9.065634241360820411e-01 5.664836893083474711e-01 0.000000000000000000e+00
-8.897396516690798673e-01 5.346095084358509775e-01 0.000000000000000000e+00
-8.807478048556900418e-01 5.084999732265431671e-01 0.000000000000000000e+00
-8.693720079535329770e-01 4.819007645367212045e-01 0.000000000000000000e+00
-8.617568636996494336e-01 4.582042440600314626e-01 0.000000000000000000e+00
-8.491292287624738755e-01 4.326529442051990082e-01 0.000000000000000000e+00
-8.421700033061083612e-01 4.107537483034585102e-01 0.000000000000000000e+00
-8.356157741579696152e-01 3.896540276603211450e-01 0.000000000000000000e+00
-8.294992710989637086e-01 3.693168631288143433e-01 0.000000000000000000e+00
-8.247723765016867770e-01 3.500950963956895867e-01 0.000000000000000000e+00
-8.252851021807929843e-01 3.167972632769651686e-01 0.000000000000000000e+00
-8.344470599275636280e-01 3.037138859238283639e-01 0.000000000000000000e+00
-8.632584496346070724e-01 2.972437156545682524e-01 0.000000000000000000e+00
-8.949441690773369817e-01 2.907849815885171774e-01 0.000000000000000000e+00
-9.257030004265996981e-01 2.830158031744284264e-01 0.000000000000000000e+00
-9.689518066925469908e-01 2.778424535444069532e-01 0.000000000000000000e+00
-1.009107519696115229e+00 2.515987566484638727e-01 0.000000000000000000e+00
