-8.075339453234393616e+00 -1.279008542391638192e+00 0.000000000000000000e+00
-6.950181490696070163e+00 -1.604576198574893642e+00 0.000000000000000000e+00
-6.927911269034797037e+00 -1.727322651329221248e+00 0.000000000000000000e+00
-6.896710177882952486e+00 -1.847968294019147972e+00 0.000000000000000000e+00
-6.896091102220435864e+00 -1.977422677328425138e+00 0.000000000000000000e+00
-7.386488361655835888e+00 -2.835407646215986066e+00 0.000000000000000000e+00
-7.372038878884831448e+00 -2.978497467724995129e+00 0.000000000000000000e+00
-4.092564584336433775e+00 -1.737190837231951335e+00 0.000000000000000000e+00
-4.018568649924683989e+00 -1.873889575497296400e+00 0.000000000000000000e+00
-2.941425293474168701e+00 -1.984016616153264412e+00 0.000000000000000000e+00
-2.870308625449865314e+00 -2.009811939900653766e+00 0.000000000000000000e+00
-2.780050068789361895e+00 -2.094918194873813366e+00 0.000000000000000000e+00
-2.791134030069722716e+00 -2.180673111226170136e+00 0.000000000000000000e+00
-3.322334537328489823e+00 -2.787769950263319529e+00 0.000000000000000000e+00
-3.331287977684377566e+00 -2.895844732167258240e+00 0.000000000000000000e+00
-3.313682719985036940e+00 -2.983653602185953879e+00 0.000000000000000000e+00
-3.253573601243691105e+00 -3.141939796019272535e+00 0.000000000000000000e+00
-3.271075767422088720e+00 -3.271076069614706761e+00 0.000000000000000000e+00
-3.190565698302583630e+00 -3.303927803252395545e+00 0.000000000000000000e+00
-3.193798222732919800e+00 -3.424929595513243274e+00 0.000000000000000000e+00
-3.158296161023569137e+00 -3.507643564941143044e+00 0.000000000000000000e+00
-3.033616838291559148e+00 -3.489777292137997478e+00 0.000000000000000000e+00
-2.257630533331124845e+00 -2.889635579210183991e+00 0.000000000000000000e+00
-2.331156213374125930e+00 -3.208561569343646891e+00 0.000000000000000000e+00
-2.156647257103301740e+00 -3.080011775417830222e+00 0.000000000000000000e+00
-2.043849910726607266e+00 -3.030132395338867024e+00 0.000000000000000000e+00
3.797479145534345069e+00 -5.629993928656266355e+00 0.000000000000000000e+00
1.817803479502681174e+00 -2.166373674663411020e+00 0.000000000000000000e+00
3.196746993691602423e+00 -2.981014596453302801e+00 0.000000000000000000e+00
3.162987931260260677e+00 -2.749543274582665564e+00 0.000000000000000000e+00
3.111672460142071106e+00 -2.611003036821597068e+00 0.000000000000000000e+00
2.948491787399649233e+00 -2.387641409300744311e+00 0.000000000000000000e+00
2.875451258609191374e+00 -2.246548584902873014e+00 0.000000000000000000e+00
2.840746517301513396e+00 -2.140655896709073414e+00 0.000000000000000000e+00
2.658723567764061269e+00 -1.793331564524405008e+00 0.000000000000000000e+00
2.634885583316652902e+00 -1.646459128588886323e+00 0.000000000000000000e+00
2.581788031495544811e+00 -1.551294641897716708e+00 0.000000000000000000e+00
2.539186463077309330e+00 -1.465999879656393112e+00 0.000000000000000000e+00
2.492666125958881818e+00 -1.381707292049509039e+00 0.000000000000000000e+00
2.466072653297431305e+00 -1.311233988565168707e+00 0.000000000000000000e+00
2.421755713942780552e+00 -1.233946072347447132e+00 0.000000000000000000e+00
2.388994604856842230e+00 -1.165190429675354578e+00 0.000000000000000000e+00
2.341899456166613103e+00 -1.092045561743117066e+00 0.000000000000000000e+00
2.331638817502277305e+00 -9.897218730866100822e-01 0.000000000000000000e+00
2.292925746962557021e+00 -9.264020532110270878e-01 0.000000000000000000e+00
2.332083845690843482e+00 -8.952030326921591730e-01 0.000000000000000000e+00
2.387758872093938667e+00 -8.690730731844356072e-01 0.000000000000000000e+00
2.467803409049418306e+00 -8.497327736908152351e-01 0.000000000000000000e+00
2.535516592253783230e+00 -8.238391958062977194e-01 0.000000000000000000e+00
2.623143999040904895e+00 -8.019755156581304112e-01 0.000000000000000000e+00
2.698261528617965421e+00 -7.737139549977006814e-01 0.000000000000000000e+00
2.799303181874202462e+00 -6.979445829877617413e-01 0.000000000000000000e+00
2.875366056735160658e+00 -6.638304704004367451e-01 0.000000000000000000e+00
2.976503150945145393e+00 -6.326751835977992844e-01 0.000000000000000000e+00
3.055805357170365610e+00 -5.939882966710603451e-01 0.000000000000000000e+00
3.165172121380469328e+00 -5.581051479898734291e-01 0.000000000000000000e+00
3.294928285531543377e+00 -5.218652739349695091e-01 0.000000000000000000e+00
3.320066917412686891e+00 -4.076528612732281398e-01 0.000000000000000000e+00
3.338610124757131814e+00 -3.509019669645119799e-01 0.000000000000000000e+00
3.356179904471450648e+00 -2.936275976203057692e-01 0.000000000000000000e+00
3.390720143185936397e+00 -2.371021527641126447e-01 0.000000000000000000e+00
3.409321271001929610e+00 -1.786748597720702048e-01 0.000000000000000000e+00
3.434906312065965306e+00 -1.199494745322708666e-01 0.000000000000000000e+00
3.455473725785570771e+00 -6.031542119978026278e-02 0.000000000000000000e+00
3.494999885559080699e+00 9.764916875099059821e-08 0.000000000000000000e+00
3.484875799011265318e+00 1.216946410262252781e-01 0.000000000000000000e+00
3.558116991006224250e+00 1.864731081664458279e-01 0.000000000000000000e+00
3.575269659638032227e+00 2.500073075742204054e-01 0.000000000000000000e+00
3.624156314413746749e+00 3.170726919212340511e-01 0.000000000000000000e+00
3.647906284737383320e+00 3.834105004335543465e-01 0.000000000000000000e+00
3.691279226055825813e+00 4.532322000831856545e-01 0.000000000000000000e+00
3.707563593820354608e+00 5.210641837325905579e-01 0.000000000000000000e+00
3.750147992294421861e+00 6.612523754989605429e-01 0.000000000000000000e+00
3.793989053878655593e+00 7.374768693104679640e-01 0.000000000000000000e+00
3.813797404897329990e+00 8.106477681945027935e-01 0.000000000000000000e+00
3.864351731635205844e+00 8.921560007250679547e-01 0.000000000000000000e+00
3.882153105292410533e+00 9.679295878779407003e-01 0.000000000000000000e+00
3.943875298222182302e+00 1.056758310737222484e+00 0.000000000000000000e+00
4.013267734225381744e+00 1.150786116557555250e+00 0.000000000000000000e+00
3.989682216053630270e+00 1.296326446210358974e+00 0.000000000000000000e+00
4.042091965547459864e+00 1.391803993904393355e+00 0.000000000000000000e+00
4.052894426209703305e+00 1.475133049590452661e+00 0.000000000000000000e+00
4.123624533162617567e+00 1.582911271027438449e+00 0.000000000000000000e+00
4.180671795374168553e+00 1.689101168349520510e+00 0.000000000000000000e+00
5.836622025491906562e-01 2.721661722758104140e-01 0.000000000000000000e+00
5.734306049936896965e-01 2.796808106739397393e-01 0.000000000000000000e+00
5.622250940847505207e-01 2.864680109819582876e-01 0.000000000000000000e+00
5.571399083608367109e-01 2.962365612922287506e-01 0.000000000000000000e+00
5.562581067332923457e-01 3.083389209721356106e-01 0.000000000000000000e+00
5.481940870767667562e-01 3.165000211991288448e-01 0.000000000000000000e+00
5.427507614002795577e-01 3.391483343448264409e-01 0.000000000000000000e+00
5.367491433040587623e-01 3.485689872203383555e-01 0.000000000000000000e+00
5.347292100660648861e-01 3.606794245549990729e-01 0.000000000000000000e+00
5.316296591206179922e-01 3.722511132391670419e-01 0.000000000000000000e+00
5.274790795914131580e-01 3.832360025507838830e-01 0.000000000000000000e+00
5.247035252208488432e-01 3.953924854028191271e-01 0.000000000000000000e+00
5.208751093757592043e-01 4.069522552872699706e-01 0.000000000000000000e+00
5.101855960465113693e-01 4.280965650636708308e-01 0.000000000000000000e+00
5.064101213491825071e-01 4.402156222971080335e-01 0.000000000000000000e+00
5.031090264873854245e-01 4.530014224518812416e-01 0.000000000000000000e+00
5.046340419614721018e-01 4.705788779826935997e-01 0.000000000000000000e+00
4.963444499780798602e-01 4.793142848755721497e-01 0.000000000000000000e+00
4.935605322591702926e-01 4.935605538333875941e-01 0.000000000000000000e+00
4.835368202380539993e-01 5.185297786080181881e-01 0.000000000000000000e+00
1.958515000104119164e+00 3.843802298950382834e+00 0.000000000000000000e+00
1.924887539131389325e+00 3.946604509278892170e+00 0.000000000000000000e+00
1.840502462350344315e+00 3.946970465079816304e+00 0.000000000000000000e+00
1.795742186964563114e+00 4.033303194791826307e+00 0.000000000000000000e+00
2.389955792960766878e+00 6.226048047680819764e+00 0.000000000000000000e+00
8.685240639053974920e-01 5.483645726951918320e+00 0.000000000000000000e+00
7.455501949187155475e-01 5.304865932153674635e+00 0.000000000000000000e+00
-8.513291106954781751e-02 4.877256838237068237e+00 0.000000000000000000e+00
-1.064513620174264152e-01 2.031212392056203520e+00 0.000000000000000000e+00
-5.060223710794532481e-01 4.814480567577255066e+00 0.000000000000000000e+00
-5.737609603437051620e-01 4.672907455161785073e+00 0.000000000000000000e+00
-6.518868751594231181e-01 4.638415639519513078e+00 0.000000000000000000e+00
-7.260123867449235213e-01 4.583861374677456801e+00 0.000000000000000000e+00
-8.100688084381039156e-01 4.594128118553554074e+00 0.000000000000000000e+00
-1.195226419487828373e+00 4.460645478853780155e+00 0.000000000000000000e+00
-1.255528168015681789e+00 4.378546842901657854e+00 0.000000000000000000e+00
-1.306609165836040587e+00 4.273725805465971028e+00 0.000000000000000000e+00
-1.378524857886532784e+00 4.242663068153817107e+00 0.000000000000000000e+00
-1.449103980602200137e+00 4.208503362844714601e+00 0.000000000000000000e+00
-1.589003547286236717e+00 4.139495604784078076e+00 0.000000000000000000e+00
-1.665875583689380601e+00 4.123186604698238611e+00 0.000000000000000000e+00
-1.736018393061545373e+00 4.089802894426727953e+00 0.000000000000000000e+00
-1.810791643330119216e+00 4.067104483682489224e+00 0.000000000000000000e+00
-1.874312016445810025e+00 4.019474960422240173e+00 0.000000000000000000e+00
-7.797922896340472310e-01 1.466575954180612928e+00 0.000000000000000000e+00
-7.810282867115672101e-01 1.409012288065416119e+00 0.000000000000000000e+00
-7.990000410090244420e-01 1.383908628833790289e+00 0.000000000000000000e+00
-8.261210738335690307e-01 1.374896317052977768e+00 0.000000000000000000e+00
-8.981098108711403905e-01 1.382967797175016944e+00 0.000000000000000000e+00
-9.668445306537771788e-01 1.433405929214927710e+00 0.000000000000000000e+00
-9.825364848746860336e-01 1.403207489454773471e+00 0.000000000000000000e+00
-2.698522180862984676e+00 3.714197056558529386e+00 0.000000000000000000e+00
-2.840046372664942975e+00 3.635093510053898580e+00 0.000000000000000000e+00
-2.932632964287440025e+00 3.621500031016918975e+00 0.000000000000000000e+00
-3.010817210766545404e+00 3.588152152054912225e+00 0.000000000000000000e+00
-3.085445694695486019e+00 3.549399176049921056e+00 0.000000000000000000e+00
-2.906852080405692984e+00 2.807114370409583337e+00 0.000000000000000000e+00
-2.887384405870212056e+00 2.692529467115881481e+00 0.000000000000000000e+00
-3.683768766256555693e+00 3.316880233480853146e+00 0.000000000000000000e+00
-2.342913156061574576e+00 1.702226016978992007e+00 0.000000000000000000e+00
-4.923354392732962381e+00 2.842499933678173107e+00 0.000000000000000000e+00
-2.158825128093347701e+00 1.006676671492390263e+00 0.000000000000000000e+00
-5.695042588493667957e+00 2.535596277716984925e+00 0.000000000000000000e+00
-5.807465151026439010e+00 2.465122656613428553e+00 0.000000000000000000e+00
-4.363932591133605321e+00 1.588341536343698124e+00 0.000000000000000000e+00
-6.661619018667445324e+00 2.036661279202266250e+00 0.000000000000000000e+00
-2.781931549237326884e+00 5.407526998429484921e-01 0.000000000000000000e+00
-3.934950319909638061e+00 6.232348846792996611e-01 0.000000000000000000e+00
