-4.474858879738248696e+00 -2.345176492405531277e-01 0.000000000000000000e+00
-4.438162325582682755e+00 -3.103467730459939511e-01 0.000000000000000000e+00
-4.379955496760643996e+00 -6.155628301304327810e-01 0.000000000000000000e+00
-4.359656334040323600e+00 -6.905019566571943823e-01 0.000000000000000000e+00
-4.343002001517382915e+00 -7.657886581758954758e-01 0.000000000000000000e+00
-4.325049462378338205e+00 -8.407046794950731039e-01 0.000000000000000000e+00
-1.448636528851051875e+00 -3.079172763755114728e-01 0.000000000000000000e+00
-1.398196109194247416e+00 -3.486095183127377872e-01 0.000000000000000000e+00
-1.397694677614990777e+00 -3.745112354053822257e-01 0.000000000000000000e+00
-1.414015892236952343e+00 -4.054626091746137972e-01 0.000000000000000000e+00
-1.473665614630092380e+00 -4.505448731368845716e-01 0.000000000000000000e+00
-1.494109743856135486e+00 -4.854657664437477815e-01 0.000000000000000000e+00
-1.457044108176061892e+00 -5.017006012378729674e-01 0.000000000000000000e+00
-1.492231910446253362e+00 -5.431280817964082575e-01 0.000000000000000000e+00
-4.028613573315881879e+00 -1.627665768412092095e+00 0.000000000000000000e+00
-4.007878132563298834e+00 -1.701243566266200657e+00 0.000000000000000000e+00
-3.973009087647775051e+00 -1.768897846227070358e+00 0.000000000000000000e+00
-3.955592524262313781e+00 -1.929271619928590198e+00 0.000000000000000000e+00
-3.920428694270114534e+00 -1.997558432781611604e+00 0.000000000000000000e+00
-3.903511210754819771e+00 -2.075533970148643270e+00 0.000000000000000000e+00
-3.864069956082938795e+00 -2.141889196360029501e+00 0.000000000000000000e+00
-3.839956546691801531e+00 -2.217000192790634649e+00 0.000000000000000000e+00
-3.802393924881322107e+00 -2.284709016336615939e+00 0.000000000000000000e+00
-3.765333482643313356e+00 -2.352841744062454943e+00 0.000000000000000000e+00
-3.765630541192694025e+00 -2.445429322609422584e+00 0.000000000000000000e+00
-3.677992368926700006e+00 -2.575358242800043218e+00 0.000000000000000000e+00
-2.869935027377729764e+00 -2.242239203759205601e+00 0.000000000000000000e+00
-1.720390781199381713e+00 -1.720390940134677082e+00 0.000000000000000000e+00
-1.824172743477055603e+00 -1.888986347566966373e+00 0.000000000000000000e+00
-1.853671407139277694e+00 -1.987819398695588546e+00 0.000000000000000000e+00
-1.534976736025196464e+00 -1.829314208800231434e+00 0.000000000000000000e+00
-3.258080226012889380e+00 -4.170152911210277757e+00 0.000000000000000000e+00
-1.171509071125691026e+00 -1.736833790593412585e+00 0.000000000000000000e+00
1.764630575503531418e+00 -2.717292585239243330e+00 0.000000000000000000e+00
1.777674278260787055e+00 -2.635510297800033985e+00 0.000000000000000000e+00
1.788411436400255461e+00 -2.554116035825388042e+00 0.000000000000000000e+00
2.793499388944308937e+00 -3.213553218300082115e+00 0.000000000000000000e+00
2.840459456029679863e+00 -3.154649601310452134e+00 0.000000000000000000e+00
3.037023782474845834e+00 -3.037023575813526666e+00 0.000000000000000000e+00
3.080932460187998601e+00 -2.975221690968008481e+00 0.000000000000000000e+00
2.702088865790376548e+00 -2.111103048451365538e+00 0.000000000000000000e+00
2.708589001848128230e+00 -1.967904964963788750e+00 0.000000000000000000e+00
2.835904354710437225e+00 -1.985721468729036765e+00 0.000000000000000000e+00
2.819556865113197475e+00 -1.901814985764510801e+00 0.000000000000000000e+00
2.725382060475489698e+00 -1.573499949992886338e+00 0.000000000000000000e+00
2.720361658639284919e+00 -1.446441840725091632e+00 0.000000000000000000e+00
2.666782597011524203e+00 -1.358793495331314993e+00 0.000000000000000000e+00
2.636163057096743145e+00 -1.285742529074030305e+00 0.000000000000000000e+00
2.614697995144128484e+00 -1.219253599200045057e+00 0.000000000000000000e+00
2.589901443224525313e+00 -1.153098317870967726e+00 0.000000000000000000e+00
2.559003499988652397e+00 -1.086232446566088417e+00 0.000000000000000000e+00
2.531211972267032984e+00 -1.022675928920433908e+00 0.000000000000000000e+00
2.515065704040701622e+00 -9.654431807147596523e-01 0.000000000000000000e+00
2.525480145562578826e+00 -8.695924647484752912e-01 0.000000000000000000e+00
2.617307647559961037e+00 -8.504147179044175830e-01 0.000000000000000000e+00
2.710167809246326609e+00 -8.285813615779678010e-01 0.000000000000000000e+00
2.793426415335774848e+00 -8.010020440500089656e-01 0.000000000000000000e+00
2.892947762424150415e+00 -7.751629237676533890e-01 0.000000000000000000e+00
2.997243507805415152e+00 -7.472966428621861112e-01 0.000000000000000000e+00
3.087778669126919784e+00 -7.128697793512812630e-01 0.000000000000000000e+00
3.230534970611230516e+00 -6.279522876111892637e-01 0.000000000000000000e+00
3.367057636655824027e+00 -5.937030052497250798e-01 0.000000000000000000e+00
3.498392173175426390e+00 -5.540907818245955907e-01 0.000000000000000000e+00
3.600614631412263567e+00 -5.060332791819542875e-01 0.000000000000000000e+00
3.728995874652207831e+00 -4.578630117379295372e-01 0.000000000000000000e+00
4.043726023611685427e+00 -4.250126137906404811e-01 0.000000000000000000e+00
4.150863796878889289e+00 -2.902565533308402168e-01 0.000000000000000000e+00
4.366008549572510944e+00 -2.288126883182451943e-01 0.000000000000000000e+00
1.500771436424299443e+00 2.619610460608007632e-02 0.000000000000000000e+00
7.029280577080639247e+00 7.388073523222031813e-01 0.000000000000000000e+00
6.498569296131998740e+00 2.111513344899774935e+00 0.000000000000000000e+00
6.400246259508454827e+00 2.329499313345817502e+00 0.000000000000000000e+00
6.397826754278196582e+00 2.455895777606306840e+00 0.000000000000000000e+00
3.707167506506525712e+00 1.650537424835953892e+00 0.000000000000000000e+00
1.279119502099698602e+00 7.385000295964182504e-01 0.000000000000000000e+00
1.267750395941923625e+00 7.617413286549482576e-01 0.000000000000000000e+00
1.286666330297218774e+00 8.678674418189303852e-01 0.000000000000000000e+00
3.303795164742288737e+00 3.421180192355393057e+00 0.000000000000000000e+00
3.163108328556996973e+00 3.392018544756021825e+00 0.000000000000000000e+00
2.944174661653918168e+00 3.269837366125178502e+00 0.000000000000000000e+00
2.779066018703798768e+00 3.196949887122985334e+00 0.000000000000000000e+00
2.641214353945316784e+00 3.147676830516294544e+00 0.000000000000000000e+00
2.543712839285960481e+00 3.141223887440559803e+00 0.000000000000000000e+00
2.409698971071679630e+00 3.084274167056026084e+00 0.000000000000000000e+00
2.234539154945424322e+00 2.965333742447701759e+00 0.000000000000000000e+00
2.111324570742595164e+00 2.905989093542535873e+00 0.000000000000000000e+00
1.929215485380903816e+00 2.860179704141710744e+00 0.000000000000000000e+00
1.050608676718218337e+00 1.617795563620193944e+00 0.000000000000000000e+00
1.768870478450009776e+00 2.830784630664310964e+00 0.000000000000000000e+00
1.666148062948532571e+00 2.772936161112053544e+00 0.000000000000000000e+00
1.581499999092960573e+00 2.739238476029181690e+00 0.000000000000000000e+00
1.501455284155124748e+00 2.708697160817632454e+00 0.000000000000000000e+00
1.417334620990778449e+00 2.665618857714830092e+00 0.000000000000000000e+00
1.295386654091874146e+00 2.655936363225490648e+00 0.000000000000000000e+00
1.223902397042360146e+00 2.624667291722997398e+00 0.000000000000000000e+00
1.157165711762887295e+00 2.599036875135190439e+00 0.000000000000000000e+00
1.110067117961443195e+00 2.615154383358291756e+00 0.000000000000000000e+00
1.084486030475770635e+00 2.684197261616109387e+00 0.000000000000000000e+00
1.060052323537965302e+00 2.761530869668018529e+00 0.000000000000000000e+00
1.042477377208768985e+00 2.864183218824346788e+00 0.000000000000000000e+00
9.610427662415215178e-01 2.957785683404206445e+00 0.000000000000000000e+00
9.323732794668824209e-01 3.049655779645831011e+00 0.000000000000000000e+00
9.087762863613952913e-01 3.169279761802853201e+00 0.000000000000000000e+00
8.846434329511471129e-01 3.301534473421214422e+00 0.000000000000000000e+00
8.476942496647981162e-01 3.399916189876503569e+00 0.000000000000000000e+00
8.089239201323599193e-01 3.503834724402924650e+00 0.000000000000000000e+00
7.713523177431294009e-01 3.628927649452775572e+00 0.000000000000000000e+00
7.124807192883189089e-01 3.665395883461028070e+00 0.000000000000000000e+00
5.861598743513859455e-01 3.700868201445437933e+00 0.000000000000000000e+00
5.274659840771905861e-01 3.753115951644370174e+00 0.000000000000000000e+00
4.648095992101439200e-01 3.785570922222242451e+00 0.000000000000000000e+00
4.004484889677628057e-01 3.810013476950755873e+00 0.000000000000000000e+00
3.378155890642075554e-01 3.861250583156456528e+00 0.000000000000000000e+00
2.710735880125232922e-01 3.876533821915363998e+00 0.000000000000000000e+00
1.358636743215752563e-01 3.890628379299863937e+00 0.000000000000000000e+00
6.935579957786920657e-02 3.973394718770038914e+00 0.000000000000000000e+00
-6.289758917681670150e-08 3.987999916076659268e+00 0.000000000000000000e+00
-7.029835397323760948e-02 4.027386392939003024e+00 0.000000000000000000e+00
-1.426343026107264322e-01 4.084510201069569746e+00 0.000000000000000000e+00
-2.160428793354444710e-01 4.122342499007389804e+00 0.000000000000000000e+00
-2.924191955075382543e-01 4.181788406711060446e+00 0.000000000000000000e+00
-3.685817076560423677e-01 4.212907463870336322e+00 0.000000000000000000e+00
-5.218445993728674237e-01 4.250082677958102906e+00 0.000000000000000000e+00
-6.001144459292496736e-01 4.270035703386536596e+00 0.000000000000000000e+00
-6.883117243489433879e-01 4.345828782793587308e+00 0.000000000000000000e+00
-7.725607850839858459e-01 4.381409565552159435e+00 0.000000000000000000e+00
-8.620751284829371031e-01 4.434991726074366980e+00 0.000000000000000000e+00
-2.074958866021259785e-01 9.761913277829376012e-01 0.000000000000000000e+00
-2.227015594641144902e-01 9.646263703087343266e-01 0.000000000000000000e+00
-2.562308702624451762e-01 9.562665737163994484e-01 0.000000000000000000e+00
-2.715028123078963018e-01 9.468427805554520127e-01 0.000000000000000000e+00
-2.868166567851749837e-01 9.381349676633868873e-01 0.000000000000000000e+00
-3.031456858416687328e-01 9.329864443376404415e-01 0.000000000000000000e+00
-3.203590851185618149e-01 9.303902998589808071e-01 0.000000000000000000e+00
-3.365478424116358225e-01 9.246575599960011882e-01 0.000000000000000000e+00
-3.537091740166079523e-01 9.214438656944068384e-01 0.000000000000000000e+00
-3.701113169080614829e-01 9.160576210276510922e-01 0.000000000000000000e+00
-4.034827546893522410e-01 9.062370741162407706e-01 0.000000000000000000e+00
-4.183920942721019443e-01 8.972447126249092353e-01 0.000000000000000000e+00
-4.374944267772664652e-01 8.969964759876416505e-01 0.000000000000000000e+00
-4.558064492020930669e-01 8.945704988747218422e-01 0.000000000000000000e+00
-4.349500267551828614e+00 7.533555247104010810e+00 0.000000000000000000e+00
-4.462289739116580556e+00 7.426497062306727237e+00 0.000000000000000000e+00
-3.770828051906028211e+00 2.739666896701636212e+00 0.000000000000000000e+00
-3.847563224733614895e+00 2.595214118265470660e+00 0.000000000000000000e+00
-3.921623695430555223e+00 2.546732160507680476e+00 0.000000000000000000e+00
-3.951904018269940089e+00 2.469423659128337167e+00 0.000000000000000000e+00
-2.230189356980698978e+00 1.136338214195084850e+00 0.000000000000000000e+00
-5.528552204215678501e+00 2.346731136987262545e+00 0.000000000000000000e+00
-5.493564529754971559e+00 2.219544101302382000e+00 0.000000000000000000e+00
-5.466113428466611524e+00 2.098244316205218674e+00 0.000000000000000000e+00
-5.421086791944798478e+00 1.973114190916821276e+00 0.000000000000000000e+00
-5.289321746104422850e+00 1.617107907754274709e+00 0.000000000000000000e+00
-5.252334131640885140e+00 1.506082543931088757e+00 0.000000000000000000e+00
-5.175430393461502021e+00 1.386752363172168101e+00 0.000000000000000000e+00
-5.151300032664361872e+00 1.284363319115730429e+00 0.000000000000000000e+00
-1.834661166488510853e+00 3.566219950119410287e-01 0.000000000000000000e+00
-4.864196934407506667e+00 6.836182740778526945e-01 0.000000000000000000e+00
-4.816826639415749511e+00 5.914319216183885342e-01 0.000000000000000000e+00
-4.784644711847779952e+00 5.028864020994221473e-01 0.000000000000000000e+00
-2.143810941693786276e+00 1.875591448958473795e-01 0.000000000000000000e+00
-4.461106555827784703e+00 3.119509406096584447e-01 0.000000000000000000e+00
-4.676582199856112787e+00 2.450892689275187553e-01 0.000000000000000000e+00
-4.648292102906543377e+00 8.113622307653756138e-02 0.000000000000000000e+00
-4.589000225067137784e+00 -1.653760283022078696e-08 0.000000000000000000e+00
