-4.248410325507699703e+00 -1.483579788923008735e-01 0.000000000000000000e+00
-4.297102849701430749e+00 -2.252018412066233433e-01 0.000000000000000000e+00
-4.323442688542109558e+00 -3.023247885964109316e-01 0.000000000000000000e+00
-4.384252869310666156e+00 -3.835726520530109429e-01 0.000000000000000000e+00
-4.431589393831790069e+00 -4.657790448387583715e-01 0.000000000000000000e+00
-4.535936054795234540e+00 -5.569431531077936315e-01 0.000000000000000000e+00
-4.610688230880163552e+00 -6.479902132221988520e-01 0.000000000000000000e+00
-4.629581415718049264e+00 -8.163203560624925359e-01 0.000000000000000000e+00
-1.058355709390023547e+00 -2.249605066429716249e-01 0.000000000000000000e+00
-1.048889638242631372e+00 -2.615176148370946807e-01 0.000000000000000000e+00
-1.039336151142969733e+00 -2.784893383369165254e-01 0.000000000000000000e+00
-1.033356354121403697e+00 -2.963102224306677912e-01 0.000000000000000000e+00
-1.028027642552608478e+00 -3.142996478962680751e-01 0.000000000000000000e+00
-1.023336771379048660e+00 -3.325023292903679928e-01 0.000000000000000000e+00
-1.017377946487367568e+00 -3.503113766938814044e-01 0.000000000000000000e+00
-1.015807676960779782e+00 -3.697238151788239113e-01 0.000000000000000000e+00
-1.006921614170342760e+00 -4.068227972310431428e-01 0.000000000000000000e+00
-1.003350300048667210e+00 -4.258969924261035711e-01 0.000000000000000000e+00
-9.994186922904959580e-01 -4.449699291572480897e-01 0.000000000000000000e+00
-9.987511568138153217e-01 -4.657253724667240746e-01 0.000000000000000000e+00
-1.000357781455219586e+00 -4.879071506224479937e-01 0.000000000000000000e+00
-2.960322951200785813e+00 -3.655694734069736551e+00 0.000000000000000000e+00
-2.839964841598891176e+00 -3.768760990348173134e+00 0.000000000000000000e+00
-2.777285089105351990e+00 -3.822605346175675489e+00 0.000000000000000000e+00
2.001003937985144532e+00 -3.081275616098877457e+00 0.000000000000000000e+00
1.589854333002719278e+00 -1.765711996734206313e+00 0.000000000000000000e+00
1.651203069911099552e+00 -1.709870716231319587e+00 0.000000000000000000e+00
3.687335885069379593e+00 -3.560818631666371914e+00 0.000000000000000000e+00
3.896308460597577739e+00 -3.508251658573406928e+00 0.000000000000000000e+00
1.534324615493286359e+00 -1.333767949558790855e+00 0.000000000000000000e+00
4.283628719979360788e+00 -3.468813906011519066e+00 0.000000000000000000e+00
4.360063606370149003e+00 -3.406454794060777225e+00 0.000000000000000000e+00
4.493123433177173887e+00 -3.385811128621570631e+00 0.000000000000000000e+00
1.580894045843519891e+00 -1.026644524586278084e+00 0.000000000000000000e+00
3.576101988713039415e+00 -2.148738698256638990e+00 0.000000000000000000e+00
3.362220299195681772e+00 -1.223747993273135881e+00 0.000000000000000000e+00
3.055850862425607772e+00 -8.762510348140570837e-01 0.000000000000000000e+00
6.778447784636662199e+00 4.739954301351976262e-01 0.000000000000000000e+00
6.757776335634842368e+00 7.102710992067919893e-01 0.000000000000000000e+00
6.736410886817136401e+00 8.271274373786101641e-01 0.000000000000000000e+00
6.695202542370148890e+00 9.409495371783241913e-01 0.000000000000000000e+00
6.551336633710324264e+00 1.037629965570186386e+00 0.000000000000000000e+00
6.938140739659623968e+00 1.348638132281560154e+00 0.000000000000000000e+00
7.121000507275894620e+00 1.775465031734496435e+00 0.000000000000000000e+00
6.981711982385983895e+00 1.870744281363530881e+00 0.000000000000000000e+00
3.911373588180666605e+00 1.121568437500970017e+00 0.000000000000000000e+00
3.743933053765235108e+00 1.144635308835669996e+00 0.000000000000000000e+00
2.752428246782140597e+00 1.525695977088828315e+00 0.000000000000000000e+00
2.679482649907039438e+00 1.547000114540669546e+00 0.000000000000000000e+00
2.600115411510135921e+00 1.624732517450359293e+00 0.000000000000000000e+00
2.570525299549424325e+00 1.669318733836578916e+00 0.000000000000000000e+00
2.541829144782601801e+00 1.714485492842343195e+00 0.000000000000000000e+00
3.313470027800760054e+00 2.320116805698379636e+00 0.000000000000000000e+00
3.292699250787006537e+00 2.392286153701166818e+00 0.000000000000000000e+00
3.264023187842835849e+00 2.459618010209494887e+00 0.000000000000000000e+00
3.241876059337281735e+00 2.532831287120267394e+00 0.000000000000000000e+00
3.166827533558278951e+00 2.657283937004293772e+00 0.000000000000000000e+00
2.398466979099355356e+00 2.084955630330416643e+00 0.000000000000000000e+00
3.084051034785788570e+00 2.776892148857495801e+00 0.000000000000000000e+00
3.057058284146918492e+00 2.850753095629226408e+00 0.000000000000000000e+00
3.108986570248535308e+00 3.002313564042562888e+00 0.000000000000000000e+00
2.367716956297691855e+00 2.723746901020224431e+00 0.000000000000000000e+00
2.074918303880393111e+00 2.472791449350764115e+00 0.000000000000000000e+00
2.222130179431052177e+00 2.744102358106898620e+00 0.000000000000000000e+00
2.132651285232645577e+00 2.729669284564848031e+00 0.000000000000000000e+00
2.019691129878715241e+00 2.680220771024239834e+00 0.000000000000000000e+00
1.919706598512990414e+00 2.642249569481526006e+00 0.000000000000000000e+00
1.818810828598190765e+00 2.597531172857560744e+00 0.000000000000000000e+00
1.732379590369737210e+00 2.568358476174347871e+00 0.000000000000000000e+00
1.598236466704765268e+00 2.557713117627195221e+00 0.000000000000000000e+00
1.521937421500307197e+00 2.532929338560352406e+00 0.000000000000000000e+00
1.448499987448061743e+00 2.508875687904625895e+00 0.000000000000000000e+00
1.378798560006240681e+00 2.487418562671283695e+00 0.000000000000000000e+00
1.310764581053679656e+00 2.465189753735720135e+00 0.000000000000000000e+00
1.244387883777192227e+00 2.442248850886762579e+00 0.000000000000000000e+00
1.169574165858464188e+00 2.397982522654817927e+00 0.000000000000000000e+00
1.119515699546553389e+00 2.400809285340856025e+00 0.000000000000000000e+00
1.015119446037803241e+00 2.391471674085034138e+00 0.000000000000000000e+00
9.646119511523129075e-01 2.387498487803765279e+00 0.000000000000000000e+00
9.425077026204334851e-01 2.455316646068362640e+00 0.000000000000000000e+00
9.268745544099742384e-01 2.546567055300901661e+00 0.000000000000000000e+00
9.076840010534693581e-01 2.636105906410558308e+00 0.000000000000000000e+00
8.822434754022520087e-01 2.715266388224139682e+00 0.000000000000000000e+00
8.123032441463191589e-01 2.832838258167265977e+00 0.000000000000000000e+00
7.888804222441841985e-01 2.944142026531143763e+00 0.000000000000000000e+00
7.610862074861473037e-01 3.052550279475271910e+00 0.000000000000000000e+00
7.373895263235057396e-01 3.193985198658197966e+00 0.000000000000000000e+00
7.071076073652889926e-01 3.326680024783201794e+00 0.000000000000000000e+00
6.769902740473274783e-01 3.482813354043994281e+00 0.000000000000000000e+00
6.346840227682004620e-01 3.599472319952189636e+00 0.000000000000000000e+00
5.896014438497514387e-01 3.722597418467772368e+00 0.000000000000000000e+00
4.961300415374934047e-01 4.040655490069019251e+00 0.000000000000000000e+00
-2.266395181256397172e-08 1.437000036239623801e+00 0.000000000000000000e+00
-2.502677351671215092e-02 1.433781609719398942e+00 0.000000000000000000e+00
-3.634733316627183353e-01 6.935482284711466328e+00 0.000000000000000000e+00
-4.859237075297730413e-01 6.949031246622376479e+00 0.000000000000000000e+00
-6.025077628833674925e-01 6.886694045218025195e+00 0.000000000000000000e+00
-1.882051973764431674e+00 6.563494900259505549e+00 0.000000000000000000e+00
-1.985496301927442531e+00 6.494265465201368492e+00 0.000000000000000000e+00
-1.443506105654633886e+00 3.760461825300101868e+00 0.000000000000000000e+00
-7.555608743845763087e-01 1.257464427919874783e+00 0.000000000000000000e+00
-7.636136656607362960e-01 1.222037284881416053e+00 0.000000000000000000e+00
-8.600386928539643927e-01 1.275059766700571418e+00 0.000000000000000000e+00
-3.375209839342315110e+00 3.619469349215815868e+00 0.000000000000000000e+00
-3.271840984641966710e+00 3.388090454896617310e+00 0.000000000000000000e+00
-3.165009864567223552e+00 3.165009803243698627e+00 0.000000000000000000e+00
-3.126970228727737666e+00 3.019679991311945866e+00 0.000000000000000000e+00
-3.084118592391951186e+00 2.875987060542624540e+00 0.000000000000000000e+00
-3.046893739050431815e+00 2.743435393976382475e+00 0.000000000000000000e+00
-3.101713809998351667e+00 2.602646866354734634e+00 0.000000000000000000e+00
-2.973360450637359875e+00 2.407779774159211961e+00 0.000000000000000000e+00
-2.932187999626667541e+00 2.290876297047077070e+00 0.000000000000000000e+00
-2.895053742696401589e+00 2.181579434010955332e+00 0.000000000000000000e+00
-2.843694837598703007e+00 2.066065199380417994e+00 0.000000000000000000e+00
-2.814606529662400103e+00 1.970808674198964772e+00 0.000000000000000000e+00
-2.744968784862305000e+00 1.782603540503906236e+00 0.000000000000000000e+00
-2.749792666118908269e+00 1.652242094388638005e+00 0.000000000000000000e+00
-2.698535115616371716e+00 1.557999947858679457e+00 0.000000000000000000e+00
-2.661467764912104794e+00 1.475275646060982382e+00 0.000000000000000000e+00
-2.652374533898943731e+00 1.410292530832485403e+00 0.000000000000000000e+00
-2.624905318332945381e+00 1.337456038219024590e+00 0.000000000000000000e+00
-2.598413626016273348e+00 1.267330981083429453e+00 0.000000000000000000e+00
-2.587508757702489781e+00 1.206575127260016256e+00 0.000000000000000000e+00
-2.680342394835796505e+00 1.193365298634277538e+00 0.000000000000000000e+00
-2.783406025461747646e+00 1.124569010135697988e+00 0.000000000000000000e+00
-2.835283707083698257e+00 1.088363423312002976e+00 0.000000000000000000e+00
-2.979765310937792400e+00 1.084545856994812985e+00 0.000000000000000000e+00
-3.098464331935091298e+00 1.066886806885433803e+00 0.000000000000000000e+00
-3.210766736378981356e+00 1.043241331228009106e+00 0.000000000000000000e+00
-3.333678443670860858e+00 1.019207760832570919e+00 0.000000000000000000e+00
-3.442278225020098947e+00 9.870573760388725582e-01 0.000000000000000000e+00
-3.580391290385913194e+00 8.926917889258820793e-01 0.000000000000000000e+00
-3.676298260843544607e+00 8.487403087585663197e-01 0.000000000000000000e+00
-3.748261626966720605e+00 7.967175831937413077e-01 0.000000000000000000e+00
-3.752760681098747497e+00 7.294627614848939734e-01 0.000000000000000000e+00
-3.782646661516898767e+00 6.669826455835694556e-01 0.000000000000000000e+00
-3.788772443506084997e+00 6.000825842596274606e-01 0.000000000000000000e+00
-3.843230418870034804e+00 5.401307926590888098e-01 0.000000000000000000e+00
-3.877640801654937963e+00 4.075564537842342738e-01 0.000000000000000000e+00
-3.938953833929440318e+00 3.446137896340445428e-01 0.000000000000000000e+00
-4.008212480683973844e+00 2.802815036729660036e-01 0.000000000000000000e+00
-4.031467611696370135e+00 2.112802485725652490e-01 0.000000000000000000e+00
-4.102499364530276083e+00 1.432624187357339207e-01 0.000000000000000000e+00
-4.176363868710206262e+00 7.289868687223410859e-02 0.000000000000000000e+00
-4.203000068664549893e+00 -1.514655533274638847e-08 0.000000000000000000e+00
