-7.254894911407262725e+00 -1.266350401144318572e-01 0.000000000000000000e+00
-7.042707076590845716e+00 -2.459371171236056364e-01 0.000000000000000000e+00
-4.223204382424027514e+00 -2.213289828005521320e-01 0.000000000000000000e+00
-3.959331802000987999e+00 -2.768636561773488713e-01 0.000000000000000000e+00
-3.134674266572311296e+00 -8.988535517986545598e-01 0.000000000000000000e+00
-3.042961612194968968e+00 -9.303268936426443148e-01 0.000000000000000000e+00
-3.005338624452103868e+00 -9.764938785401041654e-01 0.000000000000000000e+00
-2.967549235730328583e+00 -1.080099757119262094e+00 0.000000000000000000e+00
-2.953848445434308800e+00 -1.133876350692594848e+00 0.000000000000000000e+00
-3.784764213811271372e+00 -1.529144218034605318e+00 0.000000000000000000e+00
-3.798002879363947759e+00 -1.612156794559514772e+00 0.000000000000000000e+00
-3.790300174352745355e+00 -1.687550586232401173e+00 0.000000000000000000e+00
-3.831869384886256391e+00 -1.786830267324204913e+00 0.000000000000000000e+00
-3.777867365023831692e+00 -1.924919798685121419e+00 0.000000000000000000e+00
-2.905780355502996404e+00 -1.545031002093843142e+00 0.000000000000000000e+00
-3.759115277080471884e+00 -2.083711861162220735e+00 0.000000000000000000e+00
-3.897980171146634643e+00 -2.250500151719493136e+00 0.000000000000000000e+00
-3.741534963274133929e+00 -2.248141259009061255e+00 0.000000000000000000e+00
-3.582155031425935832e+00 -2.238379131753705842e+00 0.000000000000000000e+00
-3.441903980756768622e+00 -2.235198814136129197e+00 0.000000000000000000e+00
-3.310346946052497241e+00 -2.232857438457342081e+00 0.000000000000000000e+00
-2.989904940240105446e+00 -2.093554189532736309e+00 0.000000000000000000e+00
-2.681019401596302032e+00 -2.020293227186242824e+00 0.000000000000000000e+00
-2.869147073767568834e+00 -2.241623586869418094e+00 0.000000000000000000e+00
-2.766639473013957407e+00 -2.240380686167283475e+00 0.000000000000000000e+00
-2.667366732247514083e+00 -2.238186654276852039e+00 0.000000000000000000e+00
-2.532805208029413890e+00 -2.201734184618935330e+00 0.000000000000000000e+00
-2.445689435822646640e+00 -2.202108865465949972e+00 0.000000000000000000e+00
-2.354958838105706942e+00 -2.196034848329529332e+00 0.000000000000000000e+00
-2.225972045702679925e+00 -2.225972251345217146e+00 0.000000000000000000e+00
-2.149967573906900853e+00 -2.226356801648423644e+00 0.000000000000000000e+00
-2.061680942243319326e+00 -2.210882336064615039e+00 0.000000000000000000e+00
-1.993340036241365576e+00 -2.213828594401217931e+00 0.000000000000000000e+00
-1.907163539665525764e+00 -2.193940885713996369e+00 0.000000000000000000e+00
-1.835801279356064075e+00 -2.187822972194261251e+00 0.000000000000000000e+00
-1.778459309837355784e+00 -2.196214548514896503e+00 0.000000000000000000e+00
-1.720773770854290952e+00 -2.202490194308039051e+00 0.000000000000000000e+00
-1.616997086358126445e+00 -2.225605765612704179e+00 0.000000000000000000e+00
-1.596263115768012719e+00 -2.279700204582476797e+00 0.000000000000000000e+00
-1.604883462599558719e+00 -2.379337810102549078e+00 0.000000000000000000e+00
2.202874541923562024e+00 -3.525335911896445573e+00 0.000000000000000000e+00
2.216136228384484763e+00 -3.412550266817685696e+00 0.000000000000000000e+00
2.181411644083081303e+00 -3.234075512048591339e+00 0.000000000000000000e+00
2.126821501713953566e+00 -3.037415659676031776e+00 0.000000000000000000e+00
2.210262929023847800e+00 -2.542616467705106409e+00 0.000000000000000000e+00
2.127835454253698799e+00 -2.363200521368588269e+00 0.000000000000000000e+00
2.112148919440352657e+00 -2.265002256388678248e+00 0.000000000000000000e+00
2.122181443192617589e+00 -2.197583065564396421e+00 0.000000000000000000e+00
2.119199080483296527e+00 -2.119198936277485679e+00 0.000000000000000000e+00
2.117017157930829896e+00 -2.044379566841562745e+00 0.000000000000000000e+00
2.184845895561554840e+00 -1.967243947532722803e+00 0.000000000000000000e+00
2.267147606110926361e+00 -1.970801213390897644e+00 0.000000000000000000e+00
2.360949052906812895e+00 -1.981071345355966073e+00 0.000000000000000000e+00
2.447232643601461533e+00 -1.981729785724982928e+00 0.000000000000000000e+00
2.538182668391710806e+00 -1.983045501059347737e+00 0.000000000000000000e+00
2.666644023580744260e+00 -2.009460266424837993e+00 0.000000000000000000e+00
2.774928410855809435e+00 -2.016103363565385997e+00 0.000000000000000000e+00
2.929818779294600439e+00 -1.976187580743492989e+00 0.000000000000000000e+00
3.017536808552083283e+00 -1.959611177221290079e+00 0.000000000000000000e+00
3.156434978865566787e+00 -1.972359337975066795e+00 0.000000000000000000e+00
3.259807284615691803e+00 -1.958689680389508858e+00 0.000000000000000000e+00
3.320341555250345245e+00 -1.916999949076573673e+00 0.000000000000000000e+00
3.357665103328898670e+00 -1.861184018676007801e+00 0.000000000000000000e+00
3.435549170396577257e+00 -1.826713757028771035e+00 0.000000000000000000e+00
3.543945049214128229e+00 -1.728497354596203905e+00 0.000000000000000000e+00
3.559070773159206613e+00 -1.659621821732743419e+00 0.000000000000000000e+00
3.631343157425217516e+00 -1.616778004195374097e+00 0.000000000000000000e+00
3.751057151683878654e+00 -1.592229157600163703e+00 0.000000000000000000e+00
3.738405408434057886e+00 -1.510413693376819966e+00 0.000000000000000000e+00
3.827679704829013208e+00 -1.469308441147449074e+00 0.000000000000000000e+00
3.917578719551779276e+00 -1.425881908359155847e+00 0.000000000000000000e+00
3.969709735024942177e+00 -1.289836747934813399e+00 0.000000000000000000e+00
4.019348992134571752e+00 -1.228838173487876606e+00 0.000000000000000000e+00
4.068059411317442198e+00 -1.166497132658662617e+00 0.000000000000000000e+00
4.111946246053006071e+00 -1.101792543877447628e+00 0.000000000000000000e+00
4.173242064496846204e+00 -1.040505977084668299e+00 0.000000000000000000e+00
1.057191564709517806e+00 -2.440718711485898307e-01 0.000000000000000000e+00
1.041506437297713639e+00 -2.024483114445705667e-01 0.000000000000000000e+00
1.036017806600704860e+00 -1.826778605078984430e-01 0.000000000000000000e+00
1.036085098559127227e+00 -1.640997274974901887e-01 0.000000000000000000e+00
1.034830093557979946e+00 -1.454358544985191459e-01 0.000000000000000000e+00
1.038203282085347290e+00 -1.274753036770616410e-01 0.000000000000000000e+00
1.037286322931520566e+00 -1.090231555709233469e-01 0.000000000000000000e+00
1.037038691860189488e+00 -9.072909927281350151e-02 0.000000000000000000e+00
1.038464186950789792e+00 -7.261646019040508826e-02 0.000000000000000000e+00
1.042364616452087667e+00 -3.640014505643344306e-02 0.000000000000000000e+00
1.045840693460214244e+00 -1.825518783812554030e-02 0.000000000000000000e+00
1.046000003814696822e+00 2.922490249801512288e-08 0.000000000000000000e+00
1.046840586857719968e+00 1.827269952881885318e-02 0.000000000000000000e+00
1.053357950675298582e+00 3.678409936902787142e-02 0.000000000000000000e+00
5.166384107456742036e+00 3.612689121553616101e-01 0.000000000000000000e+00
5.169524751858722844e+00 5.433390875216764782e-01 0.000000000000000000e+00
5.154291989367163929e+00 6.328676199086026299e-01 0.000000000000000000e+00
5.250401325980213585e+00 7.378959286768072001e-01 0.000000000000000000e+00
3.304865710015956637e+00 1.611890807530127923e+00 0.000000000000000000e+00
3.665656051166533924e+00 2.663255143433034267e+00 0.000000000000000000e+00
3.712057597652529406e+00 2.797236170419257650e+00 0.000000000000000000e+00
1.850430585435567155e+00 1.666135257407863168e+00 0.000000000000000000e+00
4.663842352980844375e+00 4.349103546449712532e+00 0.000000000000000000e+00
4.567088278897380782e+00 4.410386078579063174e+00 0.000000000000000000e+00
4.417296119280986311e+00 4.417296312367144040e+00 0.000000000000000000e+00
3.991364073946564339e+00 4.432859082982703036e+00 0.000000000000000000e+00
3.847785960521678650e+00 4.426371597282405368e+00 0.000000000000000000e+00
3.726239635162202912e+00 4.440759663081245812e+00 0.000000000000000000e+00
3.549996104019570886e+00 4.383880283199522943e+00 0.000000000000000000e+00
3.461248855516592116e+00 4.430196700492555983e+00 0.000000000000000000e+00
3.305168078018682731e+00 4.386106372098542927e+00 0.000000000000000000e+00
3.154643419979738184e+00 4.341994357244892910e+00 0.000000000000000000e+00
1.004314339407982537e+00 1.546508532415402426e+00 0.000000000000000000e+00
2.479499970160667477e+00 4.294620122334933399e+00 0.000000000000000000e+00
2.372173448621248681e+00 4.279514383848603387e+00 0.000000000000000000e+00
2.279284362443466438e+00 4.286710624747631648e+00 0.000000000000000000e+00
2.106811750163962937e+00 4.319604436293928096e+00 0.000000000000000000e+00
2.001520031194172322e+00 4.292273773054728458e+00 0.000000000000000000e+00
1.908814919259630205e+00 4.287268722649938191e+00 0.000000000000000000e+00
1.824714318689177439e+00 4.298757770304828085e+00 0.000000000000000000e+00
1.723939551510935919e+00 4.266900350322901048e+00 0.000000000000000000e+00
1.637382998696149228e+00 4.265528781897964805e+00 0.000000000000000000e+00
1.026744450109713380e+00 2.820957354392875427e+00 0.000000000000000000e+00
1.219970893136848034e+00 4.254544401777657470e+00 0.000000000000000000e+00
1.139062547752833332e+00 4.251039603881458184e+00 0.000000000000000000e+00
9.008813206614318947e-01 4.238313748753783194e+00 0.000000000000000000e+00
8.221958909867703724e-01 4.229831562644630338e+00 0.000000000000000000e+00
2.143151948633409687e-01 1.353133034965899428e+00 0.000000000000000000e+00
1.845435062921717551e-01 1.313095437707267221e+00 0.000000000000000000e+00
1.622080703833753690e-01 1.321078901202873190e+00 0.000000000000000000e+00
1.417405682452732574e-01 1.348571639356650476e+00 0.000000000000000000e+00
9.786830963273002171e-02 1.399582361256957785e+00 0.000000000000000000e+00
7.641047452464960754e-02 1.457999160072487532e+00 0.000000000000000000e+00
5.015055498776601478e-02 1.436124655448509646e+00 0.000000000000000000e+00
2.486965567703639315e-02 1.424782918317003988e+00 0.000000000000000000e+00
-3.394072508469663195e-08 2.151999950408935103e+00 0.000000000000000000e+00
-2.943723686826041352e-01 4.209720078315631220e+00 0.000000000000000000e+00
-3.677101301298131841e-01 4.202945288891704045e+00 0.000000000000000000e+00
-4.406920722380699429e-01 4.192904383949459302e+00 0.000000000000000000e+00
-5.874497476320363898e-01 4.179921702184681287e+00 0.000000000000000000e+00
-6.614050046309029041e-01 4.175946456422025221e+00 0.000000000000000000e+00
-7.378311798312342518e-01 4.184448203287681523e+00 0.000000000000000000e+00
-8.117015616477604167e-01 4.175842210277514788e+00 0.000000000000000000e+00
-8.888225572404435670e-01 4.181581073844212071e+00 0.000000000000000000e+00
-9.621157066753130982e-01 4.167380705283200371e+00 0.000000000000000000e+00
-1.159348277871461219e+00 3.366991735198098024e+00 0.000000000000000000e+00
-1.226826261624550884e+00 3.370677314357230170e+00 0.000000000000000000e+00
-1.179312631702575276e+00 2.217964413226148235e+00 0.000000000000000000e+00
-1.102499984225210117e+00 1.909585936355606473e+00 0.000000000000000000e+00
-1.197617554049320132e+00 1.916588675518783313e+00 0.000000000000000000e+00
-1.185764017029585338e+00 1.517708698085475039e+00 0.000000000000000000e+00
-2.993172774920712431e+00 2.890473294542740490e+00 0.000000000000000000e+00
-1.276943611904494569e+00 1.190769159765554752e+00 0.000000000000000000e+00
-1.899324997516101510e+00 1.281110864414602313e+00 0.000000000000000000e+00
-2.964776202527348303e+00 1.852597751538208160e+00 0.000000000000000000e+00
-6.709367121313824178e+00 1.062659323286991198e+00 0.000000000000000000e+00
-6.717978503437451288e+00 9.441502742880678589e-01 0.000000000000000000e+00
-6.733433016985087782e+00 8.267615852596328363e-01 0.000000000000000000e+00
-6.700094000823697549e+00 7.042082262573954310e-01 0.000000000000000000e+00
-6.745234212100473137e+00 5.901314972971557493e-01 0.000000000000000000e+00
-7.390999794006346768e+00 -2.663530466698383640e-08 0.000000000000000000e+00
