-7.266893167648777130e+00 -1.268444710819374432e-01 0.000000000000000000e+00
-3.971549647017972084e+00 -2.081403038826744878e-01 0.000000000000000000e+00
-3.972824354451047313e+00 -3.475772997594402391e-01 0.000000000000000000e+00
-3.049655716200321720e+00 -9.323734869877797760e-01 0.000000000000000000e+00
-3.011044776615841911e+00 -9.783479200822363664e-01 0.000000000000000000e+00
-2.964730138203298893e+00 -1.079073689373669653e+00 0.000000000000000000e+00
-2.961316992548736149e+00 -1.136743257747413915e+00 0.000000000000000000e+00
-3.795890497656814411e+00 -1.533639529142371893e+00 0.000000000000000000e+00
-3.798002879363947759e+00 -1.612156794559514772e+00 0.000000000000000000e+00
-3.835063705645683996e+00 -1.707480597049586990e+00 0.000000000000000000e+00
-3.829150226491435216e+00 -1.785562302779098331e+00 0.000000000000000000e+00
-3.817178419283999258e+00 -1.861762541858856590e+00 0.000000000000000000e+00
-2.946558432809764039e+00 -1.501346690413081220e+00 0.000000000000000000e+00
-3.791476362188480831e+00 -2.101649905598040657e+00 0.000000000000000000e+00
-3.741534963274133929e+00 -2.248141259009061255e+00 0.000000000000000000e+00
-3.595723625865371975e+00 -2.246857731472036157e+00 0.000000000000000000e+00
-3.447774648955903132e+00 -2.239011271040870277e+00 0.000000000000000000e+00
-3.357602218994564680e+00 -2.264731525800619316e+00 0.000000000000000000e+00
-2.980075047289903356e+00 -2.086671223692724730e+00 0.000000000000000000e+00
-2.679422055992568552e+00 -2.019089540818745032e+00 0.000000000000000000e+00
-2.868359120157407904e+00 -2.241007969979630587e+00 0.000000000000000000e+00
-2.769748016719683736e+00 -2.242897935468591619e+00 0.000000000000000000e+00
-2.663536422515722979e+00 -2.234972642487697669e+00 0.000000000000000000e+00
-2.535069352512541396e+00 -2.203702375576382266e+00 0.000000000000000000e+00
-2.444203253959202904e+00 -2.200770701180146727e+00 0.000000000000000000e+00
-2.354227537443738694e+00 -2.195352899366217247e+00 0.000000000000000000e+00
-2.226679101200638833e+00 -2.226679306908495803e+00 0.000000000000000000e+00
-2.146494202722919020e+00 -2.222760020164852079e+00 0.000000000000000000e+00
-2.058952984059239544e+00 -2.207956958796422509e+00 0.000000000000000000e+00
-1.979288195949941542e+00 -2.198222443280222205e+00 0.000000000000000000e+00
-1.905851360361122904e+00 -2.192431395958428730e+00 0.000000000000000000e+00
-1.836444173594623974e+00 -2.188589143783544078e+00 0.000000000000000000e+00
-1.780347284108370065e+00 -2.198546002790115583e+00 0.000000000000000000e+00
-1.718311010016064788e+00 -2.199338003887083115e+00 0.000000000000000000e+00
-1.615233718378180638e+00 -2.223178697576420504e+00 0.000000000000000000e+00
-1.586512339948676242e+00 -2.265774652202921846e+00 0.000000000000000000e+00
-1.603206005589966843e+00 -2.376850877573953635e+00 0.000000000000000000e+00
2.193335927912272609e+00 -3.510070939750390639e+00 0.000000000000000000e+00
2.206332916358348939e+00 -3.397454491277355437e+00 0.000000000000000000e+00
2.175260567683827695e+00 -3.224956166963254045e+00 0.000000000000000000e+00
2.115349983347474705e+00 -3.021032634820149720e+00 0.000000000000000000e+00
2.164994850469560195e+00 -2.490541503915919108e+00 0.000000000000000000e+00
2.111776206775668907e+00 -2.345364921375647338e+00 0.000000000000000000e+00
2.108057063112785734e+00 -2.260614277998777233e+00 0.000000000000000000e+00
2.096478958030637774e+00 -2.170967364858846338e+00 0.000000000000000000e+00
2.126368583873454732e+00 -2.053410133290358264e+00 0.000000000000000000e+00
2.126045324953284688e+00 -1.982569205168217108e+00 0.000000000000000000e+00
2.183359536411231261e+00 -1.965905623832971516e+00 0.000000000000000000e+00
2.267147606110926361e+00 -1.970801213390897644e+00 0.000000000000000000e+00
2.363247202372728673e+00 -1.982999721594608689e+00 0.000000000000000000e+00
2.459667004518094835e+00 -1.991798931974472220e+00 0.000000000000000000e+00
2.552366961521935096e+00 -1.994127484648583026e+00 0.000000000000000000e+00
2.706161933833300726e+00 -1.966141596954310344e+00 0.000000000000000000e+00
2.818702236382445658e+00 -1.973676416640177900e+00 0.000000000000000000e+00
2.944741560291491034e+00 -1.986253122914436009e+00 0.000000000000000000e+00
3.020891447704248556e+00 -1.961789705204609602e+00 0.000000000000000000e+00
3.161523303130611140e+00 -1.975538875632583125e+00 0.000000000000000000e+00
3.270093364359044408e+00 -1.964870180181644388e+00 0.000000000000000000e+00
3.348918914444065642e+00 -1.856335927375706962e+00 0.000000000000000000e+00
3.432017425435965663e+00 -1.824835895066713398e+00 0.000000000000000000e+00
3.481162603818186874e+00 -1.773740801953469282e+00 0.000000000000000000e+00
3.531361772941728372e+00 -1.722360081177187752e+00 0.000000000000000000e+00
3.566321142214563089e+00 -1.663002724071250160e+00 0.000000000000000000e+00
3.634083813003143426e+00 -1.617998222572810008e+00 0.000000000000000000e+00
3.672814422460196404e+00 -1.559017092360305501e+00 0.000000000000000000e+00
3.802473079313022364e+00 -1.459632525057405372e+00 0.000000000000000000e+00
3.843343005266355750e+00 -1.398862320615986032e+00 0.000000000000000000e+00
3.942812573805376530e+00 -1.357619108636044958e+00 0.000000000000000000e+00
3.987779859804779559e+00 -1.295708086782376478e+00 0.000000000000000000e+00
4.041343775548242867e+00 -1.235562652882228107e+00 0.000000000000000000e+00
4.122851482469623186e+00 -1.182208504452701758e+00 0.000000000000000000e+00
4.167970029176068181e+00 -1.116804069522766563e+00 0.000000000000000000e+00
4.274561585292274479e+00 -9.868601673423615939e-01 0.000000000000000000e+00
1.049552337406309377e+00 -2.230892037030716979e-01 0.000000000000000000e+00
1.038561535135168024e+00 -2.018758805417681657e-01 0.000000000000000000e+00
1.033063362664319751e+00 -1.821569124181545152e-01 0.000000000000000000e+00
1.043986621333238052e+00 -1.653512055236195377e-01 0.000000000000000000e+00
1.039781429199916563e+00 -1.461317191959963513e-01 0.000000000000000000e+00
1.039195874622231841e+00 -1.275971786867541591e-01 0.000000000000000000e+00
1.039031055610137866e+00 -9.090340845710476181e-02 0.000000000000000000e+00
1.039461797619245953e+00 -7.268621989545970274e-02 0.000000000000000000e+00
1.040572031997354596e+00 -5.453403980471051987e-02 0.000000000000000000e+00
1.040365860529601338e+00 -3.633034701804784689e-02 0.000000000000000000e+00
1.041841354168198563e+00 -1.818537922342860005e-02 0.000000000000000000e+00
1.047000050544738325e+00 2.925284348087586419e-08 0.000000000000000000e+00
1.047840362084182075e+00 1.829015069811706917e-02 0.000000000000000000e+00
5.276116285964254971e+00 3.689421365872480596e-01 0.000000000000000000e+00
5.154311142822155745e+00 4.509439348833938488e-01 0.000000000000000000e+00
5.154607056253732722e+00 5.417711741240227585e-01 0.000000000000000000e+00
5.143374299781394043e+00 6.315270958875924823e-01 0.000000000000000000e+00
5.148403552849203813e+00 7.235610737096164202e-01 0.000000000000000000e+00
8.535602799218400705e+00 1.351906906004578524e+00 0.000000000000000000e+00
5.105271366186749482e+00 1.658803365450651102e+00 0.000000000000000000e+00
4.326239719200601463e+00 1.747914431443146288e+00 0.000000000000000000e+00
3.834298712696115441e+00 2.586267268055820079e+00 0.000000000000000000e+00
3.759501777134639511e+00 2.731438057728615032e+00 0.000000000000000000e+00
3.722439868243350158e+00 2.805059772845601707e+00 0.000000000000000000e+00
3.601209215098377658e+00 2.813573130038660164e+00 0.000000000000000000e+00
5.424478726224669423e+00 4.392656464487277646e+00 0.000000000000000000e+00
4.582194348526169136e+00 4.424973841093025051e+00 0.000000000000000000e+00
4.086534149145530925e+00 4.382271543638229794e+00 0.000000000000000000e+00
3.941848170317728606e+00 4.377866098357236169e+00 0.000000000000000000e+00
3.822199949327741209e+00 4.396938257071028033e+00 0.000000000000000000e+00
3.639463469427444586e+00 4.337343851367087666e+00 0.000000000000000000e+00
3.308778993311212169e+00 4.390898218745920012e+00 0.000000000000000000e+00
3.202841679249630591e+00 4.408333572781412357e+00 0.000000000000000000e+00
3.061750824749761346e+00 4.372633528325454932e+00 0.000000000000000000e+00
1.068037095689418958e+00 1.644632976557422799e+00 0.000000000000000000e+00
9.512050259626765314e-01 1.522246315323922738e+00 0.000000000000000000e+00
2.562829289157950718e+00 4.265264395582532231e+00 0.000000000000000000e+00
2.402231545990368922e+00 4.333740629453465942e+00 0.000000000000000000e+00
2.291021195853707226e+00 4.308784399003089405e+00 0.000000000000000000e+00
2.190503991153815111e+00 4.299106351807060022e+00 0.000000000000000000e+00
2.098482675292790756e+00 4.302527301252821346e+00 0.000000000000000000e+00
1.988841395193835293e+00 4.265084349049870660e+00 0.000000000000000000e+00
1.820025512564410253e+00 4.287711634723026854e+00 0.000000000000000000e+00
1.645267205303244662e+00 4.286067843456425663e+00 0.000000000000000000e+00
1.380069844307895366e+00 4.247418503086596964e+00 0.000000000000000000e+00
1.297253118069676248e+00 4.243124032304795179e+00 0.000000000000000000e+00
1.214182534262086000e+00 4.234357994065275577e+00 0.000000000000000000e+00
1.135180296890261786e+00 4.236550845383030506e+00 0.000000000000000000e+00
9.591912091630594439e-01 4.154713913587372964e+00 0.000000000000000000e+00
9.010892172659539234e-01 4.239291825462730756e+00 0.000000000000000000e+00
8.231499577152987523e-01 4.234739810916651415e+00 0.000000000000000000e+00
2.432810772600111637e-01 1.379715688676438790e+00 0.000000000000000000e+00
2.136894651264232836e-01 1.349182332457270928e+00 0.000000000000000000e+00
1.612331137930801683e-01 1.313138515881824953e+00 0.000000000000000000e+00
1.401726430389308997e-01 1.333653825126875470e+00 0.000000000000000000e+00
1.189675673160432573e-01 1.359805774352429886e+00 0.000000000000000000e+00
9.961221940639022887e-02 1.424521438758120651e+00 0.000000000000000000e+00
7.641047452464960754e-02 1.457999160072487532e+00 0.000000000000000000e+00
4.959216216543032435e-02 1.420134369802071861e+00 0.000000000000000000e+00
-2.318441821342748919e-08 1.470000028610229270e+00 0.000000000000000000e+00
-3.750525379982058011e-02 2.148672625743482723e+00 0.000000000000000000e+00
-2.940933629504438040e-01 4.205730111329610388e+00 0.000000000000000000e+00
-3.669257436034900621e-01 4.193979711429054014e+00 0.000000000000000000e+00
-4.410056349440720780e-01 4.195887733384275009e+00 0.000000000000000000e+00
-5.156292476970136818e-01 4.199462706942384216e+00 0.000000000000000000e+00
-5.881455627737586234e-01 4.184872683648742431e+00 0.000000000000000000e+00
-6.623436180716505417e-01 4.181872627896986216e+00 0.000000000000000000e+00
-7.360946581676414135e-01 4.174599900377993222e+00 0.000000000000000000e+00
-8.842484347021128954e-01 4.160061520723156825e+00 0.000000000000000000e+00
-9.627906182314847072e-01 4.170304068219121696e+00 0.000000000000000000e+00
-1.037119267541691814e+00 4.159657938116174236e+00 0.000000000000000000e+00
-1.158045944348442324e+00 3.363209484176406416e+00 0.000000000000000000e+00
-1.449956774076927690e+00 3.777266390417409081e+00 0.000000000000000000e+00
-1.141786181632908237e+00 2.240881487964089924e+00 0.000000000000000000e+00
-1.174148370968947086e+00 2.208251851671310995e+00 0.000000000000000000e+00
-1.083549473557899656e+00 1.954774940864228316e+00 0.000000000000000000e+00
-1.186489297812151511e+00 1.898779743267987152e+00 0.000000000000000000e+00
-2.866422830150652690e+00 4.249646504797060409e+00 0.000000000000000000e+00
-2.986038889389721174e+00 4.264505387735573194e+00 0.000000000000000000e+00
-2.001408797277930862e+00 2.754702820876118174e+00 0.000000000000000000e+00
-2.929476334771249135e+00 1.902424142301344823e+00 0.000000000000000000e+00
-2.997850107556760513e+00 1.873264620774356626e+00 0.000000000000000000e+00
-1.710756128442910029e+00 9.482875899963225663e-01 0.000000000000000000e+00
-6.716280909561412216e+00 1.063754359734943700e+00 0.000000000000000000e+00
-6.697182964641934078e+00 9.412276520070187447e-01 0.000000000000000000e+00
-6.703656897457629604e+00 8.231055376355895792e-01 0.000000000000000000e+00
-6.720978869584923743e+00 7.064033143239439871e-01 0.000000000000000000e+00
-7.360000133514403409e+00 -2.652358968595440343e-08 0.000000000000000000e+00
