-7.198272673541986855e+00 -1.140094765457442483e+00 0.000000000000000000e+00
-7.170385320540271223e+00 -1.264332770581776400e+00 0.000000000000000000e+00
-6.673101388647982191e+00 -1.297119862554459768e+00 0.000000000000000000e+00
-6.613256010343307345e+00 -1.405691309119450949e+00 0.000000000000000000e+00
-6.570177299954257144e+00 -1.516845298217936344e+00 0.000000000000000000e+00
-6.530090174314384655e+00 -1.628134691004363699e+00 0.000000000000000000e+00
-6.457755918181193877e+00 -1.851732062117289468e+00 0.000000000000000000e+00
-6.934931523815139442e+00 -2.524109040660286851e+00 0.000000000000000000e+00
-6.877686967643781735e+00 -2.640097061219175867e+00 0.000000000000000000e+00
-6.613602207391654275e+00 -2.672069118311037439e+00 0.000000000000000000e+00
-3.746454833379035509e+00 -1.590275944223045190e+00 0.000000000000000000e+00
-3.636824338694991887e+00 -1.619218732679146067e+00 0.000000000000000000e+00
-3.365510457231148944e+00 -2.445186719401313269e+00 0.000000000000000000e+00
-2.585183044791635965e+00 -1.948075345265884772e+00 0.000000000000000000e+00
-2.507450064008103663e+00 -1.959034884536956955e+00 0.000000000000000000e+00
-2.458112665535522545e+00 -1.990540579647538610e+00 0.000000000000000000e+00
-2.420700410808159120e+00 -2.031209015232841253e+00 0.000000000000000000e+00
-2.969295858076120620e+00 -2.768913440788980385e+00 0.000000000000000000e+00
-2.970873324811695859e+00 -2.868939287124127713e+00 0.000000000000000000e+00
-2.969848208931463063e+00 -2.969848483295699282e+00 0.000000000000000000e+00
-2.942572759323281328e+00 -3.047123573663926610e+00 0.000000000000000000e+00
-2.862346994438814907e+00 -3.069491636667392331e+00 0.000000000000000000e+00
-2.908041597539188672e+00 -3.229707689250924219e+00 0.000000000000000000e+00
-2.855824910835921049e+00 -3.285251056877003695e+00 0.000000000000000000e+00
-2.813061858311653562e+00 -3.473842412318898898e+00 0.000000000000000000e+00
-2.529428432212160072e+00 -3.356665217669309254e+00 0.000000000000000000e+00
-2.399927144175264981e+00 -3.303216644104659316e+00 0.000000000000000000e+00
-2.325852202000506797e+00 -3.321661503265444626e+00 0.000000000000000000e+00
3.711024704701280985e+00 -5.938880500200671264e+00 0.000000000000000000e+00
8.605979429477477183e-01 -1.275888822064387362e+00 0.000000000000000000e+00
2.166026951866164119e+00 -2.322779368547313705e+00 0.000000000000000000e+00
3.519534045354619334e+00 -3.169002474236136013e+00 0.000000000000000000e+00
3.497324164112688205e+00 -3.040177308118930277e+00 0.000000000000000000e+00
3.342251934562017635e+00 -2.804482175661203502e+00 0.000000000000000000e+00
3.299761695828873798e+00 -2.672094153171729491e+00 0.000000000000000000e+00
3.277600287713271054e+00 -2.469848802142903921e+00 0.000000000000000000e+00
3.267619745941419573e+00 -2.374064546988951641e+00 0.000000000000000000e+00
3.144724759030272043e+00 -2.201959828750206238e+00 0.000000000000000000e+00
3.060806712307919231e+00 -2.064540050963683537e+00 0.000000000000000000e+00
2.973513510193380505e+00 -1.786667038386347661e+00 0.000000000000000000e+00
2.906381262538553667e+00 -1.677999880305517388e+00 0.000000000000000000e+00
2.835144738181400559e+00 -1.507473082041747459e+00 0.000000000000000000e+00
2.807561623301416898e+00 -1.430523986379272028e+00 0.000000000000000000e+00
2.776374839611860601e+00 -1.354128379248073388e+00 0.000000000000000000e+00
2.757894620672668662e+00 -1.286027276845883582e+00 0.000000000000000000e+00
2.737895755401472009e+00 -1.218989625384677478e+00 0.000000000000000000e+00
2.697079317612490534e+00 -1.144842148815350624e+00 0.000000000000000000e+00
2.763935055468440982e+00 -1.116702149522206255e+00 0.000000000000000000e+00
2.858545036290502050e+00 -1.040425207318574019e+00 0.000000000000000000e+00
2.942453827354678975e+00 -1.013168003175076715e+00 0.000000000000000000e+00
3.022457613218300310e+00 -9.820559080700179688e-01 0.000000000000000000e+00
3.133810666837852921e+00 -9.581019671169967999e-01 0.000000000000000000e+00
3.264444659578619845e+00 -9.360643368500198847e-01 0.000000000000000000e+00
3.369149228086186554e+00 -9.027607066310776585e-01 0.000000000000000000e+00
3.457163663272849075e+00 -8.619676021187208104e-01 0.000000000000000000e+00
3.545785074940383197e+00 -7.536797743936225480e-01 0.000000000000000000e+00
3.660487877884997854e+00 -7.115266535115096769e-01 0.000000000000000000e+00
3.759996097433899287e+00 -6.629886457752752760e-01 0.000000000000000000e+00
3.767043241045439306e+00 -5.966409228223651384e-01 0.000000000000000000e+00
3.796687900590244524e+00 -5.335895742923651985e-01 0.000000000000000000e+00
3.841153506887685865e+00 -4.716342340752351370e-01 0.000000000000000000e+00
3.869684738818812253e+00 -4.067201427069458974e-01 0.000000000000000000e+00
3.897482816819041851e+00 -2.725384364398302783e-01 0.000000000000000000e+00
3.906638686716479292e+00 -2.047381469931340015e-01 0.000000000000000000e+00
3.960585910470106441e+00 -1.383065957671107959e-01 0.000000000000000000e+00
4.032385748913558388e+00 -7.038544181967985869e-02 0.000000000000000000e+00
4.094999790191648614e+00 1.144129724295339524e-07 0.000000000000000000e+00
4.121372414839049370e+00 7.193893772190168567e-02 0.000000000000000000e+00
4.173272720671127090e+00 2.187120708556891668e-01 0.000000000000000000e+00
4.202737156838517230e+00 2.938841265275940473e-01 0.000000000000000000e+00
4.232831334298851722e+00 3.703248726543381109e-01 0.000000000000000000e+00
4.273460503924074061e+00 4.491589154161932940e-01 0.000000000000000000e+00
4.295739798218755290e+00 5.274506425816893884e-01 0.000000000000000000e+00
1.042998877602386187e+00 1.651948220592933669e-01 0.000000000000000000e+00
1.028745261431995850e+00 1.999678501821824383e-01 0.000000000000000000e+00
1.017273461759250708e+00 2.162281772911407440e-01 0.000000000000000000e+00
1.012370524644815584e+00 2.337241796923258674e-01 0.000000000000000000e+00
1.007166945304223571e+00 2.511149508667234742e-01 0.000000000000000000e+00
1.001665017794112433e+00 2.683953604227380385e-01 0.000000000000000000e+00
9.949058158569539234e-01 2.852846797153783531e-01 0.000000000000000000e+00
9.897753827424533579e-01 3.026047300081858293e-01 0.000000000000000000e+00
9.786116856361550820e-01 3.369630538243920115e-01 0.000000000000000000e+00
9.735215587386178981e-01 3.543328976193380608e-01 0.000000000000000000e+00
9.718572226325584706e-01 3.730610629466426520e-01 0.000000000000000000e+00
9.633440470103278308e-01 3.892162874703891107e-01 0.000000000000000000e+00
9.619275222155448946e-01 4.083140363876737733e-01 0.000000000000000000e+00
4.697393285932332851e+00 2.190430603048251879e+00 0.000000000000000000e+00
4.617195893956301589e+00 2.352578954535857747e+00 0.000000000000000000e+00
4.565721947404317582e+00 2.427637563237584839e+00 0.000000000000000000e+00
4.534903071094434246e+00 2.513737962159560801e+00 0.000000000000000000e+00
7.524894742043536588e+00 4.344500244572100378e+00 0.000000000000000000e+00
6.079859621870594033e+00 5.871252447628796389e+00 0.000000000000000000e+00
2.582352767312412478e+00 3.828495587958053115e+00 0.000000000000000000e+00
2.523857114053833950e+00 3.886399315758434447e+00 0.000000000000000000e+00
2.417491498537923000e+00 3.868795291795124047e+00 0.000000000000000000e+00
1.114546599739547617e+00 2.187420970550878252e+00 0.000000000000000000e+00
2.793739271556753057e+00 5.728014641235001037e+00 0.000000000000000000e+00
2.637983124969282667e+00 5.657173350551463642e+00 0.000000000000000000e+00
2.131930786103427344e+00 5.553869886507886378e+00 0.000000000000000000e+00
1.996029443384655488e+00 5.484046139522827268e+00 0.000000000000000000e+00
1.880807111973100243e+00 5.462260798842934584e+00 0.000000000000000000e+00
1.739147479705512200e+00 5.352545898575253425e+00 0.000000000000000000e+00
1.620031487773301748e+00 5.298884576272941516e+00 0.000000000000000000e+00
1.506358097381462979e+00 5.253295341996199852e+00 0.000000000000000000e+00
1.383387649872944714e+00 5.162873363479662636e+00 0.000000000000000000e+00
3.844286801044211610e-01 1.808594898055579270e+00 0.000000000000000000e+00
8.889049278658798237e-01 5.041230861566665666e+00 0.000000000000000000e+00
7.763841386714864790e-01 4.901897070479873442e+00 0.000000000000000000e+00
6.811130818537982634e-01 4.846371992786274951e+00 0.000000000000000000e+00
5.893600602770964203e-01 4.799953165114051679e+00 0.000000000000000000e+00
4.108521136888840797e-01 4.696062037772755993e+00 0.000000000000000000e+00
3.290412104245601377e-01 4.705509638053888999e+00 0.000000000000000000e+00
2.388612373486875828e-01 4.557745330005966267e+00 0.000000000000000000e+00
1.628758698973575558e-01 4.664156809317067776e+00 0.000000000000000000e+00
8.052532718871174833e-02 4.613297110353732577e+00 0.000000000000000000e+00
-7.185592702006450809e-08 4.556000232696532315e+00 0.000000000000000000e+00
-2.380239913953218212e-01 4.541766979455933217e+00 0.000000000000000000e+00
-3.116719880510084306e-01 4.457116107121963822e+00 0.000000000000000000e+00
-3.867972706750136269e-01 4.421112265701788502e+00 0.000000000000000000e+00
-4.632702318912865214e-01 4.407721192681024469e+00 0.000000000000000000e+00
-5.347627448250569238e-01 4.355292516832883543e+00 0.000000000000000000e+00
-6.109699584950721851e-01 4.347276680585222763e+00 0.000000000000000000e+00
-6.784563205179787726e-01 4.283604217789741320e+00 0.000000000000000000e+00
-8.200970954637393229e-01 4.219033484192779682e+00 0.000000000000000000e+00
-2.879577089683637015e-01 1.354734413613573496e+00 0.000000000000000000e+00
-3.016593733906611230e-01 1.306630214551010916e+00 0.000000000000000000e+00
-3.285299622020843024e-01 1.317661630587700028e+00 0.000000000000000000e+00
-3.798283001250247759e-01 1.324618632002176000e+00 0.000000000000000000e+00
-4.204305193239084582e-01 1.375166198754125935e+00 0.000000000000000000e+00
-4.554910613339753223e-01 1.401857277175706074e+00 0.000000000000000000e+00
-4.720738575884064203e-01 1.371001973472095292e+00 0.000000000000000000e+00
-5.140563010506484787e-01 1.412358022039212013e+00 0.000000000000000000e+00
-8.136455209489671381e-01 2.013843258041916329e+00 0.000000000000000000e+00
-1.722529786196187018e+00 3.868865113509895703e+00 0.000000000000000000e+00
-1.791056205385316069e+00 3.840932303206674447e+00 0.000000000000000000e+00
-1.856501911833747576e+00 3.806392883324665632e+00 0.000000000000000000e+00
-1.992906775224689175e+00 3.748112406753584480e+00 0.000000000000000000e+00
-2.061410479082350200e+00 3.718882843543534378e+00 0.000000000000000000e+00
-2.140500112100070407e+00 3.707454847454163094e+00 0.000000000000000000e+00
-2.207453115691096812e+00 3.673818832325595807e+00 0.000000000000000000e+00
-2.273883545850960974e+00 3.638974260765531099e+00 0.000000000000000000e+00
-2.350117508184138337e+00 3.618863522093494822e+00 0.000000000000000000e+00
-2.408443964742791987e+00 3.570664930906530810e+00 0.000000000000000000e+00
-2.254854955556310436e+00 2.784513913240406424e+00 0.000000000000000000e+00
-2.292180634644785719e+00 2.731714448717827981e+00 0.000000000000000000e+00
-2.676720819723777733e+00 3.079215002350222719e+00 0.000000000000000000e+00
-1.860834620276855533e+00 1.675502986590904575e+00 0.000000000000000000e+00
-1.922245264289967670e+00 1.670982284208176516e+00 0.000000000000000000e+00
-1.710577285103011214e+00 1.435344742761198722e+00 0.000000000000000000e+00
-1.782480402964309985e+00 1.392626293273750759e+00 0.000000000000000000e+00
-4.216994554874590406e+00 2.952771323526169223e+00 0.000000000000000000e+00
-4.374002275969616882e+00 2.950301735641411405e+00 0.000000000000000000e+00
-4.818565480289244363e+00 2.782000027940911391e+00 0.000000000000000000e+00
-3.679761003087818061e+00 1.638335123457868248e+00 0.000000000000000000e+00
-3.784195519509746752e+00 1.606295667663151905e+00 0.000000000000000000e+00
-6.435199659225065538e+00 2.215816895272456843e+00 0.000000000000000000e+00
-2.371635817307929717e+00 7.250818192912045212e-01 0.000000000000000000e+00
-3.486117946544737833e+00 7.409972252516170421e-01 0.000000000000000000e+00
