-7.266893167648777130e+00 -1.268444710819374432e-01 0.000000000000000000e+00
-7.258575574894782001e+00 -2.534754224333831130e-01 0.000000000000000000e+00
-4.472861765434004155e+00 -2.344129848110184100e-01 0.000000000000000000e+00
-3.967312211628265306e+00 -2.774217011954714374e-01 0.000000000000000000e+00
-3.976271884447712068e+00 -9.913961405003617333e-01 0.000000000000000000e+00
-3.050612179630241894e+00 -9.326659072562689667e-01 0.000000000000000000e+00
-3.012946978503447948e+00 -9.789659830465498036e-01 0.000000000000000000e+00
-2.984056477936055440e+00 -1.027493210883212438e+00 0.000000000000000000e+00
-2.969428708761740143e+00 -1.080783829464313062e+00 0.000000000000000000e+00
-3.794321126896973428e+00 -1.610593983144134045e+00 0.000000000000000000e+00
-3.791213653577358844e+00 -1.687957293440299544e+00 0.000000000000000000e+00
-3.828243984413568057e+00 -1.785139715104100189e+00 0.000000000000000000e+00
-3.816279261824601754e+00 -1.861323993409383482e+00 0.000000000000000000e+00
-2.972397660458621083e+00 -1.514512436078083724e+00 0.000000000000000000e+00
-3.732002363826309121e+00 -2.068682926220316354e+00 0.000000000000000000e+00
-3.663287372541802256e+00 -2.115000186179063046e+00 0.000000000000000000e+00
-3.810108688681613121e+00 -2.289344514594198632e+00 0.000000000000000000e+00
-3.609292624685640050e+00 -2.255336583875581891e+00 0.000000000000000000e+00
-3.461193204865559814e+00 -2.247725384050522024e+00 0.000000000000000000e+00
-3.364234433973475991e+00 -2.269205011749507062e+00 0.000000000000000000e+00
-2.718296922600902832e+00 -1.974958514911748120e+00 0.000000000000000000e+00
-2.928596355193256340e+00 -2.206855861631006110e+00 0.000000000000000000e+00
-2.774410924921287602e+00 -2.246673884441395153e+00 0.000000000000000000e+00
-2.668898710028854371e+00 -2.239472136390499912e+00 0.000000000000000000e+00
-2.566012540490759886e+00 -2.230600881050373907e+00 0.000000000000000000e+00
-2.457579776627826451e+00 -2.212814977418259499e+00 0.000000000000000000e+00
-2.363003668492264175e+00 -2.203536774729224046e+00 0.000000000000000000e+00
-2.278868373174150808e+00 -2.200677811262237604e+00 0.000000000000000000e+00
-2.194859412156475287e+00 -2.194859614924725921e+00 0.000000000000000000e+00
-2.079412914341445706e+00 -2.229897549860345496e+00 0.000000000000000000e+00
-1.998693011901706118e+00 -2.219773676708570065e+00 0.000000000000000000e+00
-1.922908909235093722e+00 -2.212053863096843376e+00 0.000000000000000000e+00
-1.851228289041493502e+00 -2.206208168109302648e+00 0.000000000000000000e+00
-1.780976558851486535e+00 -2.199323092453174144e+00 0.000000000000000000e+00
-1.723852001724385463e+00 -2.206430150519617772e+00 0.000000000000000000e+00
-1.657398443551325151e+00 -2.199442228307074032e+00 0.000000000000000000e+00
-1.619348337090664947e+00 -2.228841984917542263e+00 0.000000000000000000e+00
-1.586430102274361653e+00 -2.351979575708340597e+00 0.000000000000000000e+00
2.230960250385793930e+00 -3.570282437342466864e+00 0.000000000000000000e+00
2.223761401755242950e+00 -3.424292003218015523e+00 0.000000000000000000e+00
2.188681158610374489e+00 -3.244853009721242021e+00 0.000000000000000000e+00
2.142881709477795216e+00 -3.060352011654903670e+00 0.000000000000000000e+00
2.229288670401737171e+00 -2.564503077982321244e+00 0.000000000000000000e+00
2.133188430390925650e+00 -2.369145603246549658e+00 0.000000000000000000e+00
2.116923049924504419e+00 -2.270121884185454686e+00 0.000000000000000000e+00
2.119402845386299195e+00 -2.194705743502813888e+00 0.000000000000000000e+00
2.097278841001762206e+00 -2.097278698287564414e+00 0.000000000000000000e+00
2.109104307361544528e+00 -2.036738216388301215e+00 0.000000000000000000e+00
2.140672385496596331e+00 -1.996209158867669586e+00 0.000000000000000000e+00
2.256581717744091442e+00 -1.961616427381472016e+00 0.000000000000000000e+00
2.342564039818719301e+00 -1.965644488699328951e+00 0.000000000000000000e+00
2.420032652801988871e+00 -1.959703668968288293e+00 0.000000000000000000e+00
2.543698719761328331e+00 -1.987355112415674308e+00 0.000000000000000000e+00
2.634698632851379063e+00 -1.985387689508524289e+00 0.000000000000000000e+00
2.766838248434613678e+00 -2.010225516913431321e+00 0.000000000000000000e+00
2.869489693975987077e+00 -2.009238174820826561e+00 0.000000000000000000e+00
3.018375418351462169e+00 -1.960155776754105350e+00 0.000000000000000000e+00
3.129297586436042611e+00 -1.955402014372632502e+00 0.000000000000000000e+00
3.269236054804022462e+00 -1.964355056669206734e+00 0.000000000000000000e+00
3.319475386122884064e+00 -1.916499866134621755e+00 0.000000000000000000e+00
3.389151425019415242e+00 -1.878637170474613871e+00 0.000000000000000000e+00
3.441729776705426236e+00 -1.830000043445055624e+00 0.000000000000000000e+00
3.516082309920817384e+00 -1.714907789721045628e+00 0.000000000000000000e+00
3.565414900102798157e+00 -1.662580136468946534e+00 0.000000000000000000e+00
3.591147238625989058e+00 -1.598881629615590327e+00 0.000000000000000000e+00
3.719760059994405843e+00 -1.578944331504220422e+00 0.000000000000000000e+00
3.736551175104942057e+00 -1.509664534549718384e+00 0.000000000000000000e+00
3.829547175539494752e+00 -1.470025295923736541e+00 0.000000000000000000e+00
3.877171728498023828e+00 -1.411174967761578802e+00 0.000000000000000000e+00
3.995388667553515294e+00 -1.298180338029287562e+00 0.000000000000000000e+00
4.023173933944786285e+00 -1.230007575427583655e+00 0.000000000000000000e+00
4.074788213911713974e+00 -1.168426585535040640e+00 0.000000000000000000e+00
4.145753502856004857e+00 -1.110851169950259010e+00 0.000000000000000000e+00
4.191677735252598680e+00 -1.045102505471103393e+00 0.000000000000000000e+00
1.071807101843027077e+00 -2.474461333117555784e-01 0.000000000000000000e+00
1.043469666399717610e+00 -2.028299244643717303e-01 0.000000000000000000e+00
1.036017806600704860e+00 -1.826778605078984430e-01 0.000000000000000000e+00
1.036085098559127227e+00 -1.640997274974901887e-01 0.000000000000000000e+00
1.034830093557979946e+00 -1.454358544985191459e-01 0.000000000000000000e+00
1.040188348838394727e+00 -1.277190391684922544e-01 0.000000000000000000e+00
1.037286322931520566e+00 -1.090231555709233469e-01 0.000000000000000000e+00
1.042019660612891752e+00 -9.116487742842703523e-02 0.000000000000000000e+00
1.039461797619245953e+00 -7.268621989545970274e-02 0.000000000000000000e+00
1.040365860529601338e+00 -3.633034701804784689e-02 0.000000000000000000e+00
1.042841129395635669e+00 -1.820283033686002222e-02 0.000000000000000000e+00
1.046000003814696822e+00 2.922490249801512288e-08 0.000000000000000000e+00
1.046840586857719968e+00 1.827269952881885318e-02 0.000000000000000000e+00
1.051359194756712467e+00 3.671430121895308263e-02 0.000000000000000000e+00
5.142442878534168926e+00 3.595947776836259657e-01 0.000000000000000000e+00
5.155307740337075728e+00 4.510311258954263769e-01 0.000000000000000000e+00
5.148336670828159711e+00 6.321363985735770630e-01 0.000000000000000000e+00
5.237527829802447243e+00 7.360866764258592321e-01 0.000000000000000000e+00
3.310258511944408344e+00 1.614521052937364143e+00 0.000000000000000000e+00
3.806599353585807588e+00 2.665409693980813621e+00 0.000000000000000000e+00
3.759501777134639511e+00 2.731438057728615032e+00 0.000000000000000000e+00
3.716050866530325347e+00 2.800245314498876592e+00 0.000000000000000000e+00
1.835567703398296002e+00 1.652752657712472484e+00 0.000000000000000000e+00
4.655797696780027195e+00 4.341601782846879587e+00 0.000000000000000000e+00
4.602335774697886350e+00 4.444424191111640887e+00 0.000000000000000000e+00
4.389011538450898975e+00 4.389011730300697245e+00 0.000000000000000000e+00
3.988018344418553962e+00 4.429143273737373043e+00 0.000000000000000000e+00
3.856971059492984910e+00 4.436937845411057957e+00 0.000000000000000000e+00
3.715955166076975846e+00 4.428503109573813212e+00 0.000000000000000000e+00
3.561323949986086035e+00 4.397869008575164607e+00 0.000000000000000000e+00
3.427387287394935367e+00 4.386855867854366764e+00 0.000000000000000000e+00
3.296742704658699896e+00 4.374925523527694260e+00 0.000000000000000000e+00
3.155231162613101770e+00 4.342803315614454540e+00 0.000000000000000000e+00
1.004859003877032420e+00 1.547347242185478589e+00 0.000000000000000000e+00
2.646265546862879514e+00 4.404125653644091365e+00 0.000000000000000000e+00
2.477499876769272635e+00 4.291155858802525813e+00 0.000000000000000000e+00
2.376536649975968807e+00 4.287385807823947736e+00 0.000000000000000000e+00
2.276936950989122632e+00 4.282295785692094903e+00 0.000000000000000000e+00
2.104181504992453711e+00 4.314211634250504801e+00 0.000000000000000000e+00
1.995603401567376034e+00 4.279585519239539337e+00 0.000000000000000000e+00
1.903934239563630726e+00 4.276306536010047843e+00 0.000000000000000000e+00
1.827058721751561032e+00 4.304280838095729145e+00 0.000000000000000000e+00
1.725063289785431442e+00 4.269681700302901284e+00 0.000000000000000000e+00
1.640250076125900014e+00 4.272997774373318514e+00 0.000000000000000000e+00
1.002118991907369194e+00 2.753299460148816991e+00 0.000000000000000000e+00
1.221624728734512111e+00 4.260312012319094954e+00 0.000000000000000000e+00
1.139062547752833332e+00 4.251039603881458184e+00 0.000000000000000000e+00
9.879850002849972501e-01 4.279433535135641620e+00 0.000000000000000000e+00
8.998417384988103285e-01 4.233422898791921796e+00 0.000000000000000000e+00
8.229591625665552135e-01 4.233758254877510119e+00 0.000000000000000000e+00
2.141587531048918247e-01 1.352145300467929578e+00 0.000000000000000000e+00
1.839868211222816519e-01 1.309134416420153046e+00 0.000000000000000000e+00
1.622080703833753690e-01 1.321078901202873190e+00 0.000000000000000000e+00
1.417405682452732574e-01 1.348571639356650476e+00 0.000000000000000000e+00
9.849611382500059187e-02 1.408560381589815558e+00 0.000000000000000000e+00
7.641047452464960754e-02 1.457999160072487532e+00 0.000000000000000000e+00
5.015055498776601478e-02 1.436124655448509646e+00 0.000000000000000000e+00
2.462532327478666322e-02 1.410785111606788211e+00 0.000000000000000000e+00
-3.383032357666732250e-08 2.144999980926513228e+00 0.000000000000000000e+00
-2.942328658165239696e-01 4.207725094822620804e+00 0.000000000000000000e+00
-3.673615323666046262e-01 4.198960798918370152e+00 0.000000000000000000e+00
-5.136793630714084902e-01 4.183582173003236981e+00 0.000000000000000000e+00
-5.878672367170697521e-01 4.182892291063117440e+00 0.000000000000000000e+00
-6.620306971955529640e-01 4.179896923427665278e+00 0.000000000000000000e+00
-7.360946581676414135e-01 4.174599900377993222e+00 0.000000000000000000e+00
-8.122739471868757333e-01 4.178786878376881120e+00 0.000000000000000000e+00
-8.911095193695824923e-01 4.192340383987618324e+00 0.000000000000000000e+00
-9.645902036062290463e-01 4.178098928355160169e+00 0.000000000000000000e+00
-1.155766977115408878e+00 3.356590883032237294e+00 0.000000000000000000e+00
-1.226142270892067732e+00 3.368798065341025882e+00 0.000000000000000000e+00
-1.177904207132562719e+00 2.215315551939475380e+00 0.000000000000000000e+00
-1.102499984225210117e+00 1.909585936355606473e+00 0.000000000000000000e+00
-1.198677442123498249e+00 1.918284850957610921e+00 0.000000000000000000e+00
-1.186995324144201502e+00 1.519284699288943052e+00 0.000000000000000000e+00
-3.509719955213470577e+00 4.334143099886563100e+00 0.000000000000000000e+00
-3.011875626366428360e+00 2.908534427895483443e+00 0.000000000000000000e+00
-1.292301972815940170e+00 1.205091062743417707e+00 0.000000000000000000e+00
-1.959015725207924996e+00 1.321372767907061707e+00 0.000000000000000000e+00
-2.944572310694742345e+00 1.912227583519686469e+00 0.000000000000000000e+00
-6.862140365120780849e+00 1.209980456715098462e+00 0.000000000000000000e+00
-6.722929957111606569e+00 9.448461556967664432e-01 0.000000000000000000e+00
-6.688768364411012968e+00 8.212774557117388241e-01 0.000000000000000000e+00
-6.685176305169250099e+00 7.026403133302969728e-01 0.000000000000000000e+00
-6.745234212100473137e+00 5.901314972971557493e-01 0.000000000000000000e+00
-7.378876105159227983e+00 1.287987339151884514e-01 0.000000000000000000e+00
