-7.273566303839773539e+00 -2.539989110039310716e-01 0.000000000000000000e+00
-4.631643781029493034e+00 -2.427344058971084018e-01 0.000000000000000000e+00
-3.984270760464581063e+00 -2.786075593324205957e-01 0.000000000000000000e+00
-3.078345059081574853e+00 -9.411447009053001134e-01 0.000000000000000000e+00
-3.021506546873364396e+00 -9.817471558728541048e-01 0.000000000000000000e+00
-2.985947603423130925e+00 -1.028144377713755331e+00 0.000000000000000000e+00
-2.973187430784387963e+00 -1.082151892610446975e+00 0.000000000000000000e+00
-3.786036305984463279e+00 -1.607077284829242503e+00 0.000000000000000000e+00
-3.788472780291107789e+00 -1.686736977869438103e+00 0.000000000000000000e+00
-3.815555731000989770e+00 -1.779223084613902106e+00 0.000000000000000000e+00
-3.801000013690672752e+00 -1.853871805243431314e+00 0.000000000000000000e+00
-3.823162911144512677e+00 -2.032812016430307178e+00 0.000000000000000000e+00
-3.767861674101995906e+00 -2.088560068751730725e+00 0.000000000000000000e+00
-3.809251174803307993e+00 -2.288829268218336210e+00 0.000000000000000000e+00
-3.586395368831071906e+00 -2.241028788922640125e+00 0.000000000000000000e+00
-3.482998658150710192e+00 -2.261886012469317198e+00 0.000000000000000000e+00
-3.375011931557671652e+00 -2.276474526407940235e+00 0.000000000000000000e+00
-3.091479654420934864e+00 -2.164677577290605726e+00 0.000000000000000000e+00
-2.725578126221038122e+00 -1.980248619524246800e+00 0.000000000000000000e+00
-2.696193327988855248e+00 -2.031727601999959276e+00 0.000000000000000000e+00
-2.824230524089644589e+00 -2.206530928804101954e+00 0.000000000000000000e+00
-2.715347853368372366e+00 -2.198845547549810320e+00 0.000000000000000000e+00
-2.578087737818399727e+00 -2.241097690934529485e+00 0.000000000000000000e+00
-2.481360458238185629e+00 -2.234227201322878553e+00 0.000000000000000000e+00
-2.372511274571060813e+00 -2.212402761656631078e+00 0.000000000000000000e+00
-2.285342476364613518e+00 -2.206929780619831138e+00 0.000000000000000000e+00
-2.199101913731613678e+00 -2.199102116891800573e+00 0.000000000000000000e+00
-2.122875874901877236e+00 -2.198302523490897276e+00 0.000000000000000000e+00
-2.043267021249440596e+00 -2.191135821543916506e+00 0.000000000000000000e+00
-1.928157313619398572e+00 -2.218091462245528334e+00 0.000000000000000000e+00
-1.856370523434969666e+00 -2.212336444988160178e+00 0.000000000000000000e+00
-1.787269756407646293e+00 -2.207094544941890391e+00 0.000000000000000000e+00
-1.728777376615712180e+00 -2.212734343485118771e+00 0.000000000000000000e+00
-1.662814816315198119e+00 -2.206629998409951998e+00 0.000000000000000000e+00
-1.615821601130773333e+00 -2.223987848844974025e+00 0.000000000000000000e+00
-1.621500425932840272e+00 -2.315742822229622799e+00 0.000000000000000000e+00
-1.575640558871142405e+00 -2.426273928912606070e+00 0.000000000000000000e+00
2.187881947657726922e+00 -3.641246739055296722e+00 0.000000000000000000e+00
2.235198772255163835e+00 -3.441904007954588618e+00 0.000000000000000000e+00
2.194832235009628096e+00 -3.253972354806579315e+00 0.000000000000000000e+00
2.158941780490351459e+00 -3.083288168332713575e+00 0.000000000000000000e+00
2.151254924270534552e+00 -2.389210476059080435e+00 0.000000000000000000e+00
2.120332957297657916e+00 -2.273778561905089646e+00 0.000000000000000000e+00
2.123570659286043050e+00 -2.199021640843203951e+00 0.000000000000000000e+00
2.116370689677195660e+00 -2.116370545663849079e+00 0.000000000000000000e+00
2.111262341925533637e+00 -2.038822206001058568e+00 0.000000000000000000e+00
2.118000319596642367e+00 -1.975067116812766255e+00 0.000000000000000000e+00
2.219030561403151580e+00 -1.998023956828538727e+00 0.000000000000000000e+00
2.340265890352803524e+00 -1.963716112460686558e+00 0.000000000000000000e+00
2.413038290045249834e+00 -1.954039746070137973e+00 0.000000000000000000e+00
2.528726660847970820e+00 -1.975657658784985671e+00 0.000000000000000000e+00
2.637094556197036699e+00 -1.987193147125635440e+00 0.000000000000000000e+00
2.767647206811326921e+00 -2.010813259536951225e+00 0.000000000000000000e+00
2.865393839916329899e+00 -2.006370227132275641e+00 0.000000000000000000e+00
3.011893481803606498e+00 -2.031547662717766656e+00 0.000000000000000000e+00
3.127601410950885619e+00 -1.954342126372596633e+00 0.000000000000000000e+00
3.275236404230720932e+00 -1.967960430077712042e+00 0.000000000000000000e+00
3.318609423471972963e+00 -1.915999902401952726e+00 0.000000000000000000e+00
3.385652991170600590e+00 -1.876697957072016365e+00 0.000000000000000000e+00
3.434666286784203049e+00 -1.826244319520940573e+00 0.000000000000000000e+00
3.475816527198885009e+00 -1.771016840073715404e+00 0.000000000000000000e+00
3.557258072855058906e+00 -1.658776545768097410e+00 0.000000000000000000e+00
3.592974414946677353e+00 -1.599695140858402809e+00 0.000000000000000000e+00
3.668211792788853121e+00 -1.557063392145138447e+00 0.000000000000000000e+00
3.730988033001874093e+00 -1.507416879442084134e+00 0.000000000000000000e+00
3.815543148457177125e+00 -1.464649654075713903e+00 0.000000000000000000e+00
3.871533533279352124e+00 -1.409122832722663476e+00 0.000000000000000000e+00
3.950376625104218498e+00 -1.360223620108447884e+00 0.000000000000000000e+00
4.015523594322711887e+00 -1.227668632134490734e+00 0.000000000000000000e+00
4.065175835219311473e+00 -1.165670280611980303e+00 0.000000000000000000e+00
4.135128628197536571e+00 -1.108004243707103376e+00 0.000000000000000000e+00
4.165479798566281922e+00 -1.038570627068625907e+00 0.000000000000000000e+00
1.039770870665850833e+00 -2.210100890668549312e-01 0.000000000000000000e+00
1.034635076931160080e+00 -2.011126545021658385e-01 0.000000000000000000e+00
1.040035801075369637e+00 -1.647254571863358552e-01 0.000000000000000000e+00
1.037800918552972629e+00 -1.458533766351500782e-01 0.000000000000000000e+00
1.041180941375279279e+00 -1.278409141781847724e-01 0.000000000000000000e+00
1.037286322931520566e+00 -1.090231555709233469e-01 0.000000000000000000e+00
1.040027296862943373e+00 -9.099056824413577493e-02 0.000000000000000000e+00
1.039461797619245953e+00 -7.268621989545970274e-02 0.000000000000000000e+00
1.039573355795116782e+00 -5.448170143111392277e-02 0.000000000000000000e+00
1.042841129395635669e+00 -1.820283033686002222e-02 0.000000000000000000e+00
1.047000050544738325e+00 2.925284348087586419e-08 0.000000000000000000e+00
1.047840362084182075e+00 1.829015069811706917e-02 0.000000000000000000e+00
1.052358513147670482e+00 3.674919821381672502e-02 0.000000000000000000e+00
5.174364517097600036e+00 3.618269569792734730e-01 0.000000000000000000e+00
5.170250527766468096e+00 4.523384508074895782e-01 0.000000000000000000e+00
5.141388878079802716e+00 6.312833167013545133e-01 0.000000000000000000e+00
5.189995102452469311e+00 7.294063859465583777e-01 0.000000000000000000e+00
3.377667893182464187e+00 1.647398806980323815e+00 0.000000000000000000e+00
3.806111502086125586e+00 2.567254753476028384e+00 0.000000000000000000e+00
3.810695207485206293e+00 2.668277641898237906e+00 0.000000000000000000e+00
3.750602849582702181e+00 2.724972608094792470e+00 0.000000000000000000e+00
5.115421343030303269e+00 4.446768132979829424e+00 0.000000000000000000e+00
4.441337692670519033e+00 4.441337886807566804e+00 0.000000000000000000e+00
3.984672614890543141e+00 4.425427464492043939e+00 0.000000000000000000e+00
3.836633139996967312e+00 4.413541744347062590e+00 0.000000000000000000e+00
3.756450607918193185e+00 4.476763699947599484e+00 0.000000000000000000e+00
3.540556382422478165e+00 4.372223197339193845e+00 0.000000000000000000e+00
3.301557162726153294e+00 4.381314525451165842e+00 0.000000000000000000e+00
3.148177690457058642e+00 4.333095043640970978e+00 0.000000000000000000e+00
2.930402045661635313e+00 4.185048023096663350e+00 0.000000000000000000e+00
2.477499876769272635e+00 4.291155858802525813e+00 0.000000000000000000e+00
2.376051875511581368e+00 4.286511251499040220e+00 0.000000000000000000e+00
2.279284362443466438e+00 4.286710624747631648e+00 0.000000000000000000e+00
2.179608359854127819e+00 4.277722470327455007e+00 0.000000000000000000e+00
2.001520031194172322e+00 4.292273773054728458e+00 0.000000000000000000e+00
1.910035234643982838e+00 4.290009596019228155e+00 0.000000000000000000e+00
1.823151321209217413e+00 4.295075578800586769e+00 0.000000000000000000e+00
1.724314130935767686e+00 4.267827466982900830e+00 0.000000000000000000e+00
1.642758640714572449e+00 4.279532808914871644e+00 0.000000000000000000e+00
1.034268836778686085e+00 2.841630438049540075e+00 0.000000000000000000e+00
9.496822739751739073e-01 2.758077754740433818e+00 0.000000000000000000e+00
1.374198505240455503e+00 4.229348378378201545e+00 0.000000000000000000e+00
1.220522127858027606e+00 4.256466785836370725e+00 0.000000000000000000e+00
1.136215497965864962e+00 4.240414268668302178e+00 0.000000000000000000e+00
9.002575317078542749e-01 4.235379052209816919e+00 0.000000000000000000e+00
8.206694388120117090e-01 4.221978646255188927e+00 0.000000000000000000e+00
2.149409246002586260e-01 1.357083737474528151e+00 0.000000000000000000e+00
1.852393710498966284e-01 1.318046773340736610e+00 0.000000000000000000e+00
1.618424598460201924e-01 1.318101241917389865e+00 0.000000000000000000e+00
1.417405682452732574e-01 1.348571639356650476e+00 0.000000000000000000e+00
1.219308654202147651e-01 1.393676433088145927e+00 0.000000000000000000e+00
1.012166180612811828e-01 1.447465413842970783e+00 0.000000000000000000e+00
5.015055498776601478e-02 1.436124655448509646e+00 0.000000000000000000e+00
2.488710888312012370e-02 1.425782812735362448e+00 0.000000000000000000e+00
-3.435078997753083666e-08 2.177999973297118697e+00 0.000000000000000000e+00
-2.938840753888376511e-01 4.202737160414488748e+00 0.000000000000000000e+00
-3.669257436034900621e-01 4.193979711429054014e+00 0.000000000000000000e+00
-4.415282892971381656e-01 4.200860456667296461e+00 0.000000000000000000e+00
-5.141668051718906174e-01 4.187552069846581126e+00 0.000000000000000000e+00
-5.899548148680623383e-01 4.197746179848523163e+00 0.000000000000000000e+00
-7.376575442252569781e-01 4.183463466915298135e+00 0.000000000000000000e+00
-8.115106754832295266e-01 4.174860186168077192e+00 0.000000000000000000e+00
-8.888225572404435670e-01 4.181581073844212071e+00 0.000000000000000000e+00
-9.600911865368542131e-01 4.158611545707139534e+00 0.000000000000000000e+00
-1.159022655679956548e+00 3.366046059728077910e+00 0.000000000000000000e+00
-1.211777405438446031e+00 3.329330923478412085e+00 0.000000000000000000e+00
-1.244207432382111067e+00 2.794535553282223805e+00 0.000000000000000000e+00
-1.171331521828921973e+00 2.202954129097965286e+00 0.000000000000000000e+00
-1.223659473449208779e+00 2.207540064594765372e+00 0.000000000000000000e+00
-1.085500023934564240e+00 1.880141142202221838e+00 0.000000000000000000e+00
-1.195497904243564280e+00 1.913196526831548949e+00 0.000000000000000000e+00
-2.941873695640166986e+00 4.201430955796793931e+00 0.000000000000000000e+00
-3.055895503024965265e+00 4.206079224761454682e+00 0.000000000000000000e+00
-3.516642277948758277e+00 4.342691456365479930e+00 0.000000000000000000e+00
-1.954261127085343164e+00 1.472641360904624497e+00 0.000000000000000000e+00
-2.927798915244351541e+00 1.901334813342834273e+00 0.000000000000000000e+00
-2.939334783779436133e+00 1.836700188974077719e+00 0.000000000000000000e+00
-6.720231376579175908e+00 1.064380052223051543e+00 0.000000000000000000e+00
-6.726891214490253290e+00 9.454028740963059674e-01 0.000000000000000000e+00
-6.709044523371368030e+00 7.051489640450439023e-01 0.000000000000000000e+00
-6.732283669619888222e+00 5.889984716994428604e-01 0.000000000000000000e+00
-7.370003216871732654e+00 5.153607982745747051e-01 0.000000000000000000e+00
-7.383875458058824393e+00 1.288859979259519839e-01 0.000000000000000000e+00
-7.388000011444090909e+00 -2.662449420497500443e-08 0.000000000000000000e+00
