-7.126914147183815551e+00 -1.244011208903464810e-01 0.000000000000000000e+00
-3.961326785488906044e+00 -2.770031591162536722e-01 0.000000000000000000e+00
-3.085039163086928049e+00 -9.431912942504356856e-01 0.000000000000000000e+00
-3.022457534442397620e+00 -9.820561505173088790e-01 0.000000000000000000e+00
-2.988784178939149161e+00 -1.029121089148815615e+00 0.000000000000000000e+00
-2.967549235730328583e+00 -1.080099757119262094e+00 0.000000000000000000e+00
-3.783837097176760533e+00 -1.528769638546685572e+00 0.000000000000000000e+00
-3.772942762247855963e+00 -1.679822567440832692e+00 0.000000000000000000e+00
-3.808305362216833689e+00 -1.775842181693805033e+00 0.000000000000000000e+00
-3.805494086674106047e+00 -1.856063711364106084e+00 0.000000000000000000e+00
-3.735099178682451448e+00 -1.903128316695954503e+00 0.000000000000000000e+00
-3.819631376845639359e+00 -2.030934266115702602e+00 0.000000000000000000e+00
-3.779231739999278528e+00 -2.094862599912936219e+00 0.000000000000000000e+00
-3.861607263774283538e+00 -2.229500241518339809e+00 0.000000000000000000e+00
-3.597420003455925386e+00 -2.247917745950739121e+00 0.000000000000000000e+00
-3.510674779634995080e+00 -2.279859097792853451e+00 0.000000000000000000e+00
-3.383302101452333677e+00 -2.282066317183056636e+00 0.000000000000000000e+00
-3.233193033048070042e+00 -2.263906363311425363e+00 0.000000000000000000e+00
-2.782209259868957396e+00 -2.021393550630613767e+00 0.000000000000000000e+00
-2.695394750391757022e+00 -2.031125830558156320e+00 0.000000000000000000e+00
-2.825018477699805519e+00 -2.207146545693889461e+00 0.000000000000000000e+00
-2.726227848981428892e+00 -2.207655995125230142e+00 0.000000000000000000e+00
-2.623702077973354196e+00 -2.201547655492575029e+00 0.000000000000000000e+00
-2.482103549169907719e+00 -2.234896283465780176e+00 0.000000000000000000e+00
-2.373242575233028617e+00 -2.213084710619943163e+00 0.000000000000000000e+00
-2.288219798392386650e+00 -2.209708378461160638e+00 0.000000000000000000e+00
-2.204051807979483524e+00 -2.204052011596957517e+00 0.000000000000000000e+00
-2.125654472477390033e+00 -2.201179845775365962e+00 0.000000000000000000e+00
-2.045313030537768473e+00 -2.193329898087140517e+00 0.000000000000000000e+00
-1.969251326703512994e+00 -2.187075369659051471e+00 0.000000000000000000e+00
-1.859584381617767290e+00 -2.216166572377637589e+00 0.000000000000000000e+00
-1.791045704949674855e+00 -2.211757453492328995e+00 0.000000000000000000e+00
-1.728777376615712180e+00 -2.212734343485118771e+00 0.000000000000000000e+00
-1.662213044947170149e+00 -2.205831420757260020e+00 0.000000000000000000e+00
-1.610531497190935690e+00 -2.216706644736121667e+00 0.000000000000000000e+00
-1.607161097993087928e+00 -2.295264137660067760e+00 0.000000000000000000e+00
-1.625573698914815735e+00 -2.410012349850816804e+00 0.000000000000000000e+00
2.205393201992403185e+00 -3.670390357983717600e+00 0.000000000000000000e+00
2.176378476120606198e+00 -3.482933346284348808e+00 0.000000000000000000e+00
2.224469445521826572e+00 -3.297911322961862179e+00 0.000000000000000000e+00
2.195077077019888190e+00 -3.134894716158848293e+00 0.000000000000000000e+00
2.134248379258694150e+00 -2.937540665311254795e+00 0.000000000000000000e+00
2.124975333200552541e+00 -2.444504318791194120e+00 0.000000000000000000e+00
2.145566857222901191e+00 -2.300838604756285211e+00 0.000000000000000000e+00
2.140937185409600652e+00 -2.217005203860038964e+00 0.000000000000000000e+00
2.128391477043675817e+00 -2.128391332212346665e+00 0.000000000000000000e+00
2.117736445617499630e+00 -2.045074174839329739e+00 0.000000000000000000e+00
2.124582549151627475e+00 -1.981205144757842040e+00 0.000000000000000000e+00
2.198965687361244647e+00 -1.979957464314290760e+00 0.000000000000000000e+00
2.292807852063398766e+00 -1.993107323378059625e+00 0.000000000000000000e+00
2.416146833952897754e+00 -1.956556995122093356e+00 0.000000000000000000e+00
2.529514614507513581e+00 -1.976273275611567293e+00 0.000000000000000000e+00
2.629108208514695288e+00 -1.981175002896557125e+00 0.000000000000000000e+00
2.737713625141370954e+00 -1.989065240938610035e+00 0.000000000000000000e+00
2.849830102272415733e+00 -1.995472381469091339e+00 0.000000000000000000e+00
2.962151273796566286e+00 -1.997996122125231810e+00 0.000000000000000000e+00
3.079598332708415764e+00 -1.999914399394906228e+00 0.000000000000000000e+00
3.236151587240262195e+00 -2.022171799810108528e+00 0.000000000000000000e+00
3.319475386122884064e+00 -1.916499866134621755e+00 0.000000000000000000e+00
3.342796603077241802e+00 -1.852942275024257679e+00 0.000000000000000000e+00
3.426719702739491336e+00 -1.822019046158259048e+00 0.000000000000000000e+00
3.457996413422886661e+00 -1.761937039301044505e+00 0.000000000000000000e+00
3.511588451050762227e+00 -1.712715988476683382e+00 0.000000000000000000e+00
3.554539130439145378e+00 -1.657508682201147554e+00 0.000000000000000000e+00
3.618504621344929895e+00 -1.535963951503634073e+00 0.000000000000000000e+00
3.693900492667375968e+00 -1.492432541828910164e+00 0.000000000000000000e+00
3.803406592085341487e+00 -1.459990867003978732e+00 0.000000000000000000e+00
3.865895338060679975e+00 -1.407070697683748151e+00 0.000000000000000000e+00
3.942812573805376530e+00 -1.357619108636044958e+00 0.000000000000000000e+00
4.003948009396978591e+00 -1.300961436493597967e+00 0.000000000000000000e+00
4.056644910794038772e+00 -1.240240678882092773e+00 0.000000000000000000e+00
4.123537437125270877e+00 -1.104898393792275613e+00 0.000000000000000000e+00
4.164509110486034338e+00 -1.038328607378952162e+00 0.000000000000000000e+00
1.043683527324603011e+00 -2.218417497923425297e-01 0.000000000000000000e+00
1.035616632972622186e+00 -2.013034496389657646e-01 0.000000000000000000e+00
1.032078508886113744e+00 -1.819832561547490291e-01 0.000000000000000000e+00
1.042011152333490953e+00 -1.650383220307586885e-01 0.000000000000000000e+00
1.041180941375279279e+00 -1.278409141781847724e-01 0.000000000000000000e+00
1.041264477864964233e+00 -1.094412763873323924e-01 0.000000000000000000e+00
1.039031055610137866e+00 -9.090340845710476181e-02 0.000000000000000000e+00
1.040459289368800055e+00 -7.275597128489802445e-02 0.000000000000000000e+00
1.041570589153674842e+00 -5.458637193937833365e-02 0.000000000000000000e+00
1.045362809904152535e+00 -3.650484419418226212e-02 0.000000000000000000e+00
1.052000045776366743e+00 2.939254173384142301e-08 0.000000000000000000e+00
1.047840362084182075e+00 1.829015069811706917e-02 0.000000000000000000e+00
1.049360319701456046e+00 3.664449890853078984e-02 0.000000000000000000e+00
5.191323303800578159e+00 3.630128313347664726e-01 0.000000000000000000e+00
5.186189437688133452e+00 4.537329251724756540e-01 0.000000000000000000e+00
5.172508575514716433e+00 5.436527001070481369e-01 0.000000000000000000e+00
5.148336670828159711e+00 6.321363985735770630e-01 0.000000000000000000e+00
5.152770058611254811e+00 8.161187430052451175e-01 0.000000000000000000e+00
3.869947511181279332e+00 2.610312687460003556e+00 0.000000000000000000e+00
3.761546132498804873e+00 2.633863087396845604e+00 0.000000000000000000e+00
3.753029724614314500e+00 2.726735836100964594e+00 0.000000000000000000e+00
3.720044135408120844e+00 2.803254458578495090e+00 0.000000000000000000e+00
3.587024922587407794e+00 2.802491145656815785e+00 0.000000000000000000e+00
4.707723532324203042e+00 4.390023410000122084e+00 0.000000000000000000e+00
4.067438278757554038e+00 4.361793728857278118e+00 0.000000000000000000e+00
3.855002712272949328e+00 4.434673520857211670e+00 0.000000000000000000e+00
3.734595881233328640e+00 4.450718249785458269e+00 0.000000000000000000e+00
3.568246572535068495e+00 4.406417735844513572e+00 0.000000000000000000e+00
3.314796994153589527e+00 4.398884375945486092e+00 0.000000000000000000e+00
3.184032513592796043e+00 4.382444976108580192e+00 0.000000000000000000e+00
2.993495254890893520e+00 4.275154468028560473e+00 0.000000000000000000e+00
9.994126188906552466e-01 1.538960544394011754e+00 0.000000000000000000e+00
2.498500022913918261e+00 4.327529180556961563e+00 0.000000000000000000e+00
2.375082326582806491e+00 4.284762138849226076e+00 0.000000000000000000e+00
2.278345487406320036e+00 4.284944857534306983e+00 0.000000000000000000e+00
2.227277369168913168e+00 4.371278173287667101e+00 0.000000000000000000e+00
2.076125695850782549e+00 4.256688698172923502e+00 0.000000000000000000e+00
1.987573632353842878e+00 4.262365622730001746e+00 0.000000000000000000e+00
1.832919636249963569e+00 4.318088288107520434e+00 0.000000000000000000e+00
1.726936365535925999e+00 4.274317725718619343e+00 0.000000000000000000e+00
1.643116982672504722e+00 4.280466321682831143e+00 0.000000000000000000e+00
9.711697660570457469e-01 2.820481966696611664e+00 0.000000000000000000e+00
1.375125488979683119e+00 4.232201341148379647e+00 0.000000000000000000e+00
1.292867581793874843e+00 4.228779588566561998e+00 0.000000000000000000e+00
1.139062547752833332e+00 4.251039603881458184e+00 0.000000000000000000e+00
9.335468260979069566e-01 4.043635878146327300e+00 0.000000000000000000e+00
9.012971138704758411e-01 4.240269902171678318e+00 0.000000000000000000e+00
8.223866861355138003e-01 4.230813118683770746e+00 0.000000000000000000e+00
2.171310159763493730e-01 1.370911431737979580e+00 0.000000000000000000e+00
1.871878023259609669e-01 1.331910583943942683e+00 0.000000000000000000e+00
1.617205993522057017e-01 1.317108767702710015e+00 0.000000000000000000e+00
1.406952847743783708e-01 1.338626429870133805e+00 0.000000000000000000e+00
1.201005927561743514e-01 1.372756316846801994e+00 0.000000000000000000e+00
1.010771069425119018e-01 1.445470311426658050e+00 0.000000000000000000e+00
5.056934752434662922e-02 1.448117310115002665e+00 0.000000000000000000e+00
2.490456208920385078e-02 1.426782707153720686e+00 0.000000000000000000e+00
-2.307401670539817973e-08 1.463000059127807395e+00 0.000000000000000000e+00
-3.750525379982058011e-02 2.148672625743482723e+00 0.000000000000000000e+00
-2.941631143834839146e-01 4.206727603076116040e+00 0.000000000000000000e+00
-3.673615323666046262e-01 4.198960798918370152e+00 0.000000000000000000e+00
-4.400648969830031620e-01 4.186937210854832614e+00 0.000000000000000000e+00
-5.147761659093316178e-01 4.192514914183647079e+00 0.000000000000000000e+00
-5.895373257830289759e-01 4.194775590970086121e+00 0.000000000000000000e+00
-7.352264801377553782e-01 4.169676218516078059e+00 0.000000000000000000e+00
-8.132280140702269344e-01 4.183695126618807159e+00 0.000000000000000000e+00
-8.850801203836348163e-01 4.163974293949835648e+00 0.000000000000000000e+00
-9.589664054532534010e-01 4.153739583891171705e+00 0.000000000000000000e+00
-1.160324911581475771e+00 3.369828085320575539e+00 0.000000000000000000e+00
-1.213487545357573305e+00 3.334029494099280289e+00 0.000000000000000000e+00
-1.247461283725684433e+00 2.801843822810321072e+00 0.000000000000000000e+00
-1.130890333179155105e+00 2.219497181963154375e+00 0.000000000000000000e+00
-1.228022790639843764e+00 2.215411696958065946e+00 0.000000000000000000e+00
-1.087000034455420261e+00 1.882739236565937446e+00 0.000000000000000000e+00
-1.192848247229419067e+00 1.908956189329690467e+00 0.000000000000000000e+00
-2.679624140495104445e+00 4.126259227970086485e+00 0.000000000000000000e+00
-2.953345213607949660e+00 4.217813980931846451e+00 0.000000000000000000e+00
-3.103506302006396655e+00 4.271609866195975158e+00 0.000000000000000000e+00
-3.493986885216574745e+00 4.314714376900904647e+00 0.000000000000000000e+00
-2.945696358636656687e+00 2.844625853145612115e+00 0.000000000000000000e+00
-1.962146797396232323e+00 1.532997062280515355e+00 0.000000000000000000e+00
-2.917734997946904940e+00 1.894799229147960729e+00 0.000000000000000000e+00
-2.980040972899926199e+00 1.862136238539647826e+00 0.000000000000000000e+00
-6.725169931317882543e+00 1.065162242426950012e+00 0.000000000000000000e+00
-6.705105007202615042e+00 9.423410224431940652e-01 0.000000000000000000e+00
-6.717001070330401724e+00 7.059852307930127857e-01 0.000000000000000000e+00
-6.720329249634324320e+00 5.879525955232318690e-01 0.000000000000000000e+00
-7.210393121000097771e+00 5.041997737810193225e-01 0.000000000000000000e+00
-7.367000102996825284e+00 -2.654881581570955202e-08 0.000000000000000000e+00
