-4.618184816462027165e+00 -1.612708079084947399e-01 0.000000000000000000e+00
-4.469865617793968404e+00 -2.342559632109630086e-01 0.000000000000000000e+00
-4.430181915955405003e+00 -3.097887280278713851e-01 0.000000000000000000e+00
-4.380945693048376555e+00 -6.157019931949232472e-01 0.000000000000000000e+00
-4.332001181294728553e+00 -6.861218093200327495e-01 0.000000000000000000e+00
-4.355804513461815297e+00 -7.680460871247614119e-01 0.000000000000000000e+00
-4.318178102118924500e+00 -8.393690220014802250e-01 0.000000000000000000e+00
-1.447658452156251219e+00 -3.077093797044339607e-01 0.000000000000000000e+00
-1.401107016694123519e+00 -3.493352892219198647e-01 0.000000000000000000e+00
-1.398660533418698115e+00 -3.747700357400068905e-01 0.000000000000000000e+00
-1.417861004053325269e+00 -4.065651774542165531e-01 0.000000000000000000e+00
-1.473665614630092380e+00 -4.505448731368845716e-01 0.000000000000000000e+00
-1.484599187917185814e+00 -4.823755989729887617e-01 0.000000000000000000e+00
-1.457044108176061892e+00 -5.017006012378729674e-01 0.000000000000000000e+00
-1.491292173930547360e+00 -5.427860456238828846e-01 0.000000000000000000e+00
-4.025832223412348476e+00 -1.626542029948333079e+00 0.000000000000000000e+00
-4.007878132563298834e+00 -1.701243566266200657e+00 0.000000000000000000e+00
-4.009550870306781256e+00 -1.785167298226004284e+00 0.000000000000000000e+00
-3.946604378295447191e+00 -1.924887807687240660e+00 0.000000000000000000e+00
-3.914191675946684157e+00 -1.994380512834848851e+00 0.000000000000000000e+00
-3.897330604709581703e+00 -2.072247683236579263e+00 0.000000000000000000e+00
-3.861445870156015481e+00 -2.140434641613071953e+00 0.000000000000000000e+00
-3.845152735309720349e+00 -2.220000214022027851e+00 0.000000000000000000e+00
-3.803251030030419422e+00 -2.285224017123166806e+00 0.000000000000000000e+00
-3.755156834623320172e+00 -2.346482667931099719e+00 0.000000000000000000e+00
-3.712430266499242126e+00 -2.504066090471820161e+00 0.000000000000000000e+00
-3.677992368926700006e+00 -2.575358242800043218e+00 0.000000000000000000e+00
-2.857326830233169357e+00 -2.232388599596891066e+00 0.000000000000000000e+00
-1.715441055538898141e+00 -1.715441214016921734e+00 0.000000000000000000e+00
-1.794302446896518966e+00 -1.858054747124971318e+00 0.000000000000000000e+00
-1.848215490771118130e+00 -1.981968644159202819e+00 0.000000000000000000e+00
-1.535619477011256118e+00 -1.830080197750280080e+00 0.000000000000000000e+00
-3.243920158511279350e+00 -4.152028849610040595e+00 0.000000000000000000e+00
-1.171509071125691026e+00 -1.736833790593412585e+00 0.000000000000000000e+00
1.764630575503531418e+00 -2.717292585239243330e+00 0.000000000000000000e+00
1.793331745443411673e+00 -2.658723445732649626e+00 0.000000000000000000e+00
1.788984971293193560e+00 -2.554935128477863415e+00 0.000000000000000000e+00
2.789563007084515434e+00 -3.209024929285930305e+00 0.000000000000000000e+00
2.831760750156805173e+00 -3.144988710374118757e+00 0.000000000000000000e+00
3.016517485515262109e+00 -3.016517280249341404e+00 0.000000000000000000e+00
3.075897103373351094e+00 -2.970359103744727225e+00 0.000000000000000000e+00
2.726517308000292683e+00 -2.130188637926671902e+00 0.000000000000000000e+00
2.713443137877783240e+00 -1.971431700982745339e+00 0.000000000000000000e+00
2.844095867528681154e+00 -1.991457227354865855e+00 0.000000000000000000e+00
2.799660021441973790e+00 -1.888394396191890978e+00 0.000000000000000000e+00
2.725382060475489698e+00 -1.573499949992886338e+00 0.000000000000000000e+00
2.682458612432788048e+00 -1.486910977294890968e+00 0.000000000000000000e+00
2.680147576127266174e+00 -1.365603291790936424e+00 0.000000000000000000e+00
2.642454588088341882e+00 -1.288811113525629048e+00 0.000000000000000000e+00
2.618323179671806500e+00 -1.220944050369298539e+00 0.000000000000000000e+00
2.597209712894853251e+00 -1.156352168895086407e+00 0.000000000000000000e+00
2.565447005956163817e+00 -1.088967552341279399e+00 0.000000000000000000e+00
2.546046944189260142e+00 -1.028669646103070434e+00 0.000000000000000000e+00
2.520667225840460102e+00 -9.675934032773405580e-01 0.000000000000000000e+00
2.532471578532397682e+00 -9.217441858261482546e-01 0.000000000000000000e+00
2.617307647559961037e+00 -8.504147179044175830e-01 0.000000000000000000e+00
2.709211345792950087e+00 -8.282889413862015715e-01 0.000000000000000000e+00
2.786697612741503072e+00 -7.990725911736307197e-01 0.000000000000000000e+00
2.885220455239083659e+00 -7.730923982959428953e-01 0.000000000000000000e+00
2.970075345711911119e+00 -7.405228601273702305e-01 0.000000000000000000e+00
3.081932640119858124e+00 -7.115201173920180366e-01 0.000000000000000000e+00
3.201477119184254594e+00 -6.804948698007879937e-01 0.000000000000000000e+00
3.333574251772082775e+00 -5.877989821005535909e-01 0.000000000000000000e+00
3.482589127627204739e+00 -5.515878257723368927e-01 0.000000000000000000e+00
3.567935792565651187e+00 -5.014405688604601785e-01 0.000000000000000000e+00
3.710137444696453013e+00 -4.555474882494526256e-01 0.000000000000000000e+00
4.027813878102906031e+00 -4.233401803680460485e-01 0.000000000000000000e+00
4.143173679932393050e+00 -3.624806085458696647e-01 0.000000000000000000e+00
1.491000056266784002e+00 4.165806033462615026e-08 0.000000000000000000e+00
6.994472462593996909e+00 7.351488711133218334e-01 0.000000000000000000e+00
6.536611520188605695e+00 2.123874013857018461e+00 0.000000000000000000e+00
6.498549250384400899e+00 2.237630137651852813e+00 0.000000000000000000e+00
1.240321089305990387e+00 7.452601376036012137e-01 0.000000000000000000e+00
1.288324384069163164e+00 8.689858132658020429e-01 0.000000000000000000e+00
3.384920214337937328e+00 3.384920362297508145e+00 0.000000000000000000e+00
3.238497374784646166e+00 3.353562348491547773e+00 0.000000000000000000e+00
2.964917801847989587e+00 3.292874958215331382e+00 0.000000000000000000e+00
2.809244735800047188e+00 3.231666531335477988e+00 0.000000000000000000e+00
2.663069080630181329e+00 3.173722280678435759e+00 0.000000000000000000e+00
2.562592582563485433e+00 3.164538429733295466e+00 0.000000000000000000e+00
2.394923139507704413e+00 3.065361964271928308e+00 0.000000000000000000e+00
2.248380901244201091e+00 2.983702360989615610e+00 0.000000000000000000e+00
2.122492521610023442e+00 2.921360459872322846e+00 0.000000000000000000e+00
2.036769933669854371e+00 2.908809047900857259e+00 0.000000000000000000e+00
1.802785252657886028e+00 2.885059617301112489e+00 0.000000000000000000e+00
1.685719564156875627e+00 2.805508610484782839e+00 0.000000000000000000e+00
1.590499942517094700e+00 2.754826836018819947e+00 0.000000000000000000e+00
1.507757814542628028e+00 2.720067227143785349e+00 0.000000000000000000e+00
1.431418753924624365e+00 2.692107260514712497e+00 0.000000000000000000e+00
1.356069565835825941e+00 2.661436503891616123e+00 0.000000000000000000e+00
1.276098363693841664e+00 2.616389505389054904e+00 0.000000000000000000e+00
1.214182176615462572e+00 2.603822210706350671e+00 0.000000000000000000e+00
1.104596813096696106e+00 2.602267152024369423e+00 0.000000000000000000e+00
1.080365388863117060e+00 2.673998315182531726e+00 0.000000000000000000e+00
1.053601741087318411e+00 2.744726526930155508e+00 0.000000000000000000e+00
1.030506643444199621e+00 2.831293896221207529e+00 0.000000000000000000e+00
1.008284482768555534e+00 2.928270937114084482e+00 0.000000000000000000e+00
9.802018300179422550e-01 3.016751222229233420e+00 0.000000000000000000e+00
9.578096547525314364e-01 3.132854419730706219e+00 0.000000000000000000e+00
8.727377566800018638e-01 3.257101881515285235e+00 0.000000000000000000e+00
8.426139123657502283e-01 3.379540068368192873e+00 0.000000000000000000e+00
8.035251111132499791e-01 3.480449911516587669e+00 0.000000000000000000e+00
7.644912340938456730e-01 3.596648785971891193e+00 0.000000000000000000e+00
7.098094052362884376e-01 3.651653162760425175e+00 0.000000000000000000e+00
6.494441230606384785e-01 3.683181016778409589e+00 0.000000000000000000e+00
5.870984876052018908e-01 3.706794372950006355e+00 0.000000000000000000e+00
5.288577135926403328e-01 3.763018622911308508e+00 0.000000000000000000e+00
3.996122472381326562e-01 3.802057167094043955e+00 0.000000000000000000e+00
3.352009197668768259e-01 3.831364770672057940e+00 0.000000000000000000e+00
2.714223782828730780e-01 3.881521756334498363e+00 0.000000000000000000e+00
2.041625034803929151e-01 3.895653841237209924e+00 0.000000000000000000e+00
1.370153652381132792e-01 3.923608507258563804e+00 0.000000000000000000e+00
6.954777444235482609e-02 3.984392961416313383e+00 0.000000000000000000e+00
-6.338651443839719577e-08 4.019000053405760831e+00 0.000000000000000000e+00
-1.424598010558223438e-01 4.079513132565976363e+00 0.000000000000000000e+00
-2.150485180359660298e-01 4.103368960713430269e+00 0.000000000000000000e+00
-2.913728574869652310e-01 4.166825079162269851e+00 0.000000000000000000e+00
-3.676229806890110585e-01 4.201949166398370572e+00 0.000000000000000000e+00
-4.442460321214066754e-01 4.226718048669011907e+00 0.000000000000000000e+00
-5.247694844231134415e-01 4.273903952149708196e+00 0.000000000000000000e+00
-6.095782618487146642e-01 4.337374245460489774e+00 0.000000000000000000e+00
-7.697824497845299208e-01 4.365652844408173472e+00 0.000000000000000000e+00
-8.605486760604705854e-01 4.427138809733074609e+00 0.000000000000000000e+00
-2.233764039796436451e-01 9.675494428597486429e-01 0.000000000000000000e+00
-2.385350026854664018e-01 9.567115841855442504e-01 0.000000000000000000e+00
-2.551955919308862009e-01 9.524028625954531480e-01 0.000000000000000000e+00
-2.704002605979225482e-01 9.429977259944928303e-01 0.000000000000000000e+00
-2.868166567851749837e-01 9.381349676633868873e-01 0.000000000000000000e+00
-3.203590851185618149e-01 9.303902998589808071e-01 0.000000000000000000e+00
-3.365478424116358225e-01 9.246575599960011882e-01 0.000000000000000000e+00
-3.526340839732873822e-01 9.186431604872516976e-01 0.000000000000000000e+00
-3.701113169080614829e-01 9.160576210276510922e-01 0.000000000000000000e+00
-3.860423569610090810e-01 9.094587679374188660e-01 0.000000000000000000e+00
-4.038894861072989118e-01 9.071506078072528734e-01 0.000000000000000000e+00
-4.213504092856156791e-01 9.035888394391884404e-01 0.000000000000000000e+00
-4.548984798709090338e-01 8.927885087800619957e-01 0.000000000000000000e+00
-4.746357781372653184e-01 8.926600435310652060e-01 0.000000000000000000e+00
-2.973616292287970975e+00 3.302535401480627186e+00 0.000000000000000000e+00
-3.780386518969822252e+00 2.647055090966551560e+00 0.000000000000000000e+00
-3.872434525986842679e+00 2.611990022488975161e+00 0.000000000000000000e+00
-3.933365032254899418e+00 2.554357073661064348e+00 0.000000000000000000e+00
-3.895084869951978668e+00 2.433919115369372221e+00 0.000000000000000000e+00
-5.500936865403807552e+00 2.335009121339322480e+00 0.000000000000000000e+00
-5.487585557526897695e+00 2.106486694148371974e+00 0.000000000000000000e+00
-5.509417769454323377e+00 2.005264036862946408e+00 0.000000000000000000e+00
-5.468879377145665188e+00 1.883086145542490542e+00 0.000000000000000000e+00
-5.047257094255030552e+00 1.639953208185697120e+00 0.000000000000000000e+00
-5.339049637280390392e+00 1.632311249490070670e+00 0.000000000000000000e+00
-5.239837718572255554e+00 1.502499255223114671e+00 0.000000000000000000e+00
-5.155146039511972589e+00 1.381317187034842631e+00 0.000000000000000000e+00
-4.846371984498515140e+00 6.811131408242804275e-01 0.000000000000000000e+00
-4.841639914594336069e+00 5.944786086011482062e-01 0.000000000000000000e+00
-4.771715915820593068e+00 5.015275309377892343e-01 0.000000000000000000e+00
-4.785719232619947583e+00 4.186961590337935357e-01 0.000000000000000000e+00
-4.738497029122029858e+00 2.483340873851143105e-01 0.000000000000000000e+00
-4.673151625957092214e+00 1.631900326034773363e-01 0.000000000000000000e+00
-4.662289909613786421e+00 8.138055564911210460e-02 0.000000000000000000e+00
-4.585000038146971768e+00 -1.652318716247447033e-08 0.000000000000000000e+00
