-7.371877194615231943e+00 -1.286769795646403036e-01 0.000000000000000000e+00
-7.344523151550976792e+00 -2.564767824213405323e-01 0.000000000000000000e+00
-4.530782365910113185e+00 -2.374484778693052023e-01 0.000000000000000000e+00
-3.965316990302544475e+00 -2.772821816253149829e-01 0.000000000000000000e+00
-3.997618230998102984e+00 -9.967183835961151983e-01 0.000000000000000000e+00
-3.070694491646301483e+00 -9.388056872916754614e-01 0.000000000000000000e+00
-3.014849180391053540e+00 -9.795840460108632408e-01 0.000000000000000000e+00
-2.983111027907113133e+00 -1.027167666278695046e+00 0.000000000000000000e+00
-2.971307957752976403e+00 -1.081467820265396229e+00 0.000000000000000000e+00
-3.789718497382346563e+00 -1.608640282559765655e+00 0.000000000000000000e+00
-3.786645821841880366e+00 -1.685923563453641361e+00 0.000000000000000000e+00
-3.820087373551544818e+00 -1.781336224509004973e+00 0.000000000000000000e+00
-3.817178419283999258e+00 -1.861762541858856590e+00 0.000000000000000000e+00
-2.975961640581652023e+00 -1.516328374870550943e+00 0.000000000000000000e+00
-3.725880052731707970e+00 -2.065289273377764356e+00 0.000000000000000000e+00
-3.783536385413559966e+00 -2.273378262264557303e+00 0.000000000000000000e+00
-3.604204300675643680e+00 -2.252157045809903835e+00 0.000000000000000000e+00
-3.463709434041919444e+00 -2.249359442554924371e+00 0.000000000000000000e+00
-3.365063411431351348e+00 -2.269764164162621167e+00 0.000000000000000000e+00
-3.003830491718851636e+00 -2.103304966638560369e+00 0.000000000000000000e+00
-2.723151058347659692e+00 -1.978485251320080573e+00 0.000000000000000000e+00
-2.887271321936049961e+00 -2.255783802830530149e+00 0.000000000000000000e+00
-2.767416747904910768e+00 -2.241010111023872042e+00 0.000000000000000000e+00
-2.665834571826953603e+00 -2.236901018910686822e+00 0.000000000000000000e+00
-2.543371095659488379e+00 -2.210918971475906769e+00 0.000000000000000000e+00
-2.449405244840307638e+00 -2.205454595246811422e+00 0.000000000000000000e+00
-2.358615515783850203e+00 -2.199444755747176572e+00 0.000000000000000000e+00
-2.273833016749557068e+00 -2.195815223635043445e+00 0.000000000000000000e+00
-2.190616741993950622e+00 -2.190616944370249453e+00 0.000000000000000000e+00
-2.065772960819975079e+00 -2.215270489151063504e+00 0.000000000000000000e+00
-1.996685606145788272e+00 -2.217544226548427755e+00 0.000000000000000000e+00
-1.920940718486816134e+00 -2.209789718431888428e+00 0.000000000000000000e+00
-1.846728642381576302e+00 -2.200845697541259138e+00 0.000000000000000000e+00
-1.781605983636268098e+00 -2.200100367402275658e+00 0.000000000000000000e+00
-1.722620768090397991e+00 -2.204854243185550899e+00 0.000000000000000000e+00
-1.658000358403227015e+00 -2.200240996369316360e+00 0.000000000000000000e+00
-1.623462815664233228e+00 -2.234505079373975356e+00 0.000000000000000000e+00
-1.588107692605922105e+00 -2.354466705894901590e+00 0.000000000000000000e+00
2.224601174378267654e+00 -3.560105789245096908e+00 0.000000000000000000e+00
2.213957830024962714e+00 -3.409195827768404019e+00 0.000000000000000000e+00
2.203779340067987036e+00 -3.267236982531223077e+00 0.000000000000000000e+00
2.128542243144053714e+00 -3.039873132934520328e+00 0.000000000000000000e+00
2.215511490309128195e+00 -2.548654246369569165e+00 0.000000000000000000e+00
2.131181024456171968e+00 -2.366916153247432320e+00 0.000000000000000000e+00
2.116240938369005065e+00 -2.269390409146883947e+00 0.000000000000000000e+00
2.115929473913801040e+00 -2.191108962297859897e+00 0.000000000000000000e+00
2.096571616859686848e+00 -2.096571474193614115e+00 0.000000000000000000e+00
2.106226985110885686e+00 -2.033959618777776868e+00 0.000000000000000000e+00
2.145060538533253069e+00 -2.000301177497720406e+00 0.000000000000000000e+00
2.257336372645496692e+00 -1.962272438834529398e+00 0.000000000000000000e+00
2.362481213430501104e+00 -1.982356980599228713e+00 0.000000000000000000e+00
2.449564097853707878e+00 -1.983617760024366294e+00 0.000000000000000000e+00
2.538970622051253567e+00 -1.983661117885929359e+00 0.000000000000000000e+00
2.643483558179090309e+00 -1.992007605115347690e+00 0.000000000000000000e+00
2.773310301217695617e+00 -2.014927738179427941e+00 0.000000000000000000e+00
2.937280169793045737e+00 -1.981220351828964610e+00 0.000000000000000000e+00
3.046890151076842024e+00 -1.978673459390409173e+00 0.000000000000000000e+00
3.159827329835880327e+00 -1.974479113975138755e+00 0.000000000000000000e+00
3.261521699361121573e+00 -1.959719804619744599e+00 0.000000000000000000e+00
3.309083214882301505e+00 -1.910499943714745852e+00 0.000000000000000000e+00
3.356790546998092761e+00 -1.860699244222261850e+00 0.000000000000000000e+00
3.427602586351865988e+00 -1.822488483666089287e+00 0.000000000000000000e+00
3.520576383080074923e+00 -1.717099695481226984e+00 0.000000000000000000e+00
3.591697866069546219e+00 -1.674836083776101381e+00 0.000000000000000000e+00
3.631343157425217516e+00 -1.616778004195374097e+00 0.000000000000000000e+00
3.746454960943459422e+00 -1.590275643700103769e+00 0.000000000000000000e+00
3.730988033001874093e+00 -1.507416879442084134e+00 0.000000000000000000e+00
3.820211157484616482e+00 -1.466441534691721449e+00 0.000000000000000000e+00
3.875292479451921235e+00 -1.410490977111240163e+00 0.000000000000000000e+00
3.995388667553515294e+00 -1.298180338029287562e+00 0.000000000000000000e+00
4.015523594322711887e+00 -1.227668632134490734e+00 0.000000000000000000e+00
4.076711056342433359e+00 -1.168977951666948512e+00 0.000000000000000000e+00
4.155412982279336198e+00 -1.113439419350790383e+00 0.000000000000000000e+00
4.202350677404726120e+00 -1.047763568484160857e+00 0.000000000000000000e+00
1.070832686239207465e+00 -2.472211717743770798e-01 0.000000000000000000e+00
1.039770870665850833e+00 -2.210100890668549312e-01 0.000000000000000000e+00
1.035032952822498631e+00 -1.825042042444929846e-01 0.000000000000000000e+00
1.036085098559127227e+00 -1.640997274974901887e-01 0.000000000000000000e+00
1.034830093557979946e+00 -1.454358544985191459e-01 0.000000000000000000e+00
1.039195874622231841e+00 -1.275971786867541591e-01 0.000000000000000000e+00
1.038280891303943854e+00 -1.091276888902157211e-01 0.000000000000000000e+00
1.039031055610137866e+00 -9.090340845710476181e-02 0.000000000000000000e+00
1.038464186950789792e+00 -7.261646019040508826e-02 0.000000000000000000e+00
1.040365860529601338e+00 -3.633034701804784689e-02 0.000000000000000000e+00
1.040841459749627829e+00 -1.816792602951155383e-02 0.000000000000000000e+00
1.046000003814696822e+00 2.922490249801512288e-08 0.000000000000000000e+00
1.047840362084182075e+00 1.829015069811706917e-02 0.000000000000000000e+00
1.053357950675298582e+00 3.678409936902787142e-02 0.000000000000000000e+00
5.140447419367250248e+00 3.594552415307791793e-01 0.000000000000000000e+00
5.135383865423670535e+00 4.492880121596389831e-01 0.000000000000000000e+00
5.126500818373735946e+00 6.294552924197125421e-01 0.000000000000000000e+00
5.215742094808001106e+00 7.330248904484544248e-01 0.000000000000000000e+00
3.354299441974501583e+00 1.636001251075351881e+00 0.000000000000000000e+00
3.707456067293203983e+00 2.500710819124774442e+00 0.000000000000000000e+00
3.830354993720617163e+00 2.682043573099821554e+00 0.000000000000000000e+00
3.757074902103027192e+00 2.729674829722442908e+00 0.000000000000000000e+00
5.295665216982244239e+00 4.443590933740473758e+00 0.000000000000000000e+00
4.713574635225941556e+00 4.395479651968577706e+00 0.000000000000000000e+00
3.986010779075215726e+00 4.426913646446546835e+00 0.000000000000000000e+00
3.848442284817233716e+00 4.427126612049406162e+00 0.000000000000000000e+00
3.729453646690715107e+00 4.444589973031741970e+00 0.000000000000000000e+00
3.558806850937975330e+00 4.394760649984184475e+00 0.000000000000000000e+00
3.311787850248522069e+00 4.394891106936156255e+00 0.000000000000000000e+00
3.197551715271519157e+00 4.401052561685984799e+00 0.000000000000000000e+00
2.980303132898384000e+00 4.256314164478085083e+00 0.000000000000000000e+00
2.486999903145898028e+00 4.307610387913539896e+00 0.000000000000000000e+00
2.390596265319370861e+00 4.312750026502154554e+00 0.000000000000000000e+00
2.280692674999186043e+00 4.289359275567618646e+00 0.000000000000000000e+00
2.187780029209010380e+00 4.293760275220902756e+00 0.000000000000000000e+00
2.074810468749205938e+00 4.253992082862010804e+00 0.000000000000000000e+00
1.913289085757028163e+00 4.297317865649963764e+00 0.000000000000000000e+00
1.822760618418005629e+00 4.294155140657257341e+00 0.000000000000000000e+00
1.740422117961549553e+00 4.307696136057211689e+00 0.000000000000000000e+00
1.641683443957629107e+00 4.276731825445153845e+00 0.000000000000000000e+00
1.044871507652892495e+00 2.870761038536938425e+00 0.000000000000000000e+00
9.653094986048119663e-01 2.803462513201728346e+00 0.000000000000000000e+00
1.384087068546102861e+00 4.259782248755546341e+00 0.000000000000000000e+00
1.218317057539183734e+00 4.248776791236219985e+00 0.000000000000000000e+00
1.138027223262700227e+00 4.247175720006857169e+00 0.000000000000000000e+00
9.184751263379926645e-01 3.978353169030837133e+00 0.000000000000000000e+00
8.996338418942882997e-01 4.232444822082975122e+00 0.000000000000000000e+00
8.225774812842573391e-01 4.231794674722911154e+00 0.000000000000000000e+00
2.149409246002586260e-01 1.357083737474528151e+00 0.000000000000000000e+00
1.856568932226764501e-01 1.321017598330648912e+00 0.000000000000000000e+00
1.618424598460201924e-01 1.318101241917389865e+00 0.000000000000000000e+00
1.416360473746409165e-01 1.347577189541748099e+00 0.000000000000000000e+00
1.211464583971522124e-01 1.384710618089428857e+00 0.000000000000000000e+00
7.593944776970422417e-02 1.449011431395832217e+00 0.000000000000000000e+00
5.018545193894805717e-02 1.437123973840992885e+00 0.000000000000000000e+00
2.488710888312012370e-02 1.425782812735362448e+00 0.000000000000000000e+00
-2.299515633665190340e-08 1.457999944686889426e+00 0.000000000000000000e+00
-2.936748210897174305e-01 4.199744685174973569e+00 0.000000000000000000e+00
-3.664028053995733170e-01 4.188002501446405290e+00 0.000000000000000000e+00
-4.411101558460728267e-01 4.196882183195880245e+00 0.000000000000000000e+00
-5.155073871718931500e-01 4.198470232731548180e+00 0.000000000000000000e+00
-6.618742740543904768e-01 4.178909306676255042e+00 0.000000000000000000e+00
-7.360946581676414135e-01 4.174599900377993222e+00 0.000000000000000000e+00
-8.138003996093422510e-01 4.186639794718173491e+00 0.000000000000000000e+00
-8.871592850174262468e-01 4.173755993807973574e+00 0.000000000000000000e+00
-9.576166896059381539e-01 4.147893322635179736e+00 0.000000000000000000e+00
-1.159022655679956548e+00 3.366046059728077910e+00 0.000000000000000000e+00
-1.199806670636434980e+00 3.296441601252870779e+00 0.000000000000000000e+00
-1.253155669037300246e+00 2.814633621193804558e+00 0.000000000000000000e+00
-1.170862084282499493e+00 2.202071245506110664e+00 0.000000000000000000e+00
-1.223659473449208779e+00 2.207540064594765372e+00 0.000000000000000000e+00
-1.086500070684898844e+00 1.881873273936880642e+00 0.000000000000000000e+00
-1.194438016169386163e+00 1.911500351392721342e+00 0.000000000000000000e+00
-2.945888713253762781e+00 4.207164995063956248e+00 0.000000000000000000e+00
-3.027094150794837013e+00 4.166437565175822755e+00 0.000000000000000000e+00
-3.513495904016060045e+00 4.338806008226003819e+00 0.000000000000000000e+00
-1.919919813640087014e+00 1.446763325535471711e+00 0.000000000000000000e+00
-2.950442979106914443e+00 1.916040040096378405e+00 0.000000000000000000e+00
-7.081752543072071582e+00 1.248704007857880161e+00 0.000000000000000000e+00
-6.685662435341233056e+00 1.058904869983289698e+00 0.000000000000000000e+00
-6.725492749996624831e+00 8.257866431006765096e-01 0.000000000000000000e+00
-6.715011696478145886e+00 7.057761391844940002e-01 0.000000000000000000e+00
-6.732283669619888222e+00 5.889984716994428604e-01 0.000000000000000000e+00
-7.048787565957142398e+00 4.928992131975608038e-01 0.000000000000000000e+00
-7.389874109420899728e+00 1.289907047525232497e-01 0.000000000000000000e+00
