-7.125183853728702665e+00 -1.128518629811891216e+00 0.000000000000000000e+00
-6.666075883199477303e+00 -1.416918522477982112e+00 0.000000000000000000e+00
-6.584792720663137366e+00 -1.520219534737230260e+00 0.000000000000000000e+00
-6.587337636251072048e+00 -1.642408089420467343e+00 0.000000000000000000e+00
-6.570227426174534813e+00 -1.760487486773383514e+00 0.000000000000000000e+00
-6.851873061175742130e+00 -1.964743355693497451e+00 0.000000000000000000e+00
-6.991313026275382647e+00 -2.544630232484199617e+00 0.000000000000000000e+00
-6.880487505874506304e+00 -2.641172087283541803e+00 0.000000000000000000e+00
-6.888975743048165512e+00 -2.783327264409619861e+00 0.000000000000000000e+00
-4.203945497218768423e+00 -1.784469236219781596e+00 0.000000000000000000e+00
-3.636824338694991887e+00 -1.619218732679146067e+00 0.000000000000000000e+00
-2.613135355194983855e+00 -1.969138924051800021e+00 0.000000000000000000e+00
-2.511390207811702524e+00 -1.962113262556180127e+00 0.000000000000000000e+00
-2.462775388451097669e+00 -1.994316378578659732e+00 0.000000000000000000e+00
-2.417636089967038160e+00 -2.028637744500510820e+00 0.000000000000000000e+00
-2.398466928360022621e+00 -2.084955688699337895e+00 0.000000000000000000e+00
-3.040205413004479773e+00 -2.737413505882365428e+00 0.000000000000000000e+00
-2.970873324811695859e+00 -2.868939287124127713e+00 0.000000000000000000e+00
-2.940856910466520979e+00 -2.940857182152446736e+00 0.000000000000000000e+00
-2.932847584999258572e+00 -3.037052859916296033e+00 0.000000000000000000e+00
-2.903266855003228120e+00 -3.113372818795238306e+00 0.000000000000000000e+00
-2.206792692644455212e+00 -2.450891807753964535e+00 0.000000000000000000e+00
-2.803996252770133424e+00 -3.225629000552372005e+00 0.000000000000000000e+00
-2.863618596780278747e+00 -3.412728065989890869e+00 0.000000000000000000e+00
-2.748871333263824823e+00 -3.394573708105618426e+00 0.000000000000000000e+00
-2.552899237371735630e+00 -3.387812031038896610e+00 0.000000000000000000e+00
-2.412270579895969824e+00 -3.320205927473959040e+00 0.000000000000000000e+00
-2.313807150120962497e+00 -3.304459384790889853e+00 0.000000000000000000e+00
-2.032666064064183153e+00 -3.013551659200435662e+00 0.000000000000000000e+00
-1.847960057689205460e+00 -2.845609225022388333e+00 0.000000000000000000e+00
3.722153214057057014e+00 -5.956689836561485762e+00 0.000000000000000000e+00
8.997414109213326405e-01 -1.333921395408993460e+00 0.000000000000000000e+00
3.571554312281945975e+00 -3.215841729796316883e+00 0.000000000000000000e+00
3.517701285944951906e+00 -3.057890868684724150e+00 0.000000000000000000e+00
3.369063373932314143e+00 -2.826979643024527977e+00 0.000000000000000000e+00
3.298984606173471779e+00 -2.671464878419157696e+00 0.000000000000000000e+00
3.250544442630860509e+00 -2.539603478199230491e+00 0.000000000000000000e+00
3.280563851507583450e+00 -2.383468989520944881e+00 0.000000000000000000e+00
3.189778177181149754e+00 -2.233506569567901945e+00 0.000000000000000000e+00
3.105574857640627240e+00 -2.094736544154541580e+00 0.000000000000000000e+00
3.012504749846510510e+00 -1.956343320320281576e+00 0.000000000000000000e+00
1.710513010467010098e+00 -1.068847079541294987e+00 0.000000000000000000e+00
2.982942280381711608e+00 -1.792332414666045537e+00 0.000000000000000000e+00
2.920237697335880789e+00 -1.685999896074634963e+00 0.000000000000000000e+00
2.828520154482529581e+00 -1.567874206038768703e+00 0.000000000000000000e+00
2.817362622148462226e+00 -1.435517844332311999e+00 0.000000000000000000e+00
2.780868912771118140e+00 -1.356320285008254745e+00 0.000000000000000000e+00
2.768770390336321441e+00 -1.291098731113682563e+00 0.000000000000000000e+00
2.742463587300086658e+00 -1.221023355004925870e+00 0.000000000000000000e+00
2.710886767695597221e+00 -1.150703063145744665e+00 0.000000000000000000e+00
2.739828253727054186e+00 -1.106962370264567452e+00 0.000000000000000000e+00
2.825947938098075429e+00 -1.084779678522295177e+00 0.000000000000000000e+00
2.903687669947018879e+00 -9.998197460414040005e-01 0.000000000000000000e+00
2.963492074160146483e+00 -9.628968450110878541e-01 0.000000000000000000e+00
3.126160327215778079e+00 -9.557630238239041010e-01 0.000000000000000000e+00
3.221188038732210934e+00 -9.236607018280087456e-01 0.000000000000000000e+00
3.347899018179920194e+00 -8.970667307302425675e-01 0.000000000000000000e+00
3.439698449260815138e+00 -8.576130357432917295e-01 0.000000000000000000e+00
3.504809033695737597e+00 -8.091488122189500753e-01 0.000000000000000000e+00
3.638892006705715332e+00 -7.073288420550929434e-01 0.000000000000000000e+00
3.751132765624744181e+00 -6.614258015060434648e-01 0.000000000000000000e+00
3.779883200835666202e+00 -5.986745722837706341e-01 0.000000000000000000e+00
3.791736446899154789e+00 -5.328936930041648923e-01 0.000000000000000000e+00
3.817332469209673729e+00 -4.687093791221589312e-01 0.000000000000000000e+00
3.858745079503402398e+00 -4.055703384985319682e-01 0.000000000000000000e+00
3.881174462277793502e+00 -3.395586547031017588e-01 0.000000000000000000e+00
3.902644219999363617e+00 -2.045288059766051658e-01 0.000000000000000000e+00
4.035540270225046022e+00 -1.409240575694678532e-01 0.000000000000000000e+00
4.015388139753524044e+00 -7.008874792551816890e-02 0.000000000000000000e+00
4.040999889373777521e+00 1.129042326297735467e-07 0.000000000000000000e+00
4.097375902345826937e+00 7.152007637086790770e-02 0.000000000000000000e+00
4.164461389170806882e+00 1.454263115966729358e-01 0.000000000000000000e+00
4.201234225700887670e+00 2.201774720117193329e-01 0.000000000000000000e+00
4.223865281823099060e+00 3.695404444598124893e-01 0.000000000000000000e+00
4.264509981406077621e+00 4.482181773462147190e-01 0.000000000000000000e+00
4.289784479679751961e+00 5.267194212466638215e-01 0.000000000000000000e+00
4.353218323094285580e+00 6.118050559978577274e-01 0.000000000000000000e+00
1.046949580083663234e+00 1.658205519689017471e-01 0.000000000000000000e+00
1.036017796392782353e+00 1.826779183999044376e-01 0.000000000000000000e+00
1.024818803270636680e+00 1.992046239231721749e-01 0.000000000000000000e+00
1.013344824082101914e+00 2.339491144678956525e-01 0.000000000000000000e+00
1.008137286366157515e+00 2.513568840926177494e-01 0.000000000000000000e+00
1.000699161984106800e+00 2.681365601116183495e-01 0.000000000000000000e+00
9.958671224655858412e-01 2.855603299765195335e-01 0.000000000000000000e+00
9.897753827424533579e-01 3.026047300081858293e-01 0.000000000000000000e+00
9.843434544628708593e-01 3.198326039702629742e-01 0.000000000000000000e+00
9.735215587386178981e-01 3.543328976193380608e-01 0.000000000000000000e+00
9.671893249967068451e-01 3.712692247905812204e-01 0.000000000000000000e+00
9.633440470103278308e-01 3.892162874703891107e-01 0.000000000000000000e+00
9.600865362303131478e-01 4.075325841459999099e-01 0.000000000000000000e+00
9.583091971824466704e-01 4.266667723371031506e-01 0.000000000000000000e+00
4.651259305620867757e+00 2.268570881850761722e+00 0.000000000000000000e+00
4.610067508756841015e+00 2.348946860644838708e+00 0.000000000000000000e+00
4.588678604732884914e+00 2.439843835169866360e+00 0.000000000000000000e+00
4.443576321884219915e+00 2.565500127109830775e+00 0.000000000000000000e+00
2.657953027570780780e+00 3.795950483991473057e+00 0.000000000000000000e+00
2.578997586528238184e+00 3.823521327666581815e+00 0.000000000000000000e+00
2.540196398865025795e+00 3.911559609087482681e+00 0.000000000000000000e+00
2.454056055968783845e+00 3.927310818207788046e+00 0.000000000000000000e+00
2.355784015464235548e+00 3.920683179074897939e+00 0.000000000000000000e+00
2.719548378424523793e+00 5.832090609805478110e+00 0.000000000000000000e+00
2.252509345984446298e+00 5.575156570346645246e+00 0.000000000000000000e+00
2.121179843832873946e+00 5.525862722805754856e+00 0.000000000000000000e+00
1.991925173169614149e+00 5.472769749135424355e+00 0.000000000000000000e+00
1.876574722464762424e+00 5.449969046461918154e+00 0.000000000000000000e+00
1.515729744812143398e+00 5.285978162820812898e+00 0.000000000000000000e+00
1.392446399771651411e+00 5.196681080761765159e+00 0.000000000000000000e+00
1.266219161693340478e+00 5.078528053570464884e+00 0.000000000000000000e+00
4.081306279701311657e-01 1.920103805175252365e+00 0.000000000000000000e+00
3.434561520840349047e-01 1.766928889325842134e+00 0.000000000000000000e+00
7.815464742705953149e-01 4.934490778271749534e+00 0.000000000000000000e+00
6.893242959493864896e-01 4.904797824090705305e+00 0.000000000000000000e+00
5.944785496882455389e-01 4.841639921827930237e+00 0.000000000000000000e+00
5.026773021387704876e-01 4.782655818337079090e+00 0.000000000000000000e+00
4.144254888280394233e-01 4.736905910248037088e+00 0.000000000000000000e+00
3.298085423668354887e-01 4.716482998640863400e+00 0.000000000000000000e+00
2.469732940870932869e-01 4.712532641361302232e+00 0.000000000000000000e+00
1.626315745977140459e-01 4.657161104023002984e+00 0.000000000000000000e+00
-7.248679492895733833e-08 4.596000194549559659e+00 0.000000000000000000e+00
-2.333137709223023493e-01 4.451890645205295094e+00 0.000000000000000000e+00
-3.103466110357891994e-01 4.438162336911545935e+00 0.000000000000000000e+00
-3.856642448263780665e-01 4.408161723243155805e+00 0.000000000000000000e+00
-5.796560207785306229e-01 4.124466460017696789e+00 0.000000000000000000e+00
-6.795513570998890085e-01 4.290518006016113439e+00 0.000000000000000000e+00
-7.508547611005385036e-01 4.258308596738628715e+00 0.000000000000000000e+00
-2.717120341148388518e-01 1.397837129688167090e+00 0.000000000000000000e+00
-2.867102300160940809e-01 1.348865486982115058e+00 0.000000000000000000e+00
-3.241753662238875400e-01 1.300196301097746199e+00 0.000000000000000000e+00
-3.512174604910522913e-01 1.310761334998981509e+00 0.000000000000000000e+00
-3.817577532955282460e-01 1.331347434512108352e+00 0.000000000000000000e+00
-4.242313549987326016e-01 1.387598171474474729e+00 0.000000000000000000e+00
-4.520918996006486612e-01 1.391395733543640656e+00 0.000000000000000000e+00
-4.688181790238587499e-01 1.361546796776254453e+00 0.000000000000000000e+00
-5.092679989754480552e-01 1.399202270744977827e+00 0.000000000000000000e+00
-8.132709414948907645e-01 2.012916141393731539e+00 0.000000000000000000e+00
-1.718869033730910489e+00 3.860642929129920908e+00 0.000000000000000000e+00
-1.854748345262117404e+00 3.802797539158229156e+00 0.000000000000000000e+00
-1.929005712188182287e+00 3.785886762473755773e+00 0.000000000000000000e+00
-1.997601598411894885e+00 3.756942084716567098e+00 0.000000000000000000e+00
-2.071591436939542064e+00 3.737249777198981882e+00 0.000000000000000000e+00
-2.132499976515976670e+00 3.693598206529982608e+00 0.000000000000000000e+00
-2.208483362790920168e+00 3.675533451390605943e+00 0.000000000000000000e+00
-2.278652979013462421e+00 3.646606949145045018e+00 0.000000000000000000e+00
-2.410121421891352256e+00 3.573151863341390566e+00 0.000000000000000000e+00
-2.478423877437132994e+00 3.539556037256855525e+00 0.000000000000000000e+00
-2.251708431581936676e+00 2.780628279814895354e+00 0.000000000000000000e+00
-2.289609517276825379e+00 2.728650310422071179e+00 0.000000000000000000e+00
-2.199809260740881456e+00 2.199809218118562892e+00 0.000000000000000000e+00
-1.875697502736259903e+00 1.688885585817469170e+00 0.000000000000000000e+00
-1.919226464811419008e+00 1.668358081905826129e+00 0.000000000000000000e+00
-1.715173583940985180e+00 1.439201495350338922e+00 0.000000000000000000e+00
-1.784056310253432365e+00 1.393857526965265103e+00 0.000000000000000000e+00
-4.226005355531862406e+00 2.959080753959758336e+00 0.000000000000000000e+00
-4.360737845511843069e+00 2.941354764484843454e+00 0.000000000000000000e+00
-2.993215277473662894e+00 1.943816694943796053e+00 0.000000000000000000e+00
-4.832421708415337136e+00 2.789999924837950118e+00 0.000000000000000000e+00
-3.687983187538721896e+00 1.641995875763835988e+00 0.000000000000000000e+00
-6.431417408178140782e+00 2.214514561822721106e+00 0.000000000000000000e+00
-2.345815636274506844e+00 7.171877979151091154e-01 0.000000000000000000e+00
-3.480249253097670081e+00 7.397497959830692249e-01 0.000000000000000000e+00
