-7.340881778785408152e+00 -1.281359509522476403e-01 0.000000000000000000e+00
-7.263572643392006256e+00 -2.536499241706995922e-01 0.000000000000000000e+00
-4.465871389185479323e+00 -2.340466343518935732e-01 0.000000000000000000e+00
-3.965316990302544475e+00 -2.772821816253149829e-01 0.000000000000000000e+00
-3.080257529939779637e+00 -9.417294020285629230e-01 0.000000000000000000e+00
-3.022457534442397620e+00 -9.820561505173088790e-01 0.000000000000000000e+00
-2.990675304426224645e+00 -1.029772255979358508e+00 0.000000000000000000e+00
-2.975066679775623779e+00 -1.082835883411530142e+00 0.000000000000000000e+00
-3.796162003130460594e+00 -1.611375388851824297e+00 0.000000000000000000e+00
-3.784818863392653387e+00 -1.685110149037844618e+00 0.000000000000000000e+00
-3.811024088450434721e+00 -1.777109944718799461e+00 0.000000000000000000e+00
-3.807291544436123942e+00 -1.856940390199706803e+00 0.000000000000000000e+00
-3.816982305099274608e+00 -2.029525729518243171e+00 0.000000000000000000e+00
-3.758240720788552647e+00 -2.083227086638322234e+00 0.000000000000000000e+00
-3.788679425037351223e+00 -2.276468512573175396e+00 0.000000000000000000e+00
-3.576218720811078722e+00 -2.234669712791284901e+00 0.000000000000000000e+00
-3.484676277571375991e+00 -2.262975471373635195e+00 0.000000000000000000e+00
-3.370037671494511500e+00 -2.273119345285280701e+00 0.000000000000000000e+00
-2.725578126221038122e+00 -1.980248619524246800e+00 0.000000000000000000e+00
-2.768070643194739056e+00 -2.085891049311200618e+00 0.000000000000000000e+00
-2.825018477699805519e+00 -2.207146545693889461e+00 0.000000000000000000e+00
-2.681155445475677190e+00 -2.249756759562270059e+00 0.000000000000000000e+00
-2.578842572603960992e+00 -2.241753858864791837e+00 0.000000000000000000e+00
-2.476901558288802541e+00 -2.230212389399115480e+00 0.000000000000000000e+00
-2.368854596892917552e+00 -2.208992854238983838e+00 0.000000000000000000e+00
-2.281745695201923496e+00 -2.203456409103567104e+00 0.000000000000000000e+00
-2.195566467654433751e+00 -2.195566670488004579e+00 0.000000000000000000e+00
-2.119402669337349110e+00 -2.194705913511306505e+00 0.000000000000000000e+00
-1.999362093975958654e+00 -2.220516767702104044e+00 0.000000000000000000e+00
-1.924877099983371309e+00 -2.214318007761798324e+00 0.000000000000000000e+00
-1.851228289041493502e+00 -2.206208168109302648e+00 0.000000000000000000e+00
-1.784123232650398849e+00 -2.203208911340553744e+00 0.000000000000000000e+00
-1.724467765326504809e+00 -2.207218292063062304e+00 0.000000000000000000e+00
-1.659203901139282733e+00 -2.201838151674700317e+00 0.000000000000000000e+00
-1.618172711724395585e+00 -2.227223875265123443e+00 0.000000000000000000e+00
-1.624941908398787271e+00 -2.320657769022659522e+00 0.000000000000000000e+00
2.236789445506894847e+00 -3.579611098828528792e+00 0.000000000000000000e+00
2.221582743691576933e+00 -3.420937164259452601e+00 0.000000000000000000e+00
2.208252825936174446e+00 -3.273869197564567290e+00 0.000000000000000000e+00
2.145175985800833907e+00 -3.063628577565867595e+00 0.000000000000000000e+00
2.226008300046353305e+00 -2.560729443824934393e+00 0.000000000000000000e+00
2.130511942322312002e+00 -2.366173062307569186e+00 0.000000000000000000e+00
2.118286947833331268e+00 -2.271584485525986796e+00 0.000000000000000000e+00
2.117318855626693974e+00 -2.192547709080634899e+00 0.000000000000000000e+00
2.117077745231870978e+00 -2.117077601170410883e+00 0.000000000000000000e+00
2.114859123366840787e+00 -2.042295577228805392e+00 0.000000000000000000e+00
2.143597762731595413e+00 -1.998937117087345339e+00 0.000000000000000000e+00
2.201194960317422122e+00 -1.981964710564173782e+00 0.000000000000000000e+00
2.336435580363199538e+00 -1.960502100978781526e+00 0.000000000000000000e+00
2.420809742457390445e+00 -1.960332943720860310e+00 0.000000000000000000e+00
2.531090521826599105e+00 -1.977504509264730315e+00 0.000000000000000000e+00
2.633900055206009672e+00 -1.984785918130779425e+00 0.000000000000000000e+00
2.769265316449440739e+00 -2.011988884922909726e+00 0.000000000000000000e+00
2.892425851746642351e+00 -2.025298244272638382e+00 0.000000000000000000e+00
3.012504749846510510e+00 -1.956343320320281576e+00 0.000000000000000000e+00
3.119968924553319756e+00 -1.949572819886322028e+00 0.000000000000000000e+00
3.265807429677776152e+00 -1.962294931003374820e+00 0.000000000000000000e+00
3.319475386122884064e+00 -1.916499866134621755e+00 0.000000000000000000e+00
3.395273736386239083e+00 -1.882030822826062932e+00 0.000000000000000000e+00
3.429368564087728721e+00 -1.823427470612486223e+00 0.000000000000000000e+00
3.473143488889233854e+00 -1.769654859133838354e+00 0.000000000000000000e+00
3.554539130439145378e+00 -1.657508682201147554e+00 0.000000000000000000e+00
3.594801373461152583e+00 -1.600508555127649668e+00 0.000000000000000000e+00
3.675575956369910191e+00 -1.560189293857895176e+00 0.000000000000000000e+00
3.741186758427731629e+00 -1.511537431617472116e+00 0.000000000000000000e+00
3.823011695801574295e+00 -1.467516560531441305e+00 0.000000000000000000e+00
3.907241953637486720e+00 -1.422119633606494293e+00 0.000000000000000000e+00
3.956049776292948739e+00 -1.362177042523495141e+00 0.000000000000000000e+00
4.032737200473614614e+00 -1.232931359104208813e+00 0.000000000000000000e+00
4.075749405944423920e+00 -1.168702202883934893e+00 0.000000000000000000e+00
4.133196455959271987e+00 -1.107486519778282830e+00 0.000000000000000000e+00
4.181974555834598206e+00 -1.042683231433048974e+00 0.000000000000000000e+00
1.041727257297367704e+00 -2.214259318220994643e-01 0.000000000000000000e+00
1.037002542980677733e+00 -1.828514960708314541e-01 0.000000000000000000e+00
1.039048184317121981e+00 -1.645690340883434466e-01 0.000000000000000000e+00
1.037800918552972629e+00 -1.458533766351500782e-01 0.000000000000000000e+00
1.040188348838394727e+00 -1.277190391684922544e-01 0.000000000000000000e+00
1.037286322931520566e+00 -1.090231555709233469e-01 0.000000000000000000e+00
1.042019660612891752e+00 -9.116487742842703523e-02 0.000000000000000000e+00
1.039461797619245953e+00 -7.268621989545970274e-02 0.000000000000000000e+00
1.039573355795116782e+00 -5.448170143111392277e-02 0.000000000000000000e+00
1.040841459749627829e+00 -1.816792602951155383e-02 0.000000000000000000e+00
1.046000003814696822e+00 2.922490249801512288e-08 0.000000000000000000e+00
1.046840586857719968e+00 1.827269952881885318e-02 0.000000000000000000e+00
1.051359194756712467e+00 3.671430121895308263e-02 0.000000000000000000e+00
5.161396173052853698e+00 3.609201216669822854e-01 0.000000000000000000e+00
5.168258282781922119e+00 4.521641519016437183e-01 0.000000000000000000e+00
5.145359248200100488e+00 6.317708169619863368e-01 0.000000000000000000e+00
5.198907341269149107e+00 7.306589196730152169e-01 0.000000000000000000e+00
3.397441428823721576e+00 1.657043005301579663e+00 0.000000000000000000e+00
3.695020219273218220e+00 2.492322733298776960e+00 0.000000000000000000e+00
3.831993179039526076e+00 2.683190642865764808e+00 0.000000000000000000e+00
3.746557672093989932e+00 2.722033614473313712e+00 0.000000000000000000e+00
4.713574635225941556e+00 4.395479651968577706e+00 0.000000000000000000e+00
3.986010779075215726e+00 4.426913646446546835e+00 0.000000000000000000e+00
3.853034677886229442e+00 4.432409556176943433e+00 0.000000000000000000e+00
3.705027649482038665e+00 4.415480201853512199e+00 0.000000000000000000e+00
3.559436125700003117e+00 4.395537739631929952e+00 0.000000000000000000e+00
3.317806138058656540e+00 4.402877644954815040e+00 0.000000000000000000e+00
3.152292169168443348e+00 4.338758137997274389e+00 0.000000000000000000e+00
2.983171080636772832e+00 4.260410018502844842e+00 0.000000000000000000e+00
2.482000027295268030e+00 4.298950348512168063e+00 0.000000000000000000e+00
2.375567101047193930e+00 4.285636695174133592e+00 0.000000000000000000e+00
2.275998075951976229e+00 4.280530018478770238e+00 0.000000000000000000e+00
2.190050033576269595e+00 4.298215409853537672e+00 0.000000000000000000e+00
2.004478346007570799e+00 4.298617899962323463e+00 0.000000000000000000e+00
1.914102500048505240e+00 4.299144824154541134e+00 0.000000000000000000e+00
1.821588510044370057e+00 4.291393826227268171e+00 0.000000000000000000e+00
1.737799883361391240e+00 4.301205877321493176e+00 0.000000000000000000e+00
1.645983889219109209e+00 4.287934868992342885e+00 0.000000000000000000e+00
1.041109232774453552e+00 2.860424272668425250e+00 0.000000000000000000e+00
9.646584095244478130e-01 2.801571613099539171e+00 0.000000000000000000e+00
1.361837837946090923e+00 4.191306153781292565e+00 0.000000000000000000e+00
1.222175963455691683e+00 4.262234396377808210e+00 0.000000000000000000e+00
1.137250822455997845e+00 4.244278152542903193e+00 0.000000000000000000e+00
9.017129070795197876e-01 4.242226055589572553e+00 0.000000000000000000e+00
8.227682764330007670e-01 4.232776230762051561e+00 0.000000000000000000e+00
2.143151948633409687e-01 1.353133034965899428e+00 0.000000000000000000e+00
1.852393710498966284e-01 1.318046773340736610e+00 0.000000000000000000e+00
1.618424598460201924e-01 1.318101241917389865e+00 0.000000000000000000e+00
1.417405682452732574e-01 1.348571639356650476e+00 0.000000000000000000e+00
1.220180148295957889e-01 1.394672555584228535e+00 0.000000000000000000e+00
7.641047452464960754e-02 1.457999160072487532e+00 0.000000000000000000e+00
5.018545193894805717e-02 1.437123973840992885e+00 0.000000000000000000e+00
2.486965567703639315e-02 1.424782918317003988e+00 0.000000000000000000e+00
-3.389340961550273054e-08 2.148999929428100142e+00 0.000000000000000000e+00
-3.774959080459076161e-02 2.162670670828258146e+00 0.000000000000000000e+00
-2.936748210897174305e-01 4.199744685174973569e+00 0.000000000000000000e+00
-3.677101301298131841e-01 4.202945288891704045e+00 0.000000000000000000e+00
-4.404830304340685010e-01 4.190915484326247942e+00 0.000000000000000000e+00
-5.141668051718906174e-01 4.187552069846581126e+00 0.000000000000000000e+00
-6.642207703593733248e-01 4.193724499880408629e+00 0.000000000000000000e+00
-7.367892833934606145e-01 4.178539315460453984e+00 0.000000000000000000e+00
-8.096026327013527979e-01 4.165044157760540600e+00 0.000000000000000000e+00
-8.865354959712782312e-01 4.170821297283684004e+00 0.000000000000000000e+00
-9.576166896059381539e-01 4.147893322635179736e+00 0.000000000000000000e+00
-1.154790265783894654e+00 3.353754307480565355e+00 0.000000000000000000e+00
-1.210751337795761717e+00 3.326511825913927023e+00 0.000000000000000000e+00
-1.235259195726921888e+00 2.774437485370643053e+00 0.000000000000000000e+00
-1.180251506795420013e+00 2.219730180409857478e+00 0.000000000000000000e+00
-1.210569637464926851e+00 2.183925376030450671e+00 0.000000000000000000e+00
-1.103000067205023305e+00 1.910452105461208250e+00 0.000000000000000000e+00
-2.905738263615242012e+00 4.149824211790209105e+00 0.000000000000000000e+00
-1.243020568481204569e+00 1.590993740397846912e+00 0.000000000000000000e+00
-3.501538782821752793e+00 4.324040193579786084e+00 0.000000000000000000e+00
-1.320824792538606296e+00 1.231689021931801742e+00 0.000000000000000000e+00
-1.990519241690039243e+00 1.342622157708850406e+00 0.000000000000000000e+00
-2.942895091122490925e+00 1.911138384413239244e+00 0.000000000000000000e+00
-6.889714862013428309e+00 1.214842584355833033e+00 0.000000000000000000e+00
-6.737783845937459937e+00 9.469337335599581351e-01 0.000000000000000000e+00
-6.712589638659289371e+00 8.242023403004367088e-01 0.000000000000000000e+00
-6.740869288532519654e+00 7.084938815077597152e-01 0.000000000000000000e+00
-6.739257002107692074e+00 5.896085592090501981e-01 0.000000000000000000e+00
-7.385000228881835049e+00 -2.661368374296617246e-08 0.000000000000000000e+00
