-7.360513198886076580e+00 -2.570351680110715131e-01 0.000000000000000000e+00
-4.621657257140932451e+00 -2.422110338379281358e-01 0.000000000000000000e+00
-3.971302416441903738e+00 -2.777007237045326926e-01 0.000000000000000000e+00
-3.104875251599863439e+00 -8.903088201390633172e-01 0.000000000000000000e+00
-3.026261711468069215e+00 -9.832922027705316426e-01 0.000000000000000000e+00
-2.989729628968091024e+00 -1.029446633753333229e+00 0.000000000000000000e+00
-2.964730138203298893e+00 -1.079073689373669653e+00 0.000000000000000000e+00
-2.966918514176013488e+00 -1.138893480759322507e+00 0.000000000000000000e+00
-3.713371369681164769e+00 -1.500299632574771946e+00 0.000000000000000000e+00
-3.807208138393201491e+00 -1.616064195728251329e+00 0.000000000000000000e+00
-3.766615201506410049e+00 -1.756401738003105839e+00 0.000000000000000000e+00
-3.796505940707239457e+00 -1.851679899122756767e+00 0.000000000000000000e+00
-3.799251670627026289e+00 -1.935815647919485016e+00 0.000000000000000000e+00
-3.814216493983046075e+00 -2.114254967920452088e+00 0.000000000000000000e+00
-3.915300662222004124e+00 -2.260500143017937447e+00 0.000000000000000000e+00
-3.566890059395946722e+00 -2.228840517556673007e+00 0.000000000000000000e+00
-3.379986191620831804e+00 -2.279829707530599325e+00 0.000000000000000000e+00
-3.227458993927472264e+00 -2.259891345488514780e+00 0.000000000000000000e+00
-2.882527422353011737e+00 -2.094278969273039248e+00 0.000000000000000000e+00
-2.691401481587191391e+00 -2.028116686381357781e+00 0.000000000000000000e+00
-2.858114971719727393e+00 -2.233004363271821724e+00 0.000000000000000000e+00
-2.733222211283834913e+00 -2.213319918584435442e+00 0.000000000000000000e+00
-2.632128686327606548e+00 -2.208618420127707704e+00 0.000000000000000000e+00
-2.522239320399339846e+00 -2.192549397761964336e+00 0.000000000000000000e+00
-2.392257787390621893e+00 -2.230816684474756784e+00 0.000000000000000000e+00
-2.305483902062988921e+00 -2.226380131128606887e+00 0.000000000000000000e+00
-2.206880198558704542e+00 -2.206880402437474853e+00 0.000000000000000000e+00
-2.125654472477390033e+00 -2.201179845775365962e+00 0.000000000000000000e+00
-2.050768946905928036e+00 -2.199180652623526022e+00 0.000000000000000000e+00
-1.971258732459430840e+00 -2.189304819819193781e+00 0.000000000000000000e+00
-1.899946788116289920e+00 -2.185638961963563887e+00 0.000000000000000000e+00
-1.826802292541230610e+00 -2.177098396336643038e+00 0.000000000000000000e+00
-1.740474830064221434e+00 -2.227706402540810871e+00 0.000000000000000000e+00
-1.676054790798929384e+00 -2.224200039636025750e+00 0.000000000000000000e+00
-1.612294865170881497e+00 -2.219133712772405786e+00 0.000000000000000000e+00
-1.606013891587348974e+00 -2.293625756962031303e+00 0.000000000000000000e+00
-1.613271414257361425e+00 -2.391773461035355819e+00 0.000000000000000000e+00
2.239900709885633834e+00 -3.727820490685195054e+00 0.000000000000000000e+00
2.177438490578667896e+00 -3.484629723887800790e+00 0.000000000000000000e+00
2.164395631487827210e+00 -3.332876740667306326e+00 0.000000000000000000e+00
2.242110357022966127e+00 -3.202065196188389251e+00 0.000000000000000000e+00
2.115439212155221238e+00 -2.911652069689466327e+00 0.000000000000000000e+00
2.127599535634858707e+00 -2.447523118155035426e+00 0.000000000000000000e+00
2.085680248690219951e+00 -2.316382425746173812e+00 0.000000000000000000e+00
2.124265432952223254e+00 -2.199741099986575410e+00 0.000000000000000000e+00
2.141119488552231331e+00 -2.141119342854794994e+00 0.000000000000000000e+00
2.117736445617499630e+00 -2.045074174839329739e+00 0.000000000000000000e+00
2.115074942361643284e+00 -1.972339158593090502e+00 0.000000000000000000e+00
2.193020427939488481e+00 -1.974604329048448292e+00 0.000000000000000000e+00
2.295826651605809676e+00 -1.995731525606944778e+00 0.000000000000000000e+00
2.381632215460822266e+00 -1.998426578251245811e+00 0.000000000000000000e+00
2.509814270007671766e+00 -1.960881680666005655e+00 0.000000000000000000e+00
2.621121860832353878e+00 -1.975156858667478588e+00 0.000000000000000000e+00
2.729623462720175198e+00 -1.983187394286655136e+00 0.000000000000000000e+00
2.858021615090659662e+00 -2.001208140094920207e+00 0.000000000000000000e+00
2.958835166127689487e+00 -1.995759379416790491e+00 0.000000000000000000e+00
3.063663746746967842e+00 -1.989566359011123664e+00 0.000000000000000000e+00
3.191205059883083450e+00 -1.994086094406367193e+00 0.000000000000000000e+00
3.319475386122884064e+00 -1.916499866134621755e+00 0.000000000000000000e+00
3.355915782141695392e+00 -1.860214354180901974e+00 0.000000000000000000e+00
3.433783192660714523e+00 -1.825774770082374099e+00 0.000000000000000000e+00
3.472252546930187922e+00 -1.769200901567133721e+00 0.000000000000000000e+00
3.525070241950130079e+00 -1.719291496725589230e+00 0.000000000000000000e+00
3.576290669766450492e+00 -1.667651590736745515e+00 0.000000000000000000e+00
3.627709661222155102e+00 -1.539871258776414731e+00 0.000000000000000000e+00
3.700390751435001402e+00 -1.495054776350095205e+00 0.000000000000000000e+00
3.817410619167658670e+00 -1.465366508852001370e+00 0.000000000000000000e+00
3.869654284233249086e+00 -1.408438842072324837e+00 0.000000000000000000e+00
3.964559277646846347e+00 -1.365107098524576124e+00 0.000000000000000000e+00
3.996339655147334469e+00 -1.298489332597458468e+00 0.000000000000000000e+00
4.044212937907549765e+00 -1.236439843750687384e+00 0.000000000000000000e+00
4.110355069313790466e+00 -1.178625216048839519e+00 0.000000000000000000e+00
4.181004330427410487e+00 -1.042441327100710469e+00 0.000000000000000000e+00
4.135226542414097928e+00 -9.546921423910939009e-01 0.000000000000000000e+00
1.045639797351838540e+00 -2.222575677625855950e-01 0.000000000000000000e+00
1.037579979093705917e+00 -2.016850854049682396e-01 0.000000000000000000e+00
1.033063362664319751e+00 -1.821569124181545152e-01 0.000000000000000000e+00
1.034109747301005910e+00 -1.637868626530673555e-01 0.000000000000000000e+00
1.041180941375279279e+00 -1.278409141781847724e-01 0.000000000000000000e+00
1.041264477864964233e+00 -1.094412763873323924e-01 0.000000000000000000e+00
1.039031055610137866e+00 -9.090340845710476181e-02 0.000000000000000000e+00
1.039461797619245953e+00 -7.268621989545970274e-02 0.000000000000000000e+00
1.039573355795116782e+00 -5.448170143111392277e-02 0.000000000000000000e+00
1.042364616452087667e+00 -3.640014505643344306e-02 0.000000000000000000e+00
1.048840257524792818e+00 -1.830754533939105838e-02 0.000000000000000000e+00
1.046840586857719968e+00 1.827269952881885318e-02 0.000000000000000000e+00
1.049360319701456046e+00 3.664449890853078984e-02 0.000000000000000000e+00
5.188330828563608499e+00 3.628035769992339343e-01 0.000000000000000000e+00
5.168258282781922119e+00 4.521641519016437183e-01 0.000000000000000000e+00
5.140683810459075076e+00 5.403077816404702194e-01 0.000000000000000000e+00
5.134441085331445720e+00 6.304302348291319635e-01 0.000000000000000000e+00
5.143452099196999860e+00 7.228651921447321049e-01 0.000000000000000000e+00
3.856157537972191296e+00 1.557988888277628714e+00 0.000000000000000000e+00
3.782025011393670422e+00 2.648202553481400656e+00 0.000000000000000000e+00
3.770827965487547395e+00 2.739667015646468418e+00 0.000000000000000000e+00
3.692890592513454529e+00 2.782792795379081419e+00 0.000000000000000000e+00
3.601997168723520382e+00 2.814188746909271899e+00 0.000000000000000000e+00
4.057208069447863608e+00 4.350823172021801355e+00 0.000000000000000000e+00
3.940510006133056020e+00 4.376379916402734160e+00 0.000000000000000000e+00
3.744880656823565079e+00 4.462975168571353457e+00 0.000000000000000000e+00
3.559436125700003117e+00 4.395537739631929952e+00 0.000000000000000000e+00
3.312991679991203586e+00 4.396488643031343457e+00 0.000000000000000000e+00
3.155231162613101770e+00 4.342803315614454540e+00 0.000000000000000000e+00
3.018732702684126412e+00 4.311197280362603301e+00 0.000000000000000000e+00
1.017385702330905639e+00 1.566636667101316993e+00 0.000000000000000000e+00
2.497499857008935287e+00 4.325796842314209911e+00 0.000000000000000000e+00
2.376051875511581368e+00 4.286511251499040220e+00 0.000000000000000000e+00
2.284448622870726808e+00 4.296423186465367472e+00 0.000000000000000000e+00
2.078317601665647718e+00 4.261182771305510819e+00 0.000000000000000000e+00
1.989686771940579524e+00 4.266897265424350216e+00 0.000000000000000000e+00
1.841515656601961481e+00 4.338339244053542210e+00 0.000000000000000000e+00
1.738174462786223229e+00 4.302132993981493847e+00 0.000000000000000000e+00
1.640250076125900014e+00 4.272997774373318514e+00 0.000000000000000000e+00
9.877737019287227138e-01 2.868703300740386819e+00 0.000000000000000000e+00
1.378833718638148076e+00 4.243614099227269953e+00 0.000000000000000000e+00
1.294329473690370103e+00 4.233561221813188169e+00 0.000000000000000000e+00
1.139580148290634920e+00 4.252971315524093576e+00 0.000000000000000000e+00
9.375959730866194608e-01 4.061174662042025041e+00 0.000000000000000000e+00
9.015050104749978699e-01 4.241247978880624991e+00 0.000000000000000000e+00
8.229591625665552135e-01 4.233758254877510119e+00 0.000000000000000000e+00
2.171310159763493730e-01 1.370911431737979580e+00 0.000000000000000000e+00
1.873269653230712484e-01 1.332900780241144556e+00 0.000000000000000000e+00
1.617205993522057017e-01 1.317108767702710015e+00 0.000000000000000000e+00
1.407998181057726061e-01 1.339620998241284999e+00 0.000000000000000000e+00
1.199262835476400807e-01 1.370763953098974364e+00 0.000000000000000000e+00
1.010771069425119018e-01 1.445470311426658050e+00 0.000000000000000000e+00
5.060424863587097144e-02 1.449116747644156433e+00 0.000000000000000000e+00
2.490456208920385078e-02 1.426782707153720686e+00 0.000000000000000000e+00
-2.307401670539817973e-08 1.463000059127807395e+00 0.000000000000000000e+00
-3.790665954075098792e-02 2.171669124632861436e+00 0.000000000000000000e+00
-2.944421533781301226e-01 4.210718045737743331e+00 0.000000000000000000e+00
-3.672743829258025006e-01 4.197964676425036679e+00 0.000000000000000000e+00
-4.406920722380699429e-01 4.192904383949459302e+00 0.000000000000000000e+00
-5.147761659093316178e-01 4.192514914183647079e+00 0.000000000000000000e+00
-5.898156518397179582e-01 4.196755983555711111e+00 0.000000000000000000e+00
-7.355737513497098146e-01 4.171645691260843947e+00 0.000000000000000000e+00
-8.153268520318087687e-01 4.194492711059465861e+00 0.000000000000000000e+00
-8.886146606050697727e-01 4.180602997141821930e+00 0.000000000000000000e+00
-9.634654225226283453e-01 4.173226966539192340e+00 0.000000000000000000e+00
-1.159022655679956548e+00 3.366046059728077910e+00 0.000000000000000000e+00
-1.214171536090056458e+00 3.335908743115484576e+00 0.000000000000000000e+00
-1.245020943704792105e+00 2.796362729567352545e+00 0.000000000000000000e+00
-1.169923209189654756e+00 2.200305478322401420e+00 0.000000000000000000e+00
-1.216387393719106980e+00 2.194420885848184621e+00 0.000000000000000000e+00
-1.101500056684167284e+00 1.907854011097492419e+00 0.000000000000000000e+00
-1.192848247229419067e+00 1.908956189329690467e+00 0.000000000000000000e+00
-2.948182852745782068e+00 4.210441365729688634e+00 0.000000000000000000e+00
-3.095865086885240647e+00 4.261092636093960273e+00 0.000000000000000000e+00
-3.504055881967911734e+00 4.327148552091367506e+00 0.000000000000000000e+00
-1.938288432013574925e+00 1.460605072057757248e+00 0.000000000000000000e+00
-2.953797818160709632e+00 1.918218698013399504e+00 0.000000000000000000e+00
-6.716280909561412216e+00 1.063754359734943700e+00 0.000000000000000000e+00
-6.766187032435024840e+00 8.307832725131778506e-01 0.000000000000000000e+00
-6.729929866357588608e+00 7.073441019546456987e-01 0.000000000000000000e+00
-6.765158087068861903e+00 5.918746104044758649e-01 0.000000000000000000e+00
-7.101658433998402131e+00 4.965963042241748338e-01 0.000000000000000000e+00
-7.415870172381359815e+00 1.294444676221485901e-01 0.000000000000000000e+00
-7.427000045776366299e+00 -2.676504052149707726e-08 0.000000000000000000e+00
