-4.204359478023847352e+00 -7.338758695427693990e-02 0.000000000000000000e+00
-4.244413051947264925e+00 -1.482183908155689234e-01 0.000000000000000000e+00
-4.312082159350602240e+00 -2.259868743396403756e-01 0.000000000000000000e+00
-4.338406016052704928e+00 -3.033711271632036355e-01 0.000000000000000000e+00
-4.411150076635363071e+00 -3.859258541729370107e-01 0.000000000000000000e+00
-4.456452535926507252e+00 -4.683922676686276820e-01 0.000000000000000000e+00
-4.537408039228675527e+00 -6.376913500947418711e-01 0.000000000000000000e+00
-4.592750840819470604e+00 -7.274205118562190320e-01 0.000000000000000000e+00
-4.715736845367684005e+00 -9.166466343688589591e-01 0.000000000000000000e+00
-1.063246442676864634e+00 -2.260000643533915665e-01 0.000000000000000000e+00
-1.052319699510272821e+00 -2.429472015063249557e-01 0.000000000000000000e+00
-1.043067938911141912e+00 -2.600661018580736616e-01 0.000000000000000000e+00
-1.037404324388224941e+00 -2.779717068140268310e-01 0.000000000000000000e+00
-1.033356354121403697e+00 -2.963102224306677912e-01 0.000000000000000000e+00
-1.022385783810015436e+00 -3.321933346459132741e-01 0.000000000000000000e+00
-1.018323509230905533e+00 -3.506369601091528510e-01 0.000000000000000000e+00
-1.014868052465161652e+00 -3.693818197782823276e-01 0.000000000000000000e+00
-1.012001155105374250e+00 -3.884709042609177931e-01 0.000000000000000000e+00
-1.007848841333780054e+00 -4.071974213755541472e-01 0.000000000000000000e+00
-1.002429752199196500e+00 -4.255062429934727830e-01 0.000000000000000000e+00
-1.001245759642825695e+00 -4.457833920598364696e-01 0.000000000000000000e+00
-1.001470099128026536e+00 -4.669932362517745239e-01 0.000000000000000000e+00
-3.559328308705754118e+00 -2.882287510293396249e+00 0.000000000000000000e+00
-3.049384227971487782e+00 -3.634114944806563496e+00 0.000000000000000000e+00
-2.910847387757062421e+00 -3.725715104013501922e+00 0.000000000000000000e+00
-2.871861019846353003e+00 -3.811088652493648254e+00 0.000000000000000000e+00
1.975009209879337924e+00 -3.160675182089171198e+00 0.000000000000000000e+00
1.999914608953311745e+00 -3.079598196619595996e+00 0.000000000000000000e+00
1.571118756989250631e+00 -1.744904032981812181e+00 0.000000000000000000e+00
1.661622853089659957e+00 -1.720660716838246396e+00 0.000000000000000000e+00
3.776710659143998505e+00 -3.521839427301002079e+00 0.000000000000000000e+00
3.921575325896310193e+00 -3.531002044737040269e+00 0.000000000000000000e+00
4.284405809634762363e+00 -3.469443180764091306e+00 0.000000000000000000e+00
4.420740547188759528e+00 -3.453860812550625159e+00 0.000000000000000000e+00
4.482741162149175729e+00 -3.377987526775381166e+00 0.000000000000000000e+00
1.558712482305611990e+00 -9.739915887000777373e-01 0.000000000000000000e+00
3.377694051464607661e+00 -1.296575148429816471e+00 0.000000000000000000e+00
3.392290300294962702e+00 -1.234692577574101779e+00 0.000000000000000000e+00
6.750215280969714016e+00 5.905674988886727705e-01 0.000000000000000000e+00
6.725951570579201011e+00 7.069261807402140718e-01 0.000000000000000000e+00
6.736410886817136401e+00 8.271274373786101641e-01 0.000000000000000000e+00
6.647669342823560257e+00 9.342691803361047320e-01 0.000000000000000000e+00
6.600461125095901771e+00 1.282999855143192924e+00 0.000000000000000000e+00
7.143317079349477794e+00 1.781029178697320692e+00 0.000000000000000000e+00
6.991371001075362912e+00 1.873332407889277906e+00 0.000000000000000000e+00
3.829666537143253890e+00 1.098139315352740564e+00 0.000000000000000000e+00
3.750627157820393798e+00 1.146681902017898214e+00 0.000000000000000000e+00
2.732311992117555377e+00 1.514545354415291367e+00 0.000000000000000000e+00
2.681214575152986335e+00 1.548000042102786189e+00 0.000000000000000000e+00
2.616228370390011992e+00 1.634801012152012234e+00 0.000000000000000000e+00
2.586460084887272970e+00 1.679666904962845209e+00 0.000000000000000000e+00
3.223363195024627981e+00 2.257023319027876784e+00 0.000000000000000000e+00
3.285417854153453110e+00 2.386995909126933935e+00 0.000000000000000000e+00
3.270412189555860660e+00 2.464432468556220002e+00 0.000000000000000000e+00
3.199509944633989633e+00 2.590912187293132884e+00 0.000000000000000000e+00
3.169125865555662447e+00 2.659212466623867677e+00 0.000000000000000000e+00
2.413561156014999654e+00 2.098076798734950454e+00 0.000000000000000000e+00
3.117492607959413853e+00 2.807003077938710955e+00 0.000000000000000000e+00
3.068760141213782600e+00 2.861665254363969790e+00 0.000000000000000000e+00
3.071580868496523564e+00 2.966191296157173252e+00 0.000000000000000000e+00
2.330321643866830605e+00 2.680728513169714944e+00 0.000000000000000000e+00
2.070418810342480320e+00 2.467429161531454529e+00 0.000000000000000000e+00
2.232828750635539539e+00 2.757313993834795252e+00 0.000000000000000000e+00
2.117875453668670360e+00 2.710757081780749811e+00 0.000000000000000000e+00
2.017885672232450744e+00 2.677824847700551292e+00 0.000000000000000000e+00
1.901485175489519452e+00 2.617169931178255471e+00 0.000000000000000000e+00
1.813648604719855673e+00 2.590158752793633390e+00 0.000000000000000000e+00
1.685657776434474675e+00 2.595685465892064503e+00 0.000000000000000000e+00
1.598236466704765268e+00 2.557713117627195221e+00 0.000000000000000000e+00
1.517817170085204559e+00 2.526072088357994794e+00 0.000000000000000000e+00
1.446499894056667124e+00 2.505411424372218754e+00 0.000000000000000000e+00
1.373950468599516528e+00 2.478672373845442145e+00 0.000000000000000000e+00
1.306539307594304367e+00 2.457243169742421962e+00 0.000000000000000000e+00
1.234400167632595746e+00 2.422646853314202708e+00 0.000000000000000000e+00
1.167820703916065295e+00 2.394387392722269414e+00 0.000000000000000000e+00
1.077445292784024344e+00 2.419981873313853615e+00 0.000000000000000000e+00
1.012775042975419648e+00 2.385948606294133079e+00 0.000000000000000000e+00
9.668596063276393426e-01 2.393061629879483565e+00 0.000000000000000000e+00
9.489582850710803763e-01 2.472120988806225661e+00 0.000000000000000000e+00
9.272165497465768569e-01 2.547506679819791842e+00 0.000000000000000000e+00
9.086606346740156992e-01 2.638942256563842292e+00 0.000000000000000000e+00
8.881148144696918711e-01 2.733336512932534657e+00 0.000000000000000000e+00
8.139570797439833472e-01 2.838605868708703017e+00 0.000000000000000000e+00
7.893980227819858975e-01 2.946073738173780043e+00 0.000000000000000000e+00
7.632635196194551552e-01 3.061283002123060371e+00 0.000000000000000000e+00
7.367146684920536925e-01 3.191062068008915009e+00 0.000000000000000000e+00
7.087708793414764230e-01 3.334505104871904990e+00 0.000000000000000000e+00
6.748913454415274016e-01 3.472015301460812609e+00 0.000000000000000000e+00
6.358995545945027583e-01 3.606365944190141892e+00 0.000000000000000000e+00
5.447234566139266265e-01 3.875909264233055040e+00 0.000000000000000000e+00
4.967394021183892949e-01 4.045618334425305385e+00 0.000000000000000000e+00
-2.263240691301159349e-08 1.434999942779540794e+00 0.000000000000000000e+00
-3.649387324785138831e-01 6.963443789759057090e+00 0.000000000000000000e+00
-4.843192915199075466e-01 6.926087033750331301e+00 0.000000000000000000e+00
-6.040765774951176725e-01 6.904625675165973142e+00 0.000000000000000000e+00
-1.883430192153116911e+00 6.568301318728112292e+00 0.000000000000000000e+00
-1.988127735495366144e+00 6.502872496162619420e+00 0.000000000000000000e+00
-2.681197079202180422e+00 6.316504259906659868e+00 0.000000000000000000e+00
-7.545308114767252938e-01 1.255750115401776945e+00 0.000000000000000000e+00
-7.763317540091722035e-01 1.242390480290453736e+00 0.000000000000000000e+00
-8.589203214272679299e-01 1.273401712915018802e+00 0.000000000000000000e+00
-3.300190253079877234e+00 3.539020693875128742e+00 0.000000000000000000e+00
-3.273924808729591351e+00 3.390248317865540706e+00 0.000000000000000000e+00
-3.160060138630152782e+00 3.160060077402531142e+00 0.000000000000000000e+00
-3.096038457872150040e+00 2.989809527982825177e+00 0.000000000000000000e+00
-3.076073587217879268e+00 2.868484971991390964e+00 0.000000000000000000e+00
-3.076951089556600571e+00 2.674752725648299023e+00 0.000000000000000000e+00
-3.003660287104642723e+00 2.520370192964777711e+00 0.000000000000000000e+00
-2.962480454531981167e+00 2.398969327191759149e+00 0.000000000000000000e+00
-2.895939501707177399e+00 2.262555867150394917e+00 0.000000000000000000e+00
-2.864705507814314878e+00 2.158710399111579026e+00 0.000000000000000000e+00
-2.829132429767217349e+00 2.055484990969158599e+00 0.000000000000000000e+00
-1.590094058724532688e+00 1.072531966218088106e+00 0.000000000000000000e+00
-2.752764177437658777e+00 1.720117937161190991e+00 0.000000000000000000e+00
-2.720649046425046347e+00 1.634730841327869832e+00 0.000000000000000000e+00
-2.695937021223592467e+00 1.556499937388162724e+00 0.000000000000000000e+00
-2.634354642292546345e+00 1.460246597046510830e+00 0.000000000000000000e+00
-2.645311044069119877e+00 1.406536806736473633e+00 0.000000000000000000e+00
-2.615104107174920589e+00 1.332462071787699820e+00 0.000000000000000000e+00
-2.591223151904648692e+00 1.263823952595316324e+00 0.000000000000000000e+00
-2.629183854279169452e+00 1.170588049299759792e+00 0.000000000000000000e+00
-2.707204767672405588e+00 1.149140224750486494e+00 0.000000000000000000e+00
-2.794532088500627953e+00 1.129064231308564814e+00 0.000000000000000000e+00
-2.884763444881136785e+00 1.107356914749652255e+00 0.000000000000000000e+00
-2.987282755135980850e+00 1.087281982867011054e+00 0.000000000000000000e+00
-3.100355457458553676e+00 1.067537973610301671e+00 0.000000000000000000e+00
-3.234543240032818900e+00 1.050966785413993021e+00 0.000000000000000000e+00
-3.363454749321660220e+00 9.644551085848203087e-01 0.000000000000000000e+00
-3.450287082504110092e+00 9.245016165862904867e-01 0.000000000000000000e+00
-3.595916053489372821e+00 8.965625470144439335e-01 0.000000000000000000e+00
-3.675323961399163064e+00 8.485153740137292289e-01 0.000000000000000000e+00
-3.722829766931368578e+00 7.913118746066690745e-01 0.000000000000000000e+00
-3.746870876801517092e+00 7.283178995359552710e-01 0.000000000000000000e+00
-3.782646661516898767e+00 6.669826455835694556e-01 0.000000000000000000e+00
-3.828279939482734484e+00 6.063399567032877746e-01 0.000000000000000000e+00
-3.856041791815200348e+00 4.734623804212100828e-01 0.000000000000000000e+00
-3.879629938394696165e+00 4.077655204712264947e-01 0.000000000000000000e+00
-3.943934921427199480e+00 3.450495783006482520e-01 0.000000000000000000e+00
-4.012202447675400130e+00 2.805605093278188966e-01 0.000000000000000000e+00
-4.070414197845206417e+00 2.133213525067021443e-01 0.000000000000000000e+00
-4.111493706605485521e+00 1.435765080471843591e-01 0.000000000000000000e+00
-4.170000076293944424e+00 -1.502763165864319021e-08 0.000000000000000000e+00
