-7.244896205617822105e+00 -1.264605115341836117e-01 0.000000000000000000e+00
-3.940378031838951411e+00 -2.755382784702432031e-01 0.000000000000000000e+00
-4.026618769100442030e+00 -3.522837039992923747e-01 0.000000000000000000e+00
-4.065539097546511549e+00 -1.013652961238781902e+00 0.000000000000000000e+00
-3.071650727075403875e+00 -9.390980378533069217e-01 0.000000000000000000e+00
-3.016751155529119988e+00 -9.802020352997726782e-01 0.000000000000000000e+00
-2.964200674753121323e+00 -1.020656308459298334e+00 0.000000000000000000e+00
-2.967549235730328583e+00 -1.080099757119262094e+00 0.000000000000000000e+00
-3.793400249849320893e+00 -1.610203093975146382e+00 0.000000000000000000e+00
-3.779337552432561420e+00 -1.682669711843287841e+00 0.000000000000000000e+00
-3.821899857707279136e+00 -1.782181399859001258e+00 0.000000000000000000e+00
-3.817178419283999258e+00 -1.861762541858856590e+00 0.000000000000000000e+00
-2.991999869784048194e+00 -1.524500261796323697e+00 0.000000000000000000e+00
-3.789610809171956252e+00 -2.014972045272528600e+00 0.000000000000000000e+00
-3.703124543310459593e+00 -2.138000190007344870e+00 0.000000000000000000e+00
-3.758678701172909697e+00 -2.258442257097329708e+00 0.000000000000000000e+00
-3.567738046000807461e+00 -2.229370398453416779e+00 0.000000000000000000e+00
-3.463709434041919444e+00 -2.249359442554924371e+00 0.000000000000000000e+00
-3.354285913847155687e+00 -2.262494649504188438e+00 0.000000000000000000e+00
-2.729623303638227139e+00 -1.983187613244168590e+00 0.000000000000000000e+00
-2.930992278394088046e+00 -2.208661319440306858e+00 0.000000000000000000e+00
-2.772079470820485891e+00 -2.244785909954993386e+00 0.000000000000000000e+00
-2.672729019760645475e+00 -2.242686148179654282e+00 0.000000000000000000e+00
-2.566767195339542784e+00 -2.231256892563965977e+00 0.000000000000000000e+00
-2.457579776627826451e+00 -2.212814977418259499e+00 0.000000000000000000e+00
-2.363735143522535331e+00 -2.204218886293624280e+00 0.000000000000000000e+00
-2.279587660805102445e+00 -2.201372419317702445e+00 0.000000000000000000e+00
-2.194152188071130105e+00 -2.194152390774045447e+00 0.000000000000000000e+00
-2.078730965445693801e+00 -2.229166249135376532e+00 0.000000000000000000e+00
-1.998023929827453582e+00 -2.219030585715036086e+00 0.000000000000000000e+00
-1.921596729930690861e+00 -2.210544373341275737e+00 0.000000000000000000e+00
-1.850585394802933825e+00 -2.205441996520019821e+00 0.000000000000000000e+00
-1.780976558851486535e+00 -2.199323092453174144e+00 0.000000000000000000e+00
-1.725083382143498545e+00 -2.208006245730095962e+00 0.000000000000000000e+00
-1.659203901139282733e+00 -2.201838151674700317e+00 0.000000000000000000e+00
-1.621111564931694726e+00 -2.231268860069137716e+00 0.000000000000000000e+00
-1.586430102274361653e+00 -2.351979575708340597e+00 0.000000000000000000e+00
2.226191069722754712e+00 -3.562650153459856917e+00 0.000000000000000000e+00
2.218314886448150336e+00 -3.415905105776248618e+00 0.000000000000000000e+00
2.189240311013401552e+00 -3.245681987185921269e+00 0.000000000000000000e+00
2.129115778036992257e+00 -3.040692225586995701e+00 0.000000000000000000e+00
2.214855322388050940e+00 -2.547899411576023621e+00 0.000000000000000000e+00
2.135864918459538853e+00 -2.372118144185530575e+00 0.000000000000000000e+00
2.113512979950265436e+00 -2.266465032097515042e+00 0.000000000000000000e+00
2.122876051239330319e+00 -2.198302353203800408e+00 0.000000000000000000e+00
2.097985896556437524e+00 -2.097985753794126662e+00 0.000000000000000000e+00
2.106946272797555864e+00 -2.034654226775544306e+00 0.000000000000000000e+00
2.142866462014924700e+00 -1.998255168182694996e+00 0.000000000000000000e+00
2.257336372645496692e+00 -1.962272438834529398e+00 0.000000000000000000e+00
2.343330028760946870e+00 -1.966287229694708927e+00 0.000000000000000000e+00
2.422364107054235216e+00 -1.961591643267671659e+00 0.000000000000000000e+00
2.542122812442242807e+00 -1.986123878762511286e+00 0.000000000000000000e+00
2.645879481524747501e+00 -1.993813062732458841e+00 0.000000000000000000e+00
2.772501342840981930e+00 -2.014339995555908036e+00 0.000000000000000000e+00
2.868670601284484256e+00 -2.008664639983625211e+00 0.000000000000000000e+00
3.017536808552083283e+00 -1.959611177221290079e+00 0.000000000000000000e+00
3.130145573083408017e+00 -1.955931895201354687e+00 0.000000000000000000e+00
3.278665029356967242e+00 -1.970020555743543955e+00 0.000000000000000000e+00
3.320341555250345245e+00 -1.916999949076573673e+00 0.000000000000000000e+00
3.389151425019415242e+00 -1.878637170474613871e+00 0.000000000000000000e+00
3.424953725003628602e+00 -1.821080059211862112e+00 0.000000000000000000e+00
3.512487179966933049e+00 -1.713154327822391965e+00 0.000000000000000000e+00
3.551820188023232294e+00 -1.656240818634197920e+00 0.000000000000000000e+00
3.594801373461152583e+00 -1.600508555127649668e+00 0.000000000000000000e+00
3.730806195633260547e+00 -1.583633137494578458e+00 0.000000000000000000e+00
3.731915149666432008e+00 -1.507791458855634703e+00 0.000000000000000000e+00
3.824879166512055395e+00 -1.468233415307728995e+00 0.000000000000000000e+00
3.871533533279352124e+00 -1.409122832722663476e+00 0.000000000000000000e+00
3.978269530367497087e+00 -1.292617993749895389e+00 0.000000000000000000e+00
4.023173933944786285e+00 -1.230007575427583655e+00 0.000000000000000000e+00
4.077672248375144193e+00 -1.169253569015842542e+00 0.000000000000000000e+00
4.146719819269801377e+00 -1.111110093621931361e+00 0.000000000000000000e+00
4.196528862288538164e+00 -1.046312027132795253e+00 0.000000000000000000e+00
1.077653247004052517e+00 -2.487958220872707182e-01 0.000000000000000000e+00
1.039770870665850833e+00 -2.210100890668549312e-01 0.000000000000000000e+00
1.031690174768614243e+00 -2.005402235993634097e-01 0.000000000000000000e+00
1.039048184317121981e+00 -1.645690340883434466e-01 0.000000000000000000e+00
1.036810722254077222e+00 -1.457142136500884644e-01 0.000000000000000000e+00
1.041180941375279279e+00 -1.278409141781847724e-01 0.000000000000000000e+00
1.040269909492541167e+00 -1.093367430680400182e-01 0.000000000000000000e+00
1.039031055610137866e+00 -9.090340845710476181e-02 0.000000000000000000e+00
1.039461797619245953e+00 -7.268621989545970274e-02 0.000000000000000000e+00
1.039573355795116782e+00 -5.448170143111392277e-02 0.000000000000000000e+00
1.041841354168198563e+00 -1.818537922342860005e-02 0.000000000000000000e+00
1.046000003814696822e+00 2.922490249801512288e-08 0.000000000000000000e+00
1.046840586857719968e+00 1.827269952881885318e-02 0.000000000000000000e+00
1.051359194756712467e+00 3.671430121895308263e-02 0.000000000000000000e+00
5.143440370279825480e+00 3.596645291288034785e-01 0.000000000000000000e+00
5.146341687861323066e+00 4.502466977009008109e-01 0.000000000000000000e+00
5.139403929661096271e+00 6.310395956269606588e-01 0.000000000000000000e+00
5.124637425272520197e+00 7.202209616514253510e-01 0.000000000000000000e+00
3.820204909733163401e+00 2.576760877443942110e+00 0.000000000000000000e+00
3.782025011393670422e+00 2.648202553481400656e+00 0.000000000000000000e+00
3.757883860446897817e+00 2.730262572391167097e+00 0.000000000000000000e+00
3.725634559509402699e+00 2.807467145502851924e+00 0.000000000000000000e+00
5.281876320833288396e+00 4.432020675538104193e+00 0.000000000000000000e+00
4.013445378325307900e+00 4.457382857027357481e+00 0.000000000000000000e+00
3.874684620306726668e+00 4.457314967027784292e+00 0.000000000000000000e+00
3.732667658219226858e+00 4.448420282982238128e+00 0.000000000000000000e+00
3.614816205841844265e+00 4.463926446070489717e+00 0.000000000000000000e+00
3.311787850248522069e+00 4.394891106936156255e+00 0.000000000000000000e+00
3.163460120035871626e+00 4.354129504327062250e+00 0.000000000000000000e+00
2.994642598087778662e+00 4.276793043999748356e+00 0.000000000000000000e+00
2.486499939402692316e+00 4.306744425268712817e+00 0.000000000000000000e+00
2.392050588712533177e+00 4.315373695476876215e+00 0.000000000000000000e+00
2.283978961490676252e+00 4.295539881836479168e+00 0.000000000000000000e+00
2.210479639922539263e+00 4.338310771817202927e+00 0.000000000000000000e+00
2.078317601665647718e+00 4.261182771305510819e+00 0.000000000000000000e+00
1.913695792902766701e+00 4.298231344902252893e+00 0.000000000000000000e+00
1.828230830125196382e+00 4.307042152525718315e+00 0.000000000000000000e+00
1.725437869210263431e+00 4.270608816962901066e+00 0.000000000000000000e+00
1.642758640714572449e+00 4.279532808914871644e+00 0.000000000000000000e+00
9.786578338316825887e-01 2.842228895876164341e+00 0.000000000000000000e+00
1.374507499820198042e+00 4.230299365968260616e+00 0.000000000000000000e+00
1.291698179807626135e+00 4.224954646770576971e+00 0.000000000000000000e+00
1.138544947215031744e+00 4.249107892238821904e+00 0.000000000000000000e+00
9.342216302968523456e-01 4.046558776487683140e+00 0.000000000000000000e+00
9.015050104749978699e-01 4.241247978880624991e+00 0.000000000000000000e+00
8.214326194069855314e-01 4.225904870411750558e+00 0.000000000000000000e+00
2.171310159763493730e-01 1.370911431737979580e+00 0.000000000000000000e+00
1.871878023259609669e-01 1.331910583943942683e+00 0.000000000000000000e+00
1.617205993522057017e-01 1.317108767702710015e+00 0.000000000000000000e+00
1.405907639037460022e-01 1.337631980055231429e+00 0.000000000000000000e+00
1.199262835476400807e-01 1.370763953098974364e+00 0.000000000000000000e+00
1.010771069425119018e-01 1.445470311426658050e+00 0.000000000000000000e+00
5.056934752434662922e-02 1.448117310115002665e+00 0.000000000000000000e+00
2.490456208920385078e-02 1.426782707153720686e+00 0.000000000000000000e+00
-2.315287519400978186e-08 1.468000054359435813e+00 0.000000000000000000e+00
-3.792411485886564709e-02 2.172669138241802411e+00 0.000000000000000000e+00
-2.939538600843636940e-01 4.203735127836599972e+00 0.000000000000000000e+00
-3.677101301298131841e-01 4.202945288891704045e+00 0.000000000000000000e+00
-4.413192474931367237e-01 4.198871557044085101e+00 0.000000000000000000e+00
-5.147761659093316178e-01 4.192514914183647079e+00 0.000000000000000000e+00
-5.888414442783937996e-01 4.189824137309414276e+00 0.000000000000000000e+00
-7.385257222551430134e-01 4.188387148777213298e+00 0.000000000000000000e+00
-8.111290851238193156e-01 4.172897074101832970e+00 0.000000000000000000e+00
-8.892383505111913777e-01 4.183537227248991464e+00 0.000000000000000000e+00
-9.634654225226283453e-01 4.173226966539192340e+00 0.000000000000000000e+00
-1.011475558100685346e+00 4.056806643306207327e+00 0.000000000000000000e+00
-1.101027584957022132e+00 3.388614318408064374e+00 0.000000000000000000e+00
-1.224774207883141841e+00 3.365039343268438454e+00 0.000000000000000000e+00
-1.134522318743663494e+00 2.226625354774302235e+00 0.000000000000000000e+00
-1.226083577084324805e+00 2.211913263194016821e+00 0.000000000000000000e+00
-1.088000081205754865e+00 1.884471368300596250e+00 0.000000000000000000e+00
-1.181190110126461468e+00 1.890299270454690594e+00 0.000000000000000000e+00
-2.770578761200299667e+00 4.266317058223096481e+00 0.000000000000000000e+00
-2.879284401532117510e+00 4.268714568061323433e+00 0.000000000000000000e+00
-3.088223871764084638e+00 4.250575405991944500e+00 0.000000000000000000e+00
-2.962241347073074405e+00 2.860603162452540094e+00 0.000000000000000000e+00
-3.064372078543432298e+00 2.857573138827921078e+00 0.000000000000000000e+00
-1.996031246505633350e+00 1.559470494854793721e+00 0.000000000000000000e+00
-2.914380158893109751e+00 1.892620571230939630e+00 0.000000000000000000e+00
-2.998698094191230901e+00 1.873794501623715414e+00 0.000000000000000000e+00
-1.646034269010542950e+00 9.124116781227452622e-01 0.000000000000000000e+00
-6.711342354822705580e+00 1.062972169531045230e+00 0.000000000000000000e+00
-6.697182964641934078e+00 9.412276520070187447e-01 0.000000000000000000e+00
-6.720529905647753210e+00 8.251772824593929245e-01 0.000000000000000000e+00
-6.720329249634324320e+00 5.879525955232318690e-01 0.000000000000000000e+00
-7.374999999999999112e+00 -2.657764543280098125e-08 0.000000000000000000e+00
