-7.347880682132202246e+00 -1.282581176296291037e-01 0.000000000000000000e+00
-7.375504404377749346e+00 -2.575586732230210618e-01 0.000000000000000000e+00
-4.537772742158638017e+00 -2.378148283284300391e-01 0.000000000000000000e+00
-3.965316990302544475e+00 -2.772821816253149829e-01 0.000000000000000000e+00
-3.151015905848404408e+00 -9.035394423430620492e-01 0.000000000000000000e+00
-3.043918075624889141e+00 -9.306193139111335055e-01 0.000000000000000000e+00
-3.010093789046809132e+00 -9.780389254377817032e-01 0.000000000000000000e+00
-2.963790513707680763e+00 -1.078731693973128181e+00 0.000000000000000000e+00
-2.956649206247947692e+00 -1.134951462198549033e+00 0.000000000000000000e+00
-3.772710813331217494e+00 -1.524274327438918775e+00 0.000000000000000000e+00
-3.799843755597434924e+00 -1.612938200267205024e+00 0.000000000000000000e+00
-3.784818863392653387e+00 -1.685110149037844618e+00 0.000000000000000000e+00
-3.821899857707279136e+00 -1.782181399859001258e+00 0.000000000000000000e+00
-3.776085481178568237e+00 -1.924011883408777823e+00 0.000000000000000000e+00
-2.901365727118299986e+00 -1.542683702269834534e+00 0.000000000000000000e+00
-3.741622900088588111e+00 -2.074015677158463244e+00 0.000000000000000000e+00
-3.884123943467571838e+00 -2.242500254048177322e+00 0.000000000000000000e+00
-3.749249727074424499e+00 -2.252776757266644392e+00 0.000000000000000000e+00
-3.584699395621350426e+00 -2.239969027129152579e+00 0.000000000000000000e+00
-3.446936039200209301e+00 -2.238466671440785927e+00 0.000000000000000000e+00
-3.260225043360066355e+00 -2.282834382620168689e+00 0.000000000000000000e+00
-2.947248717950633701e+00 -2.141301747680315337e+00 0.000000000000000000e+00
-2.673032863987171215e+00 -2.014274938832645745e+00 0.000000000000000000e+00
-2.868359120157407904e+00 -2.241007969979630587e+00 0.000000000000000000e+00
-2.768970927114759562e+00 -2.242268660653685242e+00 0.000000000000000000e+00
-2.660472284313822655e+00 -2.232401525007884580e+00 0.000000000000000000e+00
-2.531295898331848093e+00 -2.200422161591750747e+00 0.000000000000000000e+00
-2.446432703933894448e+00 -2.202778107142028041e+00 0.000000000000000000e+00
-2.352764761751499734e+00 -2.193988838838505373e+00 0.000000000000000000e+00
-2.216779649879671688e+00 -2.216779854672985106e+00 0.000000000000000000e+00
-2.148578192309417378e+00 -2.224918054754199126e+00 0.000000000000000000e+00
-2.061680942243319326e+00 -2.210882336064615039e+00 0.000000000000000000e+00
-1.979288195949941542e+00 -2.198222443280222205e+00 0.000000000000000000e+00
-1.908475562553275218e+00 -2.195450195532770987e+00 0.000000000000000000e+00
-1.835801279356064075e+00 -2.187822972194261251e+00 0.000000000000000000e+00
-1.779718009365253595e+00 -2.197768913127056578e+00 0.000000000000000000e+00
-1.718311010016064788e+00 -2.199338003887083115e+00 0.000000000000000000e+00
-1.614645975764503971e+00 -2.222369739192555205e+00 0.000000000000000000e+00
-1.586512339948676242e+00 -2.265774652202921846e+00 0.000000000000000000e+00
-1.593699615937134384e+00 -2.362757073964117716e+00 0.000000000000000000e+00
2.212943036821276799e+00 -3.541448870653808978e+00 0.000000000000000000e+00
2.223216542461218470e+00 -3.423452993546414191e+00 0.000000000000000000e+00
2.200983444730866267e+00 -3.263091897549871945e+00 0.000000000000000000e+00
2.127968708251115615e+00 -3.039054040282044511e+00 0.000000000000000000e+00
2.197141760435648461e+00 -2.527522290949120176e+00 0.000000000000000000e+00
2.117129342446070428e+00 -2.351310180433136665e+00 0.000000000000000000e+00
2.111466970485939232e+00 -2.264270955718412193e+00 0.000000000000000000e+00
2.119402845386299195e+00 -2.194705743502813888e+00 0.000000000000000000e+00
2.095864561305011531e+00 -2.095864418687051867e+00 0.000000000000000000e+00
2.104068950546897021e+00 -2.031875629165019959e+00 0.000000000000000000e+00
2.147985915768252152e+00 -2.003029135717395715e+00 0.000000000000000000e+00
2.267902440949122411e+00 -1.971457381260610431e+00 0.000000000000000000e+00
2.365545351838644450e+00 -1.984928097833251082e+00 0.000000000000000000e+00
2.453449916702798550e+00 -1.986764433870561231e+00 0.000000000000000000e+00
2.542122812442242807e+00 -1.986123878762511286e+00 0.000000000000000000e+00
2.669838524571771288e+00 -2.011867495419694229e+00 0.000000000000000000e+00
2.774928410855809435e+00 -2.016103363565385997e+00 0.000000000000000000e+00
2.941425452622614678e+00 -1.984016380205994690e+00 0.000000000000000000e+00
3.050244990183657023e+00 -1.980852117225787135e+00 0.000000000000000000e+00
3.144562357040748601e+00 -1.964940501002589768e+00 0.000000000000000000e+00
3.267521844423206367e+00 -1.963325055233610561e+00 0.000000000000000000e+00
3.314279197264317744e+00 -1.913499845320042247e+00 0.000000000000000000e+00
3.369035169731740442e+00 -1.867486548925160417e+00 0.000000000000000000e+00
3.431134331312477581e+00 -1.824366345628146924e+00 0.000000000000000000e+00
3.511588451050762227e+00 -1.712715988476683382e+00 0.000000000000000000e+00
3.552726646215615514e+00 -1.656663506996540303e+00 0.000000000000000000e+00
3.634083813003143426e+00 -1.617998222572810008e+00 0.000000000000000000e+00
3.740931893124031848e+00 -1.587931240704924640e+00 0.000000000000000000e+00
3.727279124227922402e+00 -1.505918383161551244e+00 0.000000000000000000e+00
3.812742610140219757e+00 -1.463574628235993824e+00 0.000000000000000000e+00
3.869654284233249086e+00 -1.408438842072324837e+00 0.000000000000000000e+00
3.966856772243484652e+00 -1.288909764230300459e+00 0.000000000000000000e+00
4.005960783795529778e+00 -1.224744987871544621e+00 0.000000000000000000e+00
4.069020603350153031e+00 -1.166772750007556647e+00 0.000000000000000000e+00
4.127400860423139584e+00 -1.105933594820868837e+00 0.000000000000000000e+00
4.181004330427410487e+00 -1.042441327100710469e+00 0.000000000000000000e+00
1.053294018448203584e+00 -2.431720518153278054e-01 0.000000000000000000e+00
1.036836407322857090e+00 -2.203863497189895992e-01 0.000000000000000000e+00
1.038972133138856613e+00 -1.831987878971699235e-01 0.000000000000000000e+00
1.037072715317374882e+00 -1.642561505954825973e-01 0.000000000000000000e+00
1.034830093557979946e+00 -1.454358544985191459e-01 0.000000000000000000e+00
1.038203282085347290e+00 -1.274753036770616410e-01 0.000000000000000000e+00
1.037286322931520566e+00 -1.090231555709233469e-01 0.000000000000000000e+00
1.037038691860189488e+00 -9.072909927281350151e-02 0.000000000000000000e+00
1.039461797619245953e+00 -7.268621989545970274e-02 0.000000000000000000e+00
1.042364616452087667e+00 -3.640014505643344306e-02 0.000000000000000000e+00
1.042841129395635669e+00 -1.820283033686002222e-02 0.000000000000000000e+00
1.047000050544738325e+00 2.925284348087586419e-08 0.000000000000000000e+00
1.047840362084182075e+00 1.829015069811706917e-02 0.000000000000000000e+00
1.053357950675298582e+00 3.678409936902787142e-02 0.000000000000000000e+00
5.158403697815884925e+00 3.607108673314496916e-01 0.000000000000000000e+00
5.167535852238055227e+00 5.431300456934741172e-01 0.000000000000000000e+00
5.150322092529751039e+00 6.323801777598150320e-01 0.000000000000000000e+00
5.229605787276885742e+00 7.349733057397954683e-01 0.000000000000000000e+00
3.304865710015956637e+00 1.611890807530127923e+00 0.000000000000000000e+00
3.799227129048591944e+00 2.660247606531503273e+00 0.000000000000000000e+00
3.788626592130138526e+00 2.752598475469830497e+00 0.000000000000000000e+00
3.715252288918581947e+00 2.799643543076507424e+00 0.000000000000000000e+00
1.828136262379660426e+00 1.646061357864777142e+00 0.000000000000000000e+00
4.541192208534878816e+00 4.385378533017833647e+00 0.000000000000000000e+00
4.390425986656010693e+00 4.390426178567636839e+00 0.000000000000000000e+00
3.989356508603226548e+00 4.430629455691875940e+00 0.000000000000000000e+00
3.832696758390211844e+00 4.409013455112948066e+00 0.000000000000000000e+00
3.719168871100478224e+00 4.432333054245847670e+00 0.000000000000000000e+00
3.551254953626965527e+00 4.385434833067090921e+00 0.000000000000000000e+00
3.419999298220382844e+00 4.377399672524114216e+00 0.000000000000000000e+00
3.307575163568530652e+00 4.389300682650731922e+00 0.000000000000000000e+00
3.142299983845583622e+00 4.325005074175981790e+00 0.000000000000000000e+00
1.005948267889101633e+00 1.549024561748307161e+00 0.000000000000000000e+00
2.645235545406424915e+00 4.402411443275807912e+00 0.000000000000000000e+00
2.480999861390285055e+00 4.297218010269415522e+00 0.000000000000000000e+00
2.374112546478798436e+00 4.283012609148231675e+00 0.000000000000000000e+00
2.275528638433403028e+00 4.279647134872107905e+00 0.000000000000000000e+00
2.101989599177588541e+00 4.309717561117918372e+00 0.000000000000000000e+00
1.994758024820631581e+00 4.277772602865059781e+00 0.000000000000000000e+00
1.902713924179278093e+00 4.273565662640756990e+00 0.000000000000000000e+00
1.823151321209217413e+00 4.295075578800586769e+00 0.000000000000000000e+00
1.739672959111885797e+00 4.305841902737212123e+00 0.000000000000000000e+00
1.637024656738216954e+00 4.264595269130006194e+00 0.000000000000000000e+00
1.001776915026814097e+00 2.752359611589746180e+00 0.000000000000000000e+00
1.286143102131891647e+00 4.206784805234715208e+00 0.000000000000000000e+00
1.217214456662699229e+00 4.244931564753496644e+00 0.000000000000000000e+00
1.140097872242966215e+00 4.254903487756058311e+00 0.000000000000000000e+00
9.884348697509609538e-01 4.281382134029879438e+00 0.000000000000000000e+00
8.990100529407106800e-01 4.229510125539008847e+00 0.000000000000000000e+00
8.221958909867703724e-01 4.229831562644630338e+00 0.000000000000000000e+00
2.141587531048918247e-01 1.352145300467929578e+00 0.000000000000000000e+00
1.839868211222816519e-01 1.309134416420153046e+00 0.000000000000000000e+00
1.622080703833753690e-01 1.321078901202873190e+00 0.000000000000000000e+00
1.417405682452732574e-01 1.348571639356650476e+00 0.000000000000000000e+00
9.849611382500059187e-02 1.408560381589815558e+00 0.000000000000000000e+00
7.641047452464960754e-02 1.457999160072487532e+00 0.000000000000000000e+00
4.990625552778021196e-02 1.429128831017773882e+00 0.000000000000000000e+00
2.486965567703639315e-02 1.424782918317003988e+00 0.000000000000000000e+00
-3.401958545344290829e-08 2.157000064849853072e+00 0.000000000000000000e+00
-2.940236115174037490e-01 4.204732619583105624e+00 0.000000000000000000e+00
-3.671871919258964945e-01 4.196968078909055322e+00 0.000000000000000000e+00
-4.400648969830031620e-01 4.186937210854832614e+00 0.000000000000000000e+00
-5.868930291557455936e-01 4.175960444816821493e+00 0.000000000000000000e+00
-6.607792374724802409e-01 4.171995518449883811e+00 0.000000000000000000e+00
-7.380048154372114144e-01 4.185432939660064022e+00 0.000000000000000000e+00
-8.105566995847039991e-01 4.169952406002466638e+00 0.000000000000000000e+00
-8.896541437819390774e-01 4.185493380653769968e+00 0.000000000000000000e+00
-9.605410560642833051e-01 4.160560144587186038e+00 0.000000000000000000e+00
-1.159022655679956548e+00 3.366046059728077910e+00 0.000000000000000000e+00
-1.202884873564487922e+00 3.304898893946326410e+00 0.000000000000000000e+00
-1.168514784619642199e+00 2.197656617035728566e+00 0.000000000000000000e+00
-1.095999978371264616e+00 1.898327596271686790e+00 0.000000000000000000e+00
-1.199207322989287006e+00 1.919132837581814410e+00 0.000000000000000000e+00
-1.188226631258817667e+00 1.520860700492410844e+00 0.000000000000000000e+00
-3.499650658378782975e+00 4.321708554124031210e+00 0.000000000000000000e+00
-3.032017396159625733e+00 2.927985108517689117e+00 0.000000000000000000e+00
-1.291570672115865070e+00 1.204409113820970489e+00 0.000000000000000000e+00
-1.959015725207924996e+00 1.321372767907061707e+00 0.000000000000000000e+00
-2.958829876786755797e+00 1.921486555036867827e+00 0.000000000000000000e+00
-6.867064516592447987e+00 1.210848717451487255e+00 0.000000000000000000e+00
-6.722929957111606569e+00 9.448461556967664432e-01 0.000000000000000000e+00
-6.716560008794964176e+00 8.246898404358294909e-01 0.000000000000000000e+00
-6.729929866357588608e+00 7.073441019546456987e-01 0.000000000000000000e+00
-6.741249722120384646e+00 5.897828996111484923e-01 0.000000000000000000e+00
-7.365878073678997495e+00 1.285718524803758089e-01 0.000000000000000000e+00
