-7.151851389728597574e+00 -1.132742353971838423e+00 0.000000000000000000e+00
-6.659358668129155667e+00 -1.294448547567274010e+00 0.000000000000000000e+00
-6.649447180136514923e+00 -1.413383981649534604e+00 0.000000000000000000e+00
-6.591613281301671456e+00 -1.521794185597237004e+00 0.000000000000000000e+00
-6.523863123471340231e+00 -1.748064206809470278e+00 0.000000000000000000e+00
-6.499090383194083387e+00 -1.863584531474228090e+00 0.000000000000000000e+00
-6.510932990141946597e+00 -2.115530728128022009e+00 0.000000000000000000e+00
-6.954664982464172418e+00 -2.531291433335466134e+00 0.000000000000000000e+00
-6.778727494171592483e+00 -2.602110072814085573e+00 0.000000000000000000e+00
-3.639564994175037871e+00 -1.620438951276424344e+00 0.000000000000000000e+00
-3.646982604003562223e+00 -1.700616134501109711e+00 0.000000000000000000e+00
-2.574800774391210023e+00 -1.940251742586878381e+00 0.000000000000000000e+00
-2.502722154470740978e+00 -1.955341036413089206e+00 0.000000000000000000e+00
-2.451895392838041143e+00 -1.985505931003239910e+00 0.000000000000000000e+00
-2.381863262129349845e+00 -2.070522340483618606e+00 0.000000000000000000e+00
-3.020490740516548644e+00 -2.816653445444750936e+00 0.000000000000000000e+00
-2.975189393605337518e+00 -2.873107266695857032e+00 0.000000000000000000e+00
-2.975505327264678090e+00 -2.975505602151537143e+00 0.000000000000000000e+00
-2.941183543345252005e+00 -3.045684998273682886e+00 0.000000000000000000e+00
-2.307882379727693944e+00 -2.474901078293294976e+00 0.000000000000000000e+00
-2.831550610412714164e+00 -3.257326665988156122e+00 0.000000000000000000e+00
-2.768486187733465886e+00 -3.299353665256384627e+00 0.000000000000000000e+00
-2.787259793343898728e+00 -3.441979512700974908e+00 0.000000000000000000e+00
-2.643034696728201904e+00 -3.382930459167668324e+00 0.000000000000000000e+00
-2.511975627700611557e+00 -3.333504561645741493e+00 0.000000000000000000e+00
-2.389934678909266808e+00 -3.289463194270819901e+00 0.000000000000000000e+00
-2.217758952974653752e+00 -3.287963178310019607e+00 0.000000000000000000e+00
8.534494318549507019e-01 -1.314196775942388484e+00 0.000000000000000000e+00
8.740185338742942900e-01 -1.295785664822375560e+00 0.000000000000000000e+00
3.554379199391011213e+00 -3.314512000988463658e+00 0.000000000000000000e+00
3.500955353283497384e+00 -3.152274145888477097e+00 0.000000000000000000e+00
3.535295028585083266e+00 -2.966464553687150563e+00 0.000000000000000000e+00
3.396127853968252897e+00 -2.750129924074020682e+00 0.000000000000000000e+00
3.323041439848248402e+00 -2.596244336228313188e+00 0.000000000000000000e+00
3.261627592348588678e+00 -2.457812513684747291e+00 0.000000000000000000e+00
3.212606525746475317e+00 -2.334095105672307380e+00 0.000000000000000000e+00
3.114416181132876105e+00 -2.180737535509766456e+00 0.000000000000000000e+00
3.042568021300116499e+00 -2.052237899406270216e+00 0.000000000000000000e+00
2.944486509850340550e+00 -1.699999953472911329e+00 0.000000000000000000e+00
2.882746608978730141e+00 -1.597932418335679783e+00 0.000000000000000000e+00
2.809539218822517448e+00 -1.493858386938041960e+00 0.000000000000000000e+00
2.776376317977163666e+00 -1.414634280907216546e+00 0.000000000000000000e+00
2.753006173477807295e+00 -1.342730720133096245e+00 0.000000000000000000e+00
2.750644251617312630e+00 -1.282646374507376841e+00 0.000000000000000000e+00
2.732979038973307073e+00 -1.160080675126460958e+00 0.000000000000000000e+00
2.725920619527244515e+00 -1.101343321808646358e+00 0.000000000000000000e+00
2.798874064454524468e+00 -1.074386993097534493e+00 0.000000000000000000e+00
2.868881578164612645e+00 -1.044187400527285758e+00 0.000000000000000000e+00
2.947181528488353575e+00 -1.014795881061446137e+00 0.000000000000000000e+00
3.057646648434610093e+00 -9.934895175215876506e-01 0.000000000000000000e+00
3.181625859477878127e+00 -9.727205369659251977e-01 0.000000000000000000e+00
3.274057267453671649e+00 -9.388207074901401272e-01 0.000000000000000000e+00
3.421262778505063107e+00 -8.530165073568565237e-01 0.000000000000000000e+00
3.481424220743707831e+00 -8.037500034843856334e-01 0.000000000000000000e+00
3.573173321738804642e+00 -7.595013251170312785e-01 0.000000000000000000e+00
3.681101958984658751e+00 -7.155336243387239170e-01 0.000000000000000000e+00
3.766889721686641934e+00 -6.642041775176962259e-01 0.000000000000000000e+00
3.774944881561176135e+00 -5.978924194969325034e-01 0.000000000000000000e+00
3.793717075595251842e+00 -5.331720521557342662e-01 0.000000000000000000e+00
3.863717565696771050e+00 -4.060929677127125270e-01 0.000000000000000000e+00
3.879182217283507317e+00 -3.393843559085812922e-01 0.000000000000000000e+00
3.906460718240636787e+00 -2.731662322072403448e-01 0.000000000000000000e+00
3.919620882115982141e+00 -2.054185146552458263e-01 0.000000000000000000e+00
3.993565800169478930e+00 -1.394582779616660995e-01 0.000000000000000000e+00
4.067380265696530550e+00 -7.099627239949214685e-02 0.000000000000000000e+00
4.090376998996059221e+00 7.139790986381125415e-02 0.000000000000000000e+00
4.117490088969017137e+00 1.437860363483516868e-01 0.000000000000000000e+00
4.173272720671127090e+00 2.187120708556891668e-01 0.000000000000000000e+00
4.199744681601547569e+00 2.936748721920615091e-01 0.000000000000000000e+00
4.218884669361733231e+00 3.691046971951978395e-01 0.000000000000000000e+00
4.269482704682738827e+00 4.487408317597887386e-01 0.000000000000000000e+00
4.288792005470398294e+00 5.265975607094668387e-01 0.000000000000000000e+00
1.037002532763052542e+00 1.828515540178638765e-01 0.000000000000000000e+00
1.025800359301437092e+00 1.993954191148208099e-01 0.000000000000000000e+00
1.021186118371530061e+00 2.170598382352650901e-01 0.000000000000000000e+00
1.012370524644815584e+00 2.337241796923258674e-01 0.000000000000000000e+00
1.008137286366157515e+00 2.513568840926177494e-01 0.000000000000000000e+00
1.001665017794112433e+00 2.683953604227380385e-01 0.000000000000000000e+00
9.907317321790801712e-01 3.028971153999724941e-01 0.000000000000000000e+00
9.843434544628708593e-01 3.198326039702629742e-01 0.000000000000000000e+00
9.795572483876162639e-01 3.372886372166523095e-01 0.000000000000000000e+00
9.735215587386178981e-01 3.543328976193380608e-01 0.000000000000000000e+00
9.699900858365094747e-01 3.723443362283763713e-01 0.000000000000000000e+00
9.633440470103278308e-01 3.892162874703891107e-01 0.000000000000000000e+00
9.610070840892932509e-01 4.079233335562282847e-01 0.000000000000000000e+00
4.649461419259122152e+00 2.267693994027241366e+00 0.000000000000000000e+00
4.609176566823162347e+00 2.348492903028348788e+00 0.000000000000000000e+00
4.585146649366098615e+00 2.437965861079709029e+00 0.000000000000000000e+00
4.599624825132360151e+00 2.549613818280874522e+00 0.000000000000000000e+00
4.450715023373662760e+00 3.604118129267639414e+00 0.000000000000000000e+00
2.612066957766757014e+00 3.730418382003860778e+00 0.000000000000000000e+00
2.521678715881755739e+00 3.883044876587425254e+00 0.000000000000000000e+00
2.357329263238201467e+00 3.923254903356547363e+00 0.000000000000000000e+00
1.114546599739547617e+00 2.187420970550878252e+00 0.000000000000000000e+00
2.833192531066106579e+00 5.808905814729546258e+00 0.000000000000000000e+00
2.659113916276401035e+00 5.702488481011249277e+00 0.000000000000000000e+00
2.127630340841947465e+00 5.542666842960697338e+00 0.000000000000000000e+00
2.001501858034012482e+00 5.499081476066152163e+00 0.000000000000000000e+00
1.889597435529958291e+00 5.487789753656062253e+00 0.000000000000000000e+00
1.743782840453981908e+00 5.366812072923410781e+00 0.000000000000000000e+00
1.625001864455912104e+00 5.315141946910811654e+00 0.000000000000000000e+00
1.511870838895635227e+00 5.272520557679225561e+00 0.000000000000000000e+00
1.293314409312269930e+00 5.187201164287847277e+00 0.000000000000000000e+00
8.909887203686538415e-01 5.053048637286849498e+00 0.000000000000000000e+00
7.766970594852635745e-01 4.903872774959064706e+00 0.000000000000000000e+00
6.822264521935784698e-01 4.854294035360503301e+00 0.000000000000000000e+00
5.894819207709108833e-01 4.800945639328731751e+00 0.000000000000000000e+00
4.126823759631522703e-01 4.716982035258437733e+00 0.000000000000000000e+00
3.304363382434883367e-01 4.725460900054820002e+00 0.000000000000000000e+00
2.423154085958995063e-01 4.623654864117770380e+00 0.000000000000000000e+00
1.629456804410908399e-01 4.666155922648716370e+00 0.000000000000000000e+00
8.033335648520027739e-02 4.602299106089725811e+00 0.000000000000000000e+00
-7.184014892988429140e-08 4.554999828338622159e+00 0.000000000000000000e+00
-2.378669948603734374e-01 4.538771307993835435e+00 0.000000000000000000e+00
-3.118812756126146390e-01 4.460109058037085461e+00 0.000000000000000000e+00
-3.848798167409510640e-01 4.399195670757857890e+00 0.000000000000000000e+00
-4.614932270280869275e-01 4.390814123208750530e+00 0.000000000000000000e+00
-5.354939660876184560e-01 4.361247835380785531e+00 0.000000000000000000e+00
-6.054030391838164382e-01 4.307665995693067629e+00 0.000000000000000000e+00
-6.781434742356537981e-01 4.281628984286920847e+00 0.000000000000000000e+00
-7.499865002687421400e-01 4.253384445283784565e+00 0.000000000000000000e+00
-2.810616803065819624e-01 1.445936885883515766e+00 0.000000000000000000e+00
-2.879577089683637015e-01 1.354734413613573496e+00 0.000000000000000000e+00
-3.016593733906611230e-01 1.306630214551010916e+00 0.000000000000000000e+00
-3.282880289879971381e-01 1.316691289522822217e+00 0.000000000000000000e+00
-3.563938367220291781e-01 1.330079833030047176e+00 0.000000000000000000e+00
-4.198457834170334912e-01 1.373253613874166668e+00 0.000000000000000000e+00
-4.558000927814131464e-01 1.402808378130789846e+00 0.000000000000000000e+00
-4.720738575884064203e-01 1.371001973472095292e+00 0.000000000000000000e+00
-5.164504317022587943e-01 1.418935841676284504e+00 0.000000000000000000e+00
-7.780168460415860521e-01 2.026803099425032784e+00 0.000000000000000000e+00
-1.719275934852613874e+00 3.861556843981798437e+00 0.000000000000000000e+00
-1.788520478013719162e+00 3.835494418485688062e+00 0.000000000000000000e+00
-1.857378590603734114e+00 3.808190341118685485e+00 0.000000000000000000e+00
-1.993376212771111655e+00 3.748995290345439102e+00 0.000000000000000000e+00
-2.063349808225492410e+00 3.722381485833169634e+00 0.000000000000000000e+00
-2.141000075870591601e+00 3.708320810083219676e+00 0.000000000000000000e+00
-2.205908113425306460e+00 3.671247516821905421e+00 0.000000000000000000e+00
-2.271233888836815762e+00 3.634733923263672839e+00 0.000000000000000000e+00
-2.347938850202115901e+00 3.615508683081912533e+00 0.000000000000000000e+00
-2.405647936184565960e+00 3.566519648199180104e+00 0.000000000000000000e+00
-2.256113655171065435e+00 2.786068277782231650e+00 0.000000000000000000e+00
-2.291537893615922972e+00 2.730948459803695272e+00 0.000000000000000000e+00
-2.657695235295182812e+00 3.057328571546783280e+00 0.000000000000000000e+00
-1.860834620276855533e+00 1.675502986590904575e+00 0.000000000000000000e+00
-1.895830543931682044e+00 1.648020318541785656e+00 0.000000000000000000e+00
-1.689894122971357548e+00 1.417989509362574951e+00 0.000000000000000000e+00
-1.773812161368515383e+00 1.385853920829892560e+00 0.000000000000000000e+00
-4.117087691795838111e+00 2.991239246331962143e+00 0.000000000000000000e+00
-4.221090408864453636e+00 2.955639271314396410e+00 0.000000000000000000e+00
-4.368199038229850117e+00 2.946387402429918811e+00 0.000000000000000000e+00
-3.856075566197099125e+00 1.716835423144904782e+00 0.000000000000000000e+00
-3.863358905529218124e+00 1.639898530767089913e+00 0.000000000000000000e+00
-6.445600060601924142e+00 2.219398040583997034e+00 0.000000000000000000e+00
-2.377373685982206108e+00 7.268360617540802204e-01 0.000000000000000000e+00
-3.509593653167254246e+00 7.459871406058428134e-01 0.000000000000000000e+00
